atm_name,transaction_date,No_Of_Withdrawals,no_of_cub_card_withdrawals,no_of_other_card_withdrawals,total_amount_withdrawn,amount_withdrawn_cub_card,amount_withdrawn_other_card,weekday,working_day
Big Street ATM,01/01/2011,50,20,30,123800,41700,82100,saturday,H
Mount Road ATM,01/01/2011,253,67,186,767900,270900,497000,saturday,H
Airport ATM,01/01/2011,98,56,42,503400,347700,155700,saturday,H
KK Nagar ATM,01/01/2011,265,159,106,945300,532600,412700,saturday,H
Christ College ATM,01/01/2011,74,25,49,287700,148200,139500,saturday,H
Big Street ATM,02/01/2011,17,5,12,52800,20900,31900,sunday,H
Mount Road ATM,02/01/2011,194,50,144,529300,171700,357600,sunday,H
Airport ATM,02/01/2011,67,53,14,268600,213300,55300,sunday,H
KK Nagar ATM,02/01/2011,260,155,105,809400,456200,353200,sunday,H
Christ College ATM,02/01/2011,80,24,56,300000,95600,204400,sunday,H
Big Street ATM,03/01/2011,24,21,3,88100,77100,11000,monday,W
Mount Road ATM,03/01/2011,246,115,131,897100,462600,434500,monday,W
Airport ATM,03/01/2011,109,90,19,603900,501800,102100,monday,W
KK Nagar ATM,03/01/2011,309,232,77,1333100,1010600,322500,monday,W
Christ College ATM,03/01/2011,108,46,62,522800,210900,311900,monday,W
Big Street ATM,04/01/2011,34,12,22,101600,51200,50400,tuesday,W
Mount Road ATM,04/01/2011,246,96,150,826000,374200,451800,tuesday,W
Airport ATM,04/01/2011,113,80,33,541600,418400,123200,tuesday,W
KK Nagar ATM,04/01/2011,225,175,50,999400,798800,200600,tuesday,W
Christ College ATM,04/01/2011,143,41,102,737400,238000,499400,tuesday,W
Big Street ATM,05/01/2011,30,14,16,98000,52700,45300,wednesday,W
Mount Road ATM,05/01/2011,211,107,104,754400,437800,316600,wednesday,W
Airport ATM,05/01/2011,100,70,30,530000,424400,105600,wednesday,W
KK Nagar ATM,05/01/2011,255,209,46,959200,806500,152700,wednesday,W
Christ College ATM,05/01/2011,95,41,54,387300,213600,173700,wednesday,W
Big Street ATM,06/01/2011,29,16,13,85900,54400,31500,thursday,W
Mount Road ATM,06/01/2011,213,89,124,834200,355700,478500,thursday,W
Airport ATM,06/01/2011,96,73,23,434500,359200,75300,thursday,W
KK Nagar ATM,06/01/2011,211,176,35,820700,702900,117800,thursday,W
Christ College ATM,06/01/2011,116,50,66,430500,168700,261800,thursday,W
Big Street ATM,07/01/2011,23,13,10,76500,50600,25900,friday,W
Mount Road ATM,07/01/2011,172,99,73,575300,427300,148000,friday,W
Airport ATM,07/01/2011,85,64,21,334800,248400,86400,friday,W
KK Nagar ATM,07/01/2011,205,175,30,833500,706900,126600,friday,W
Christ College ATM,07/01/2011,85,46,39,345800,212300,133500,friday,W
Big Street ATM,08/01/2011,37,17,20,128600,54200,74400,saturday,H
Mount Road ATM,08/01/2011,212,99,113,792700,531500,261200,saturday,H
Airport ATM,08/01/2011,126,84,42,518900,395700,123200,saturday,H
KK Nagar ATM,08/01/2011,217,169,48,782100,606300,175800,saturday,H
Christ College ATM,08/01/2011,86,45,41,366500,195500,171000,saturday,H
Big Street ATM,09/01/2011,36,17,19,89000,37600,51400,sunday,H
Mount Road ATM,09/01/2011,311,50,261,751800,217400,534400,sunday,H
Airport ATM,09/01/2011,106,62,44,337100,243300,93800,sunday,H
KK Nagar ATM,09/01/2011,149,114,35,438000,332000,106000,sunday,H
Christ College ATM,09/01/2011,100,40,60,363800,212200,151600,sunday,H
Big Street ATM,10/01/2011,29,14,15,89800,60500,29300,monday,W
Mount Road ATM,10/01/2011,219,108,111,702200,487500,214700,monday,W
Airport ATM,10/01/2011,99,73,26,424200,310800,113400,monday,W
KK Nagar ATM,10/01/2011,224,192,32,949700,826100,123600,monday,W
Christ College ATM,10/01/2011,116,53,63,545400,315800,229600,monday,W
Big Street ATM,11/01/2011,42,20,22,111900,74400,37500,tuesday,W
Mount Road ATM,11/01/2011,232,94,138,506000,261800,244200,tuesday,W
Airport ATM,11/01/2011,101,70,31,390700,273100,117600,tuesday,W
KK Nagar ATM,11/01/2011,228,180,48,837900,705600,132300,tuesday,W
Christ College ATM,11/01/2011,92,36,56,343700,165600,178100,tuesday,W
Big Street ATM,12/01/2011,19,9,10,42700,13600,29100,wednesday,W
Mount Road ATM,12/01/2011,235,92,143,647600,363000,284600,wednesday,W
Airport ATM,12/01/2011,116,88,28,497200,427600,69600,wednesday,W
KK Nagar ATM,12/01/2011,198,176,22,769600,702300,67300,wednesday,W
Christ College ATM,12/01/2011,74,37,37,301300,177100,124200,wednesday,W
Big Street ATM,13/01/2011,22,12,10,81200,53600,27600,thursday,W
Mount Road ATM,13/01/2011,184,93,91,506300,323100,183200,thursday,W
Airport ATM,13/01/2011,103,81,22,411700,356500,55200,thursday,W
KK Nagar ATM,13/01/2011,223,179,44,771400,649500,121900,thursday,W
Christ College ATM,13/01/2011,143,52,91,510300,232700,277600,thursday,W
Big Street ATM,14/01/2011,25,16,9,91100,67800,23300,friday,W
Mount Road ATM,14/01/2011,179,71,108,451400,250300,201100,friday,W
Airport ATM,14/01/2011,109,89,20,458500,424200,34300,friday,W
KK Nagar ATM,14/01/2011,238,176,62,876400,684200,192200,friday,W
Christ College ATM,14/01/2011,91,52,39,373000,241300,131700,friday,W
Big Street ATM,15/01/2011,24,16,8,115900,98700,17200,saturday,H
Mount Road ATM,15/01/2011,97,24,73,200500,119500,81000,saturday,H
Airport ATM,15/01/2011,52,35,17,163300,139800,23500,saturday,H
KK Nagar ATM,15/01/2011,119,96,23,321400,283100,38300,saturday,H
Christ College ATM,15/01/2011,53,30,23,206800,133800,73000,saturday,H
Big Street ATM,16/01/2011,17,9,8,55100,29500,25600,sunday,H
Mount Road ATM,16/01/2011,77,21,56,205300,64400,140900,sunday,H
Airport ATM,16/01/2011,42,33,9,154100,132800,21300,sunday,H
KK Nagar ATM,16/01/2011,99,78,21,274100,240100,34000,sunday,H
Christ College ATM,16/01/2011,36,15,21,95200,46100,49100,sunday,H
Big Street ATM,17/01/2011,37,28,9,129800,113600,16200,monday,H
Mount Road ATM,17/01/2011,72,34,38,221900,127100,94800,monday,H
Airport ATM,17/01/2011,40,24,16,100000,79600,20400,monday,H
KK Nagar ATM,17/01/2011,188,145,43,524800,438800,86000,monday,H
Christ College ATM,17/01/2011,46,25,21,126800,69300,57500,monday,H
Big Street ATM,18/01/2011,29,13,16,163600,73400,90200,tuesday,W
Mount Road ATM,18/01/2011,123,82,41,405200,360600,44600,tuesday,W
Airport ATM,18/01/2011,86,65,21,343100,273100,70000,tuesday,W
KK Nagar ATM,18/01/2011,225,159,66,831200,663600,167600,tuesday,W
Christ College ATM,18/01/2011,82,45,37,380000,216900,163100,tuesday,W
Big Street ATM,19/01/2011,33,16,17,79500,40200,39300,wednesday,W
Mount Road ATM,19/01/2011,152,69,83,537700,301300,236400,wednesday,W
Airport ATM,19/01/2011,106,86,20,428900,383600,45300,wednesday,W
KK Nagar ATM,19/01/2011,183,151,32,649200,583800,65400,wednesday,W
Christ College ATM,19/01/2011,124,39,85,446800,121100,325700,wednesday,W
Big Street ATM,20/01/2011,25,10,15,81700,38700,43000,thursday,W
Mount Road ATM,20/01/2011,163,88,75,565500,404300,161200,thursday,W
Airport ATM,20/01/2011,89,69,20,298000,250200,47800,thursday,W
KK Nagar ATM,20/01/2011,120,97,23,445900,366900,79000,thursday,W
Christ College ATM,20/01/2011,140,45,95,571300,244000,327300,thursday,W
Big Street ATM,21/01/2011,21,17,4,86600,82700,3900,friday,W
Mount Road ATM,21/01/2011,139,66,73,450400,245500,204900,friday,W
Airport ATM,21/01/2011,67,56,11,350000,312600,37400,friday,W
KK Nagar ATM,21/01/2011,193,146,47,581500,435000,146500,friday,W
Christ College ATM,21/01/2011,90,44,46,386800,235800,151000,friday,W
Big Street ATM,22/01/2011,25,12,13,85400,50500,34900,saturday,H
Mount Road ATM,22/01/2011,151,79,72,455600,308200,147400,saturday,H
Airport ATM,22/01/2011,93,70,23,363600,316300,47300,saturday,H
KK Nagar ATM,22/01/2011,196,168,28,683300,638800,44500,saturday,H
Christ College ATM,22/01/2011,95,35,60,465300,240700,224600,saturday,H
Big Street ATM,23/01/2011,18,8,10,36800,7100,29700,sunday,H
Mount Road ATM,23/01/2011,134,71,63,352100,225200,126900,sunday,H
Airport ATM,23/01/2011,87,71,16,288500,257700,30800,sunday,H
KK Nagar ATM,23/01/2011,110,96,14,290000,253900,36100,sunday,H
Christ College ATM,23/01/2011,45,29,16,212500,174200,38300,sunday,H
Big Street ATM,24/01/2011,26,21,5,103900,89300,14600,monday,W
Mount Road ATM,24/01/2011,153,71,82,498900,279000,219900,monday,W
Airport ATM,24/01/2011,85,60,25,247800,202100,45700,monday,W
KK Nagar ATM,24/01/2011,207,155,52,800500,618400,182100,monday,W
Christ College ATM,24/01/2011,100,43,57,410800,208500,202300,monday,W
Big Street ATM,25/01/2011,39,21,18,139900,61600,78300,tuesday,W
Mount Road ATM,25/01/2011,140,81,59,439300,281800,157500,tuesday,W
Airport ATM,25/01/2011,83,65,18,363100,327500,35600,tuesday,W
KK Nagar ATM,25/01/2011,178,154,24,617000,553900,63100,tuesday,W
Christ College ATM,25/01/2011,89,47,42,325900,194000,131900,tuesday,W
Big Street ATM,26/01/2011,18,9,9,40500,22700,17800,wednesday,H
Mount Road ATM,26/01/2011,134,46,88,255400,96100,159300,wednesday,H
Airport ATM,26/01/2011,91,56,35,248200,199300,48900,wednesday,H
KK Nagar ATM,26/01/2011,157,142,15,485900,452800,33100,wednesday,H
Christ College ATM,26/01/2011,69,26,43,258400,101200,157200,wednesday,H
Big Street ATM,27/01/2011,26,17,9,83300,70200,13100,thursday,W
Mount Road ATM,27/01/2011,147,67,80,461500,257900,203600,thursday,W
Airport ATM,27/01/2011,93,68,25,402100,290500,111600,thursday,W
KK Nagar ATM,27/01/2011,181,144,37,722900,580400,142500,thursday,W
Christ College ATM,27/01/2011,96,41,55,336300,227800,108500,thursday,W
Big Street ATM,28/01/2011,22,15,7,71300,49000,22300,friday,W
Mount Road ATM,28/01/2011,126,69,57,336300,224000,112300,friday,W
Airport ATM,28/01/2011,77,55,22,191800,156900,34900,friday,W
KK Nagar ATM,28/01/2011,193,166,27,874200,789700,84500,friday,W
Christ College ATM,28/01/2011,77,36,41,254500,169400,85100,friday,W
Big Street ATM,29/01/2011,53,15,38,163500,47000,116500,saturday,H
Mount Road ATM,29/01/2011,124,59,65,428000,260700,167300,saturday,H
Airport ATM,29/01/2011,82,60,22,384600,348400,36200,saturday,H
KK Nagar ATM,29/01/2011,269,221,48,1082200,913100,169100,saturday,H
Christ College ATM,29/01/2011,87,50,37,463400,319200,144200,saturday,H
Big Street ATM,30/01/2011,18,10,8,41100,25800,15300,sunday,H
Mount Road ATM,30/01/2011,137,53,84,296400,169900,126500,sunday,H
Airport ATM,30/01/2011,58,42,16,194400,173700,20700,sunday,H
KK Nagar ATM,30/01/2011,143,121,22,517100,467000,50100,sunday,H
Christ College ATM,30/01/2011,75,27,48,277200,127500,149700,sunday,H
Big Street ATM,31/01/2011,23,13,10,70800,25100,45700,monday,W
Mount Road ATM,31/01/2011,142,82,60,515100,262800,252300,monday,W
Airport ATM,31/01/2011,96,74,22,526000,436700,89300,monday,W
KK Nagar ATM,31/01/2011,302,244,58,1310300,1039700,270600,monday,W
Christ College ATM,31/01/2011,91,39,52,369100,179000,190100,monday,W
Big Street ATM,01/02/2011,36,17,19,161700,121300,40400,tuesday,W
Mount Road ATM,01/02/2011,164,106,58,631800,476600,155200,tuesday,W
Airport ATM,01/02/2011,105,78,27,578100,438700,139400,tuesday,W
KK Nagar ATM,01/02/2011,221,183,38,958300,770900,187400,tuesday,W
Christ College ATM,01/02/2011,97,31,66,432000,158400,273600,tuesday,W
Big Street ATM,02/02/2011,19,13,6,79200,70500,8700,wednesday,W
Mount Road ATM,02/02/2011,164,93,71,714900,495000,219900,wednesday,W
Airport ATM,02/02/2011,104,72,32,472000,345000,127000,wednesday,W
KK Nagar ATM,02/02/2011,271,196,75,1159900,833900,326000,wednesday,W
Christ College ATM,02/02/2011,133,55,78,714600,329400,385200,wednesday,W
Big Street ATM,03/02/2011,40,26,14,167800,121900,45900,thursday,W
Mount Road ATM,03/02/2011,170,82,88,593000,426100,166900,thursday,W
Airport ATM,03/02/2011,114,95,19,467800,403800,64000,thursday,W
KK Nagar ATM,03/02/2011,198,164,34,823400,731700,91700,thursday,W
Christ College ATM,03/02/2011,80,36,44,359800,172400,187400,thursday,W
Big Street ATM,04/02/2011,28,18,10,112700,82700,30000,friday,W
Mount Road ATM,04/02/2011,185,91,94,615700,345300,270400,friday,W
Airport ATM,04/02/2011,114,93,21,534800,448400,86400,friday,W
KK Nagar ATM,04/02/2011,221,181,40,919100,793800,125300,friday,W
Christ College ATM,04/02/2011,78,38,40,382500,220300,162200,friday,W
Big Street ATM,05/02/2011,23,13,10,144000,91700,52300,saturday,H
Mount Road ATM,05/02/2011,249,112,137,1007100,637200,369900,saturday,H
Airport ATM,05/02/2011,110,75,35,520200,367500,152700,saturday,H
KK Nagar ATM,05/02/2011,203,165,38,767500,678800,88700,saturday,H
Christ College ATM,05/02/2011,100,46,54,429800,230700,199100,saturday,H
Big Street ATM,06/02/2011,32,14,18,110400,59000,51400,sunday,H
Mount Road ATM,06/02/2011,175,63,112,499900,240100,259800,sunday,H
Airport ATM,06/02/2011,128,64,64,478900,282700,196200,sunday,H
KK Nagar ATM,06/02/2011,159,106,53,387400,260200,127200,sunday,H
Christ College ATM,06/02/2011,92,28,64,292300,78800,213500,sunday,H
Big Street ATM,07/02/2011,28,13,15,80300,38600,41700,monday,W
Mount Road ATM,07/02/2011,176,95,81,622800,389000,233800,monday,W
Airport ATM,07/02/2011,110,63,47,440400,308200,132200,monday,W
KK Nagar ATM,07/02/2011,223,162,61,849600,628700,220900,monday,W
Christ College ATM,07/02/2011,110,48,62,430000,190600,239400,monday,W
Big Street ATM,08/02/2011,42,20,22,175300,89800,85500,tuesday,W
Mount Road ATM,08/02/2011,198,94,104,620200,354900,265300,tuesday,W
Airport ATM,08/02/2011,121,92,29,609200,528400,80800,tuesday,W
KK Nagar ATM,08/02/2011,209,175,34,798000,683800,114200,tuesday,W
Christ College ATM,08/02/2011,93,45,48,343000,175500,167500,tuesday,W
Big Street ATM,09/02/2011,32,14,18,94600,42900,51700,wednesday,W
Mount Road ATM,09/02/2011,176,102,74,649100,433000,216100,wednesday,W
Airport ATM,09/02/2011,108,71,37,507800,383100,124700,wednesday,W
KK Nagar ATM,09/02/2011,225,162,63,1003900,763600,240300,wednesday,W
Christ College ATM,09/02/2011,81,33,48,381600,153900,227700,wednesday,W
Big Street ATM,10/02/2011,31,15,16,78100,39800,38300,thursday,W
Mount Road ATM,10/02/2011,175,98,77,508500,320800,187700,thursday,W
Airport ATM,10/02/2011,107,85,22,456800,394800,62000,thursday,W
KK Nagar ATM,10/02/2011,198,156,42,767000,616900,150100,thursday,W
Christ College ATM,10/02/2011,91,44,47,348300,236900,111400,thursday,W
Big Street ATM,11/02/2011,31,16,15,107400,81000,26400,friday,W
Mount Road ATM,11/02/2011,168,79,89,462500,323900,138600,friday,W
Airport ATM,11/02/2011,80,59,21,406100,345900,60200,friday,W
KK Nagar ATM,11/02/2011,177,158,19,615500,582700,32800,friday,W
Christ College ATM,11/02/2011,78,30,48,413300,153600,259700,friday,W
Big Street ATM,12/02/2011,45,17,28,143200,66800,76400,saturday,H
Mount Road ATM,12/02/2011,172,81,91,357100,142900,214200,saturday,H
Airport ATM,12/02/2011,116,86,30,429200,356700,72500,saturday,H
KK Nagar ATM,12/02/2011,227,197,30,802500,685800,116700,saturday,H
Christ College ATM,12/02/2011,99,49,50,452900,259800,193100,saturday,H
Big Street ATM,13/02/2011,28,16,12,74900,54300,20600,sunday,H
Mount Road ATM,13/02/2011,145,50,95,359400,227100,132300,sunday,H
Airport ATM,13/02/2011,91,63,28,288100,255000,33100,sunday,H
KK Nagar ATM,13/02/2011,137,108,29,370700,273200,97500,sunday,H
Christ College ATM,13/02/2011,40,19,21,119000,56500,62500,sunday,H
Big Street ATM,14/02/2011,33,17,16,117000,84000,33000,monday,W
Mount Road ATM,14/02/2011,153,78,75,413100,270100,143000,monday,W
Airport ATM,14/02/2011,86,69,17,365800,306700,59100,monday,W
KK Nagar ATM,14/02/2011,207,162,45,791300,614400,176900,monday,W
Christ College ATM,14/02/2011,38,17,21,173100,93500,79600,monday,W
Big Street ATM,15/02/2011,34,17,17,123700,77300,46400,tuesday,W
Mount Road ATM,15/02/2011,154,97,57,499900,393200,106700,tuesday,W
Airport ATM,15/02/2011,98,78,20,362000,323000,39000,tuesday,W
KK Nagar ATM,15/02/2011,208,167,41,890100,701100,189000,tuesday,W
Christ College ATM,15/02/2011,93,59,34,357700,247900,109800,tuesday,W
Big Street ATM,16/02/2011,14,6,8,23700,5600,18100,wednesday,H
Mount Road ATM,16/02/2011,131,58,73,317300,188700,128600,wednesday,H
Airport ATM,16/02/2011,65,51,14,277900,248200,29700,wednesday,H
KK Nagar ATM,16/02/2011,162,125,37,482200,399700,82500,wednesday,H
Christ College ATM,16/02/2011,55,22,33,147100,64000,83100,wednesday,H
Big Street ATM,17/02/2011,26,15,11,99700,66500,33200,thursday,W
Mount Road ATM,17/02/2011,160,83,77,549900,312600,237300,thursday,W
Airport ATM,17/02/2011,77,62,15,292300,272200,20100,thursday,W
KK Nagar ATM,17/02/2011,230,203,27,998300,878600,119700,thursday,W
Christ College ATM,17/02/2011,77,26,51,292600,113700,178900,thursday,W
Big Street ATM,18/02/2011,35,24,11,141800,126700,15100,friday,W
Mount Road ATM,18/02/2011,167,74,93,484200,263900,220300,friday,W
Airport ATM,18/02/2011,64,52,12,242200,232300,9900,friday,W
KK Nagar ATM,18/02/2011,159,139,20,543000,495600,47400,friday,W
Christ College ATM,18/02/2011,66,24,42,200600,59800,140800,friday,W
Big Street ATM,19/02/2011,15,8,7,54300,43400,10900,saturday,H
Mount Road ATM,19/02/2011,185,78,107,441400,253600,187800,saturday,H
Airport ATM,19/02/2011,113,81,32,454200,357700,96500,saturday,H
KK Nagar ATM,19/02/2011,198,164,34,858300,756800,101500,saturday,H
Christ College ATM,19/02/2011,74,41,33,399800,225900,173900,saturday,H
Big Street ATM,20/02/2011,20,6,14,56000,13100,42900,sunday,H
Mount Road ATM,20/02/2011,165,40,125,407300,120000,287300,sunday,H
Airport ATM,20/02/2011,101,82,19,347800,313900,33900,sunday,H
KK Nagar ATM,20/02/2011,132,108,24,302100,222100,80000,sunday,H
Christ College ATM,20/02/2011,62,16,46,169400,61600,107800,sunday,H
Big Street ATM,21/02/2011,23,12,11,64200,48200,16000,monday,W
Mount Road ATM,21/02/2011,158,52,106,456400,151700,304700,monday,W
Airport ATM,21/02/2011,72,54,18,285600,222600,63000,monday,W
KK Nagar ATM,21/02/2011,176,147,29,659200,578000,81200,monday,W
Christ College ATM,21/02/2011,61,32,29,143200,103000,40200,monday,W
Big Street ATM,22/02/2011,35,17,18,142500,93800,48700,tuesday,W
Mount Road ATM,22/02/2011,145,79,66,479200,352400,126800,tuesday,W
Airport ATM,22/02/2011,81,67,14,350400,316700,33700,tuesday,W
KK Nagar ATM,22/02/2011,170,139,31,624300,537400,86900,tuesday,W
Christ College ATM,22/02/2011,100,47,53,370800,200200,170600,tuesday,W
Big Street ATM,23/02/2011,31,19,12,91900,57100,34800,wednesday,W
Mount Road ATM,23/02/2011,142,72,70,379700,237500,142200,wednesday,W
Airport ATM,23/02/2011,84,66,18,434100,352600,81500,wednesday,W
KK Nagar ATM,23/02/2011,179,151,28,704500,653000,51500,wednesday,W
Christ College ATM,23/02/2011,63,31,32,265700,165300,100400,wednesday,W
Big Street ATM,24/02/2011,30,12,18,74700,33600,41100,thursday,W
Mount Road ATM,24/02/2011,127,65,62,391600,243200,148400,thursday,W
Airport ATM,24/02/2011,67,47,20,205700,162200,43500,thursday,W
KK Nagar ATM,24/02/2011,173,156,17,647400,602600,44800,thursday,W
Christ College ATM,24/02/2011,76,33,43,255600,113400,142200,thursday,W
Big Street ATM,25/02/2011,22,15,7,33700,25900,7800,friday,W
Mount Road ATM,25/02/2011,132,63,69,339300,192500,146800,friday,W
Airport ATM,25/02/2011,85,65,20,291300,228700,62600,friday,W
KK Nagar ATM,25/02/2011,178,149,29,552700,462900,89800,friday,W
Christ College ATM,25/02/2011,70,31,39,200500,100400,100100,friday,W
Big Street ATM,26/02/2011,23,7,16,119600,52100,67500,saturday,H
Mount Road ATM,26/02/2011,169,102,67,470600,341500,129100,saturday,H
Airport ATM,26/02/2011,132,90,42,608300,454600,153700,saturday,H
KK Nagar ATM,26/02/2011,206,174,32,780100,688500,91600,saturday,H
Christ College ATM,26/02/2011,91,37,54,375800,197300,178500,saturday,H
Big Street ATM,27/02/2011,15,9,6,18000,11300,6700,sunday,H
Mount Road ATM,27/02/2011,7,2,5,8100,1500,6600,sunday,H
Airport ATM,27/02/2011,91,55,36,300000,172200,127800,sunday,H
KK Nagar ATM,27/02/2011,76,66,10,191700,167700,24000,sunday,H
Christ College ATM,27/02/2011,67,26,41,283700,130200,153500,sunday,H
Big Street ATM,28/02/2011,39,22,17,149000,69800,79200,monday,W
Mount Road ATM,28/02/2011,157,96,61,572800,385100,187700,monday,W
Airport ATM,28/02/2011,105,92,13,354200,326800,27400,monday,W
KK Nagar ATM,28/02/2011,229,197,32,960900,813000,147900,monday,W
Christ College ATM,28/02/2011,112,54,58,398900,185100,213800,monday,W
Big Street ATM,01/03/2011,29,14,15,105800,65400,40400,tuesday,W
Mount Road ATM,01/03/2011,197,107,90,730000,505100,224900,tuesday,W
Airport ATM,01/03/2011,119,101,18,519100,465200,53900,tuesday,W
KK Nagar ATM,01/03/2011,223,186,37,1041900,888500,153400,tuesday,W
Christ College ATM,01/03/2011,92,39,53,479800,228700,251100,tuesday,W
Big Street ATM,02/03/2011,37,15,22,143300,66700,76600,wednesday,W
Mount Road ATM,02/03/2011,153,118,35,610800,506500,104300,wednesday,W
Airport ATM,02/03/2011,116,94,22,616800,548900,67900,wednesday,W
KK Nagar ATM,02/03/2011,243,197,46,1043200,858500,184700,wednesday,W
Christ College ATM,02/03/2011,118,41,77,638200,272200,366000,wednesday,W
Big Street ATM,03/03/2011,29,9,20,109100,41400,67700,thursday,W
Mount Road ATM,03/03/2011,212,116,96,766800,474100,292700,thursday,W
Airport ATM,03/03/2011,66,52,14,342800,293700,49100,thursday,W
KK Nagar ATM,03/03/2011,242,193,49,1043500,843600,199900,thursday,W
Christ College ATM,03/03/2011,94,49,45,405100,210300,194800,thursday,W
Big Street ATM,04/03/2011,41,25,16,167100,96900,70200,friday,W
Mount Road ATM,04/03/2011,203,101,102,738900,492200,246700,friday,W
Airport ATM,04/03/2011,108,80,28,433000,341100,91900,friday,W
KK Nagar ATM,04/03/2011,203,174,29,718600,619200,99400,friday,W
Christ College ATM,04/03/2011,88,49,39,423900,257600,166300,friday,W
Big Street ATM,05/03/2011,39,24,15,116000,90100,25900,saturday,H
Mount Road ATM,05/03/2011,254,122,132,1005600,684700,320900,saturday,H
Airport ATM,05/03/2011,118,96,22,585800,490600,95200,saturday,H
KK Nagar ATM,05/03/2011,254,209,45,751600,635300,116300,saturday,H
Christ College ATM,05/03/2011,117,57,60,582300,328100,254200,saturday,H
Big Street ATM,06/03/2011,42,16,26,110200,57600,52600,sunday,H
Mount Road ATM,06/03/2011,213,62,151,668600,368800,299800,sunday,H
Airport ATM,06/03/2011,107,77,30,428600,355600,73000,sunday,H
KK Nagar ATM,06/03/2011,172,119,53,637800,483200,154600,sunday,H
Christ College ATM,06/03/2011,76,21,55,333400,114700,218700,sunday,H
Big Street ATM,07/03/2011,28,18,10,111300,73900,37400,monday,W
Mount Road ATM,07/03/2011,194,111,83,644900,481600,163300,monday,W
Airport ATM,07/03/2011,104,84,20,409800,310100,99700,monday,W
KK Nagar ATM,07/03/2011,229,177,52,667100,505500,161600,monday,W
Christ College ATM,07/03/2011,74,34,40,231800,134400,97400,monday,W
Big Street ATM,08/03/2011,45,27,18,134400,81600,52800,tuesday,W
Mount Road ATM,08/03/2011,218,133,85,950400,793300,157100,tuesday,W
Airport ATM,08/03/2011,160,107,53,670700,470100,200600,tuesday,W
KK Nagar ATM,08/03/2011,220,169,51,813100,617500,195600,tuesday,W
Christ College ATM,08/03/2011,91,38,53,323000,144700,178300,tuesday,W
Big Street ATM,09/03/2011,32,22,10,173100,142600,30500,wednesday,W
Mount Road ATM,09/03/2011,197,106,91,620900,419200,201700,wednesday,W
Airport ATM,09/03/2011,127,97,30,641900,558100,83800,wednesday,W
KK Nagar ATM,09/03/2011,286,231,55,1375800,1146800,229000,wednesday,W
Christ College ATM,09/03/2011,109,65,44,450700,288000,162700,wednesday,W
Big Street ATM,10/03/2011,25,17,8,127600,101000,26600,thursday,W
Mount Road ATM,10/03/2011,132,76,56,529900,349300,180600,thursday,W
Airport ATM,10/03/2011,113,89,24,372600,299600,73000,thursday,W
KK Nagar ATM,10/03/2011,205,153,52,759900,535200,224700,thursday,W
Christ College ATM,10/03/2011,93,40,53,385100,145000,240100,thursday,W
Big Street ATM,11/03/2011,27,13,14,110200,50100,60100,friday,W
Mount Road ATM,11/03/2011,146,72,74,441100,263300,177800,friday,W
Airport ATM,11/03/2011,75,56,19,299400,238300,61100,friday,W
KK Nagar ATM,11/03/2011,180,152,28,514400,427900,86500,friday,W
Christ College ATM,11/03/2011,77,37,40,312900,168100,144800,friday,W
Big Street ATM,12/03/2011,30,11,19,82400,59100,23300,saturday,H
Mount Road ATM,12/03/2011,156,88,68,502900,314200,188700,saturday,H
Airport ATM,12/03/2011,132,101,31,634000,524400,109600,saturday,H
KK Nagar ATM,12/03/2011,196,169,27,583700,499400,84300,saturday,H
Christ College ATM,12/03/2011,67,36,31,262300,98100,164200,saturday,H
Big Street ATM,13/03/2011,41,22,19,134700,76100,58600,sunday,H
Mount Road ATM,13/03/2011,157,41,116,301800,119500,182300,sunday,H
Airport ATM,13/03/2011,93,67,26,355700,304800,50900,sunday,H
KK Nagar ATM,13/03/2011,113,90,23,282000,237300,44700,sunday,H
Christ College ATM,13/03/2011,52,19,33,153200,54800,98400,sunday,H
Big Street ATM,14/03/2011,25,16,9,76100,50200,25900,monday,W
Mount Road ATM,14/03/2011,160,91,69,566800,343100,223700,monday,W
Airport ATM,14/03/2011,100,72,28,474700,355500,119200,monday,W
KK Nagar ATM,14/03/2011,212,177,35,804300,708500,95800,monday,W
Christ College ATM,14/03/2011,77,38,39,283200,154000,129200,monday,W
Big Street ATM,15/03/2011,33,11,22,111200,42300,68900,tuesday,W
Mount Road ATM,15/03/2011,145,75,70,513000,350200,162800,tuesday,W
Airport ATM,15/03/2011,94,73,21,514500,461300,53200,tuesday,W
KK Nagar ATM,15/03/2011,185,165,20,758300,692700,65600,tuesday,W
Christ College ATM,15/03/2011,61,31,30,183900,89700,94200,tuesday,W
Big Street ATM,16/03/2011,38,17,21,131200,67800,63400,wednesday,W
Mount Road ATM,16/03/2011,152,86,66,525600,336500,189100,wednesday,W
Airport ATM,16/03/2011,95,68,27,437300,303700,133600,wednesday,W
KK Nagar ATM,16/03/2011,203,162,41,835800,699300,136500,wednesday,W
Christ College ATM,16/03/2011,61,32,29,220200,138700,81500,wednesday,W
Big Street ATM,17/03/2011,23,15,8,76300,63300,13000,thursday,W
Mount Road ATM,17/03/2011,124,82,42,395500,292700,102800,thursday,W
Airport ATM,17/03/2011,92,71,21,380600,308100,72500,thursday,W
KK Nagar ATM,17/03/2011,171,140,31,579700,470100,109600,thursday,W
Christ College ATM,17/03/2011,55,29,26,238800,144700,94100,thursday,W
Big Street ATM,18/03/2011,27,17,10,97400,66800,30600,friday,W
Mount Road ATM,18/03/2011,183,77,106,533600,279200,254400,friday,W
Airport ATM,18/03/2011,83,59,24,362900,286300,76600,friday,W
KK Nagar ATM,18/03/2011,170,140,30,670000,543100,126900,friday,W
Christ College ATM,18/03/2011,74,48,26,290000,192200,97800,friday,W
Big Street ATM,19/03/2011,32,14,18,94300,43000,51300,saturday,H
Mount Road ATM,19/03/2011,214,90,124,544000,337100,206900,saturday,H
Airport ATM,19/03/2011,96,73,23,355400,316800,38600,saturday,H
KK Nagar ATM,19/03/2011,187,155,32,567600,478400,89200,saturday,H
Christ College ATM,19/03/2011,92,50,42,345600,234000,111600,saturday,H
Big Street ATM,20/03/2011,6,3,3,9200,3300,5900,sunday,H
Mount Road ATM,20/03/2011,142,40,102,395200,220300,174900,sunday,H
Airport ATM,20/03/2011,92,65,27,300300,239700,60600,sunday,H
KK Nagar ATM,20/03/2011,111,87,24,278000,177400,100600,sunday,H
Christ College ATM,20/03/2011,48,27,21,164400,120200,44200,sunday,H
Big Street ATM,21/03/2011,27,19,8,99400,66400,33000,monday,W
Mount Road ATM,21/03/2011,138,75,63,336000,238000,98000,monday,W
Airport ATM,21/03/2011,110,85,25,517800,440200,77600,monday,W
KK Nagar ATM,21/03/2011,219,174,45,725500,547900,177600,monday,W
Christ College ATM,21/03/2011,60,36,24,287700,213700,74000,monday,W
Big Street ATM,22/03/2011,27,9,18,47600,12600,35000,tuesday,W
Mount Road ATM,22/03/2011,145,64,81,288500,169000,119500,tuesday,W
Airport ATM,22/03/2011,76,58,18,259400,216200,43200,tuesday,W
KK Nagar ATM,22/03/2011,205,167,38,747100,571000,176100,tuesday,W
Christ College ATM,22/03/2011,69,38,31,250200,173300,76900,tuesday,W
Big Street ATM,23/03/2011,15,8,7,52800,45500,7300,wednesday,W
Mount Road ATM,23/03/2011,154,86,68,465300,332500,132800,wednesday,W
Airport ATM,23/03/2011,93,80,13,480300,427900,52400,wednesday,W
KK Nagar ATM,23/03/2011,210,177,33,798500,658000,140500,wednesday,W
Christ College ATM,23/03/2011,55,38,17,237200,196700,40500,wednesday,W
Big Street ATM,24/03/2011,16,8,8,34000,18000,16000,thursday,W
Mount Road ATM,24/03/2011,112,67,45,365900,239800,126100,thursday,W
Airport ATM,24/03/2011,75,61,14,370400,341500,28900,thursday,W
KK Nagar ATM,24/03/2011,161,141,20,561300,500600,60700,thursday,W
Christ College ATM,24/03/2011,61,35,26,304000,184000,120000,thursday,W
Big Street ATM,25/03/2011,26,16,10,37900,28600,9300,friday,W
Mount Road ATM,25/03/2011,137,86,51,390200,323500,66700,friday,W
Airport ATM,25/03/2011,56,46,10,231700,202000,29700,friday,W
KK Nagar ATM,25/03/2011,176,157,19,592900,551200,41700,friday,W
Christ College ATM,25/03/2011,52,40,12,206500,185600,20900,friday,W
Big Street ATM,26/03/2011,17,9,8,41300,19300,22000,saturday,H
Mount Road ATM,26/03/2011,120,70,50,320500,228800,91700,saturday,H
Airport ATM,26/03/2011,94,83,11,448900,405500,43400,saturday,H
KK Nagar ATM,26/03/2011,205,182,23,812800,705300,107500,saturday,H
Christ College ATM,26/03/2011,62,35,27,215100,160500,54600,saturday,H
Big Street ATM,27/03/2011,41,27,14,88800,64200,24600,sunday,H
Mount Road ATM,27/03/2011,108,49,59,332700,174500,158200,sunday,H
Airport ATM,27/03/2011,98,84,14,360300,316700,43600,sunday,H
KK Nagar ATM,27/03/2011,117,90,27,333100,278100,55000,sunday,H
Christ College ATM,27/03/2011,58,34,24,286200,167000,119200,sunday,H
Big Street ATM,28/03/2011,32,25,7,144200,131300,12900,monday,W
Mount Road ATM,28/03/2011,128,74,54,410200,299600,110600,monday,W
Airport ATM,28/03/2011,132,94,38,493400,369800,123600,monday,W
KK Nagar ATM,28/03/2011,190,165,25,578100,532700,45400,monday,W
Christ College ATM,28/03/2011,72,48,24,263600,226900,36700,monday,W
Big Street ATM,29/03/2011,30,13,17,108600,42600,66000,tuesday,W
Mount Road ATM,29/03/2011,191,87,104,538800,371400,167400,tuesday,W
Airport ATM,29/03/2011,117,80,37,523300,380000,143300,tuesday,W
KK Nagar ATM,29/03/2011,202,161,41,832200,672600,159600,tuesday,W
Christ College ATM,29/03/2011,80,39,41,298000,208800,89200,tuesday,W
Big Street ATM,30/03/2011,32,19,13,110200,63900,46300,wednesday,W
Mount Road ATM,30/03/2011,152,80,72,475100,319900,155200,wednesday,W
Airport ATM,30/03/2011,136,98,38,627600,474800,152800,wednesday,W
KK Nagar ATM,30/03/2011,200,164,36,849400,729700,119700,wednesday,W
Christ College ATM,30/03/2011,100,43,57,399600,217700,181900,wednesday,W
Big Street ATM,31/03/2011,39,18,21,131800,70000,61800,thursday,W
Mount Road ATM,31/03/2011,159,86,73,456500,294500,162000,thursday,W
Airport ATM,31/03/2011,127,103,24,629200,512400,116800,thursday,W
KK Nagar ATM,31/03/2011,225,186,39,962300,799100,163200,thursday,W
Christ College ATM,31/03/2011,96,53,43,514200,374100,140100,thursday,W
Big Street ATM,01/04/2011,43,20,23,134700,75900,58800,friday,W
Mount Road ATM,01/04/2011,142,75,67,464800,325400,139400,friday,W
Airport ATM,01/04/2011,96,80,16,480700,425700,55000,friday,W
KK Nagar ATM,01/04/2011,184,157,27,557300,508000,49300,friday,W
Christ College ATM,01/04/2011,75,29,46,336600,195200,141400,friday,W
Big Street ATM,02/04/2011,31,14,17,130500,91200,39300,saturday,H
Mount Road ATM,02/04/2011,217,106,111,776400,499500,276900,saturday,H
Airport ATM,02/04/2011,126,102,24,555800,465500,90300,saturday,H
KK Nagar ATM,02/04/2011,193,155,38,728200,552100,176100,saturday,H
Christ College ATM,02/04/2011,71,33,38,285100,147000,138100,saturday,H
Big Street ATM,03/04/2011,56,21,35,237800,96100,141700,sunday,H
Mount Road ATM,03/04/2011,162,41,121,445500,137500,308000,sunday,H
Airport ATM,03/04/2011,122,82,40,580000,395100,184900,sunday,H
KK Nagar ATM,03/04/2011,155,119,36,571200,465100,106100,sunday,H
Christ College ATM,03/04/2011,82,23,59,333000,109600,223400,sunday,H
Big Street ATM,04/04/2011,20,8,12,101000,54300,46700,monday,W
Mount Road ATM,04/04/2011,178,86,92,608500,364200,244300,monday,W
Airport ATM,04/04/2011,70,60,10,412900,358300,54600,monday,W
KK Nagar ATM,04/04/2011,179,146,33,690500,587400,103100,monday,W
Christ College ATM,04/04/2011,71,35,36,295600,145700,149900,monday,W
Big Street ATM,05/04/2011,39,22,17,202300,157300,45000,tuesday,W
Mount Road ATM,05/04/2011,189,102,87,734200,459100,275100,tuesday,W
Airport ATM,05/04/2011,93,69,24,406000,356700,49300,tuesday,W
KK Nagar ATM,05/04/2011,239,171,68,1013600,648200,365400,tuesday,W
Christ College ATM,05/04/2011,99,53,46,423500,246500,177000,tuesday,W
Big Street ATM,06/04/2011,33,19,14,115400,66600,48800,wednesday,W
Mount Road ATM,06/04/2011,194,68,126,638500,264500,374000,wednesday,W
Airport ATM,06/04/2011,128,102,26,696000,571500,124500,wednesday,W
KK Nagar ATM,06/04/2011,245,195,50,1007100,796400,210700,wednesday,W
Christ College ATM,06/04/2011,106,40,66,388700,161000,227700,wednesday,W
Big Street ATM,07/04/2011,23,8,15,109800,33900,75900,thursday,W
Mount Road ATM,07/04/2011,183,94,89,688000,426000,262000,thursday,W
Airport ATM,07/04/2011,125,101,24,637400,540200,97200,thursday,W
KK Nagar ATM,07/04/2011,217,164,53,1028000,781200,246800,thursday,W
Christ College ATM,07/04/2011,86,50,36,388600,211200,177400,thursday,W
Big Street ATM,08/04/2011,28,13,15,122500,79900,42600,friday,W
Mount Road ATM,08/04/2011,193,118,75,774300,561500,212800,friday,W
Airport ATM,08/04/2011,49,31,18,209400,128500,80900,friday,W
KK Nagar ATM,08/04/2011,202,148,54,914800,637900,276900,friday,W
Christ College ATM,08/04/2011,95,48,47,373000,187600,185400,friday,W
Big Street ATM,09/04/2011,42,30,12,155600,125300,30300,saturday,H
Mount Road ATM,09/04/2011,184,103,81,602200,404400,197800,saturday,H
Airport ATM,09/04/2011,120,104,16,550300,510900,39400,saturday,H
KK Nagar ATM,09/04/2011,232,192,40,759100,657100,102000,saturday,H
Christ College ATM,09/04/2011,91,57,34,483600,328700,154900,saturday,H
Big Street ATM,10/04/2011,42,20,22,112700,73600,39100,sunday,H
Mount Road ATM,10/04/2011,169,34,135,442300,154300,288000,sunday,H
Airport ATM,10/04/2011,66,42,24,350200,280900,69300,sunday,H
KK Nagar ATM,10/04/2011,143,96,47,370100,247000,123100,sunday,H
Christ College ATM,10/04/2011,58,15,43,217800,43700,174100,sunday,H
Big Street ATM,11/04/2011,41,21,20,141300,100500,40800,monday,W
Mount Road ATM,11/04/2011,227,109,118,679100,442300,236800,monday,W
Airport ATM,11/04/2011,116,81,35,442100,275000,167100,monday,W
KK Nagar ATM,11/04/2011,266,177,89,893300,611100,282200,monday,W
Christ College ATM,11/04/2011,78,45,33,283400,197100,86300,monday,W
Big Street ATM,12/04/2011,31,14,17,111500,64800,46700,tuesday,H
Mount Road ATM,12/04/2011,180,100,80,559200,365900,193300,tuesday,H
Airport ATM,12/04/2011,107,82,25,479600,387900,91700,tuesday,H
KK Nagar ATM,12/04/2011,204,164,40,739500,618200,121300,tuesday,H
Christ College ATM,12/04/2011,82,46,36,322800,204500,118300,tuesday,H
Big Street ATM,13/04/2011,56,31,25,208500,117700,90800,wednesday,W
Mount Road ATM,13/04/2011,152,33,119,362400,108600,253800,wednesday,W
Airport ATM,13/04/2011,56,34,22,178400,102800,75600,wednesday,W
KK Nagar ATM,13/04/2011,141,89,52,399900,231200,168700,wednesday,W
Christ College ATM,13/04/2011,67,27,40,268700,119400,149300,wednesday,W
Big Street ATM,14/04/2011,30,18,12,105600,59500,46100,thursday,H
Mount Road ATM,14/04/2011,92,27,65,288700,111900,176800,thursday,H
Airport ATM,14/04/2011,79,62,17,311800,287800,24000,thursday,H
KK Nagar ATM,14/04/2011,199,151,48,727800,544900,182900,thursday,H
Christ College ATM,14/04/2011,39,21,18,157000,90400,66600,thursday,H
Big Street ATM,15/04/2011,29,20,9,90000,64700,25300,friday,W
Mount Road ATM,15/04/2011,131,90,41,508300,375200,133100,friday,W
Airport ATM,15/04/2011,110,95,15,531500,490200,41300,friday,W
KK Nagar ATM,15/04/2011,149,105,44,428100,291300,136800,friday,W
Christ College ATM,15/04/2011,96,37,59,468500,196700,271800,friday,W
Big Street ATM,16/04/2011,25,5,20,68100,1600,66500,saturday,H
Mount Road ATM,16/04/2011,135,59,76,515400,264000,251400,saturday,H
Airport ATM,16/04/2011,89,56,33,456400,333500,122900,saturday,H
KK Nagar ATM,16/04/2011,126,98,28,468000,373600,94400,saturday,H
Christ College ATM,16/04/2011,79,35,44,297900,103000,194900,saturday,H
Big Street ATM,17/04/2011,38,23,15,103000,84000,19000,sunday,H
Mount Road ATM,17/04/2011,196,35,161,538600,124000,414600,sunday,H
Airport ATM,17/04/2011,73,47,26,268000,216700,51300,sunday,H
KK Nagar ATM,17/04/2011,120,76,44,481400,300400,181000,sunday,H
Christ College ATM,17/04/2011,69,22,47,174500,27700,146800,sunday,H
Big Street ATM,18/04/2011,32,19,13,154000,123800,30200,monday,W
Mount Road ATM,18/04/2011,122,70,52,430500,313000,117500,monday,W
Airport ATM,18/04/2011,96,74,22,482600,401000,81600,monday,W
KK Nagar ATM,18/04/2011,81,47,34,315100,159800,155300,monday,W
Christ College ATM,18/04/2011,96,47,49,469100,235700,233400,monday,W
Big Street ATM,19/04/2011,27,12,15,92100,61200,30900,tuesday,W
Mount Road ATM,19/04/2011,197,82,115,673500,388500,285000,tuesday,W
Airport ATM,19/04/2011,64,48,16,217700,177800,39900,tuesday,W
KK Nagar ATM,19/04/2011,100,87,13,447600,404900,42700,tuesday,W
Christ College ATM,19/04/2011,81,47,34,273000,194500,78500,tuesday,W
Big Street ATM,20/04/2011,40,21,19,171400,115100,56300,wednesday,W
Mount Road ATM,20/04/2011,157,82,75,530100,344900,185200,wednesday,W
Airport ATM,20/04/2011,82,62,20,343500,284300,59200,wednesday,W
KK Nagar ATM,20/04/2011,166,142,24,638600,558500,80100,wednesday,W
Christ College ATM,20/04/2011,80,50,30,305700,197200,108500,wednesday,W
Big Street ATM,21/04/2011,34,15,19,120700,73700,47000,thursday,W
Mount Road ATM,21/04/2011,121,70,51,361600,259100,102500,thursday,W
Airport ATM,21/04/2011,53,47,6,246700,238400,8300,thursday,W
KK Nagar ATM,21/04/2011,164,139,25,742500,625100,117400,thursday,W
Christ College ATM,21/04/2011,62,40,22,165900,136100,29800,thursday,W
Big Street ATM,22/04/2011,24,11,13,73900,49900,24000,friday,H
Mount Road ATM,22/04/2011,161,43,118,397800,152800,245000,friday,H
Airport ATM,22/04/2011,74,49,25,262900,202800,60100,friday,H
KK Nagar ATM,22/04/2011,143,104,39,536400,394500,141900,friday,H
Christ College ATM,22/04/2011,51,11,40,173300,23700,149600,friday,H
Big Street ATM,23/04/2011,35,20,15,112300,87300,25000,saturday,H
Mount Road ATM,23/04/2011,160,67,93,552300,302200,250100,saturday,H
Airport ATM,23/04/2011,54,47,7,212600,188900,23700,saturday,H
KK Nagar ATM,23/04/2011,156,127,29,568100,464600,103500,saturday,H
Christ College ATM,23/04/2011,75,31,44,402500,219700,182800,saturday,H
Big Street ATM,24/04/2011,36,21,15,79900,45900,34000,sunday,H
Mount Road ATM,24/04/2011,126,31,95,278300,87900,190400,sunday,H
Airport ATM,24/04/2011,76,60,16,325700,277300,48400,sunday,H
KK Nagar ATM,24/04/2011,114,86,28,277200,228400,48800,sunday,H
Christ College ATM,24/04/2011,52,19,33,153700,59100,94600,sunday,H
Big Street ATM,25/04/2011,27,11,16,71600,35400,36200,monday,W
Mount Road ATM,25/04/2011,100,52,48,251700,150500,101200,monday,W
Airport ATM,25/04/2011,26,20,6,55600,42300,13300,monday,W
KK Nagar ATM,25/04/2011,154,128,26,462800,398100,64700,monday,W
Christ College ATM,25/04/2011,44,26,18,246600,178500,68100,monday,W
Big Street ATM,26/04/2011,17,11,6,62100,39600,22500,tuesday,W
Mount Road ATM,26/04/2011,127,65,62,336900,185200,151700,tuesday,W
Airport ATM,26/04/2011,78,60,18,290300,234600,55700,tuesday,W
KK Nagar ATM,26/04/2011,144,125,19,536900,470900,66000,tuesday,W
Christ College ATM,26/04/2011,72,46,26,335800,230000,105800,tuesday,W
Big Street ATM,27/04/2011,30,22,8,80100,74800,5300,wednesday,W
Mount Road ATM,27/04/2011,129,71,58,402200,269300,132900,wednesday,W
Airport ATM,27/04/2011,91,72,19,359800,279600,80200,wednesday,W
KK Nagar ATM,27/04/2011,184,152,32,766000,619200,146800,wednesday,W
Christ College ATM,27/04/2011,73,50,23,370400,303000,67400,wednesday,W
Big Street ATM,28/04/2011,32,19,13,77600,60100,17500,thursday,W
Mount Road ATM,28/04/2011,107,55,52,354000,180400,173600,thursday,W
Airport ATM,28/04/2011,95,78,17,392100,355900,36200,thursday,W
KK Nagar ATM,28/04/2011,157,134,23,512900,459000,53900,thursday,W
Christ College ATM,28/04/2011,61,40,21,270500,220400,50100,thursday,W
Big Street ATM,29/04/2011,20,14,6,86700,66100,20600,friday,W
Mount Road ATM,29/04/2011,145,82,63,382500,257400,125100,friday,W
Airport ATM,29/04/2011,86,71,15,348700,318600,30100,friday,W
KK Nagar ATM,29/04/2011,183,153,30,740200,684200,56000,friday,W
Christ College ATM,29/04/2011,77,45,32,270700,155500,115200,friday,W
Big Street ATM,30/04/2011,14,9,5,22400,17900,4500,saturday,H
Mount Road ATM,30/04/2011,200,107,93,813600,512200,301400,saturday,H
Airport ATM,30/04/2011,125,94,31,614900,479800,135100,saturday,H
KK Nagar ATM,30/04/2011,235,168,67,1128700,816400,312300,saturday,H
Christ College ATM,30/04/2011,65,34,31,274900,148000,126900,saturday,H
Big Street ATM,01/05/2011,23,6,17,60200,19000,41200,sunday,H
Mount Road ATM,01/05/2011,159,50,109,636000,280600,355400,sunday,H
Airport ATM,01/05/2011,131,63,68,468900,306900,162000,sunday,H
KK Nagar ATM,01/05/2011,148,117,31,577100,482900,94200,sunday,H
Christ College ATM,01/05/2011,52,20,32,200300,79100,121200,sunday,H
Big Street ATM,02/05/2011,23,15,8,116500,80900,35600,monday,W
Mount Road ATM,02/05/2011,96,55,41,361600,233800,127800,monday,W
Airport ATM,02/05/2011,138,87,51,617800,447200,170600,monday,W
KK Nagar ATM,02/05/2011,244,166,78,1245600,799100,446500,monday,W
Christ College ATM,02/05/2011,93,42,51,436200,228800,207400,monday,W
Big Street ATM,03/05/2011,22,20,2,97200,83200,14000,tuesday,W
Mount Road ATM,03/05/2011,204,101,103,891100,523600,367500,tuesday,W
Airport ATM,03/05/2011,95,75,20,552900,454300,98600,tuesday,W
KK Nagar ATM,03/05/2011,199,166,33,870800,752500,118300,tuesday,W
Christ College ATM,03/05/2011,77,48,29,365300,250900,114400,tuesday,W
Big Street ATM,04/05/2011,18,11,7,52900,33900,19000,wednesday,W
Mount Road ATM,04/05/2011,160,81,79,524100,350300,173800,wednesday,W
Airport ATM,04/05/2011,125,103,22,634000,550200,83800,wednesday,W
KK Nagar ATM,04/05/2011,212,169,43,992200,867100,125100,wednesday,W
Christ College ATM,04/05/2011,64,45,19,237600,183500,54100,wednesday,W
Big Street ATM,05/05/2011,32,13,19,111200,56800,54400,thursday,W
Mount Road ATM,05/05/2011,203,93,110,730500,380200,350300,thursday,W
Airport ATM,05/05/2011,106,97,9,563300,527400,35900,thursday,W
KK Nagar ATM,05/05/2011,225,165,60,1053100,750100,303000,thursday,W
Christ College ATM,05/05/2011,82,46,36,336000,220300,115700,thursday,W
Big Street ATM,06/05/2011,22,13,9,117300,72900,44400,friday,W
Mount Road ATM,06/05/2011,175,88,87,653900,375700,278200,friday,W
Airport ATM,06/05/2011,113,87,26,663000,543100,119900,friday,W
KK Nagar ATM,06/05/2011,214,162,52,951900,710400,241500,friday,W
Christ College ATM,06/05/2011,106,45,61,408100,163100,245000,friday,W
Big Street ATM,07/05/2011,28,22,6,138600,106100,32500,saturday,H
Mount Road ATM,07/05/2011,167,85,82,709400,438800,270600,saturday,H
Airport ATM,07/05/2011,116,95,21,641300,528200,113100,saturday,H
KK Nagar ATM,07/05/2011,203,144,59,1039600,693200,346400,saturday,H
Christ College ATM,07/05/2011,59,34,25,282700,164200,118500,saturday,H
Big Street ATM,08/05/2011,31,17,14,101000,74700,26300,sunday,H
Mount Road ATM,08/05/2011,127,49,78,526600,250800,275800,sunday,H
Airport ATM,08/05/2011,87,66,21,332600,253700,78900,sunday,H
KK Nagar ATM,08/05/2011,125,79,46,392500,225000,167500,sunday,H
Christ College ATM,08/05/2011,35,15,20,130900,71700,59200,sunday,H
Big Street ATM,09/05/2011,29,16,13,65600,43100,22500,monday,W
Mount Road ATM,09/05/2011,157,94,63,495800,401000,94800,monday,W
Airport ATM,09/05/2011,92,74,18,403800,355800,48000,monday,W
KK Nagar ATM,09/05/2011,155,126,29,591300,446700,144600,monday,W
Christ College ATM,09/05/2011,57,35,22,258200,187800,70400,monday,W
Big Street ATM,10/05/2011,45,19,26,204200,93000,111200,tuesday,W
Mount Road ATM,10/05/2011,174,80,94,660600,381100,279500,tuesday,W
Airport ATM,10/05/2011,88,68,20,364400,291400,73000,tuesday,W
KK Nagar ATM,10/05/2011,152,111,41,560100,438200,121900,tuesday,W
Christ College ATM,10/05/2011,52,36,16,260700,193900,66800,tuesday,W
Big Street ATM,11/05/2011,31,17,14,114900,68800,46100,wednesday,W
Mount Road ATM,11/05/2011,200,81,119,789100,420400,368700,wednesday,W
Airport ATM,11/05/2011,103,83,20,489700,406900,82800,wednesday,W
KK Nagar ATM,11/05/2011,209,153,56,837300,649400,187900,wednesday,W
Christ College ATM,11/05/2011,63,44,19,287700,228800,58900,wednesday,W
Big Street ATM,12/05/2011,23,16,7,101000,72000,29000,thursday,W
Mount Road ATM,12/05/2011,168,80,88,515700,308400,207300,thursday,W
Airport ATM,12/05/2011,117,102,15,598500,537600,60900,thursday,W
KK Nagar ATM,12/05/2011,161,145,16,678800,614300,64500,thursday,W
Christ College ATM,12/05/2011,57,25,32,201200,87800,113400,thursday,W
Big Street ATM,13/05/2011,22,8,14,53300,25000,28300,friday,W
Mount Road ATM,13/05/2011,170,84,86,608700,358900,249800,friday,W
Airport ATM,13/05/2011,87,68,19,382100,316200,65900,friday,W
KK Nagar ATM,13/05/2011,155,125,30,507200,383600,123600,friday,W
Christ College ATM,13/05/2011,42,27,15,141900,63600,78300,friday,W
Big Street ATM,14/05/2011,15,5,10,65000,25300,39700,saturday,H
Mount Road ATM,14/05/2011,180,94,86,682300,446700,235600,saturday,H
Airport ATM,14/05/2011,95,75,20,362200,293600,68600,saturday,H
KK Nagar ATM,14/05/2011,156,114,42,632800,404100,228700,saturday,H
Christ College ATM,14/05/2011,79,49,30,302700,190500,112200,saturday,H
Big Street ATM,15/05/2011,18,11,7,57300,29100,28200,sunday,H
Mount Road ATM,15/05/2011,120,64,56,393900,275900,118000,sunday,H
Airport ATM,15/05/2011,82,67,15,306700,283600,23100,sunday,H
KK Nagar ATM,15/05/2011,104,76,28,369300,289300,80000,sunday,H
Christ College ATM,15/05/2011,51,29,22,174300,80200,94100,sunday,H
Big Street ATM,16/05/2011,31,11,20,77900,41400,36500,monday,W
Mount Road ATM,16/05/2011,138,81,57,374900,237600,137300,monday,W
Airport ATM,16/05/2011,95,70,25,357500,276100,81400,monday,W
KK Nagar ATM,16/05/2011,198,143,55,922700,656100,266600,monday,W
Christ College ATM,16/05/2011,57,35,22,174000,124600,49400,monday,W
Big Street ATM,17/05/2011,23,14,9,66700,38600,28100,tuesday,H
Mount Road ATM,17/05/2011,200,50,150,549400,166800,382600,tuesday,H
Airport ATM,17/05/2011,90,66,24,331200,235700,95500,tuesday,H
KK Nagar ATM,17/05/2011,174,114,60,617000,421400,195600,tuesday,H
Christ College ATM,17/05/2011,68,43,25,267500,206000,61500,tuesday,H
Big Street ATM,18/05/2011,28,16,12,131400,77500,53900,wednesday,W
Mount Road ATM,18/05/2011,202,96,106,546100,329900,216200,wednesday,W
Airport ATM,18/05/2011,115,78,37,534300,399500,134800,wednesday,W
KK Nagar ATM,18/05/2011,190,136,54,788600,529600,259000,wednesday,W
Christ College ATM,18/05/2011,46,32,14,150200,116700,33500,wednesday,W
Big Street ATM,19/05/2011,39,15,24,162700,63800,98900,thursday,W
Mount Road ATM,19/05/2011,244,68,176,659900,223400,436500,thursday,W
Airport ATM,19/05/2011,99,83,16,462900,422000,40900,thursday,W
KK Nagar ATM,19/05/2011,170,124,46,681300,539000,142300,thursday,W
Christ College ATM,19/05/2011,53,22,31,224400,116100,108300,thursday,W
Big Street ATM,20/05/2011,29,19,10,194700,147400,47300,friday,W
Mount Road ATM,20/05/2011,182,102,80,505600,319500,186100,friday,W
Airport ATM,20/05/2011,102,82,20,492000,396100,95900,friday,W
KK Nagar ATM,20/05/2011,197,137,60,854200,587200,267000,friday,W
Christ College ATM,20/05/2011,88,42,46,376600,219000,157600,friday,W
Big Street ATM,21/05/2011,36,14,22,98300,56700,41600,saturday,H
Mount Road ATM,21/05/2011,190,90,100,588700,388100,200600,saturday,H
Airport ATM,21/05/2011,105,78,27,467700,385600,82100,saturday,H
KK Nagar ATM,21/05/2011,178,141,37,679800,575600,104200,saturday,H
Christ College ATM,21/05/2011,59,31,28,160000,85000,75000,saturday,H
Big Street ATM,22/05/2011,35,18,17,86900,49600,37300,sunday,H
Mount Road ATM,22/05/2011,127,22,105,347400,41100,306300,sunday,H
Airport ATM,22/05/2011,86,59,27,303300,209500,93800,sunday,H
KK Nagar ATM,22/05/2011,119,85,34,401200,269100,132100,sunday,H
Christ College ATM,22/05/2011,65,23,42,221000,43600,177400,sunday,H
Big Street ATM,23/05/2011,33,17,16,107000,45500,61500,monday,W
Mount Road ATM,23/05/2011,263,77,186,880700,318400,562300,monday,W
Airport ATM,23/05/2011,96,76,20,402400,351800,50600,monday,W
KK Nagar ATM,23/05/2011,176,138,38,668500,518400,150100,monday,W
Christ College ATM,23/05/2011,57,35,22,201200,143400,57800,monday,W
Big Street ATM,24/05/2011,34,18,16,120800,88800,32000,tuesday,W
Mount Road ATM,24/05/2011,241,84,157,528200,273400,254800,tuesday,W
Airport ATM,24/05/2011,83,54,29,381900,308600,73300,tuesday,W
KK Nagar ATM,24/05/2011,148,120,28,606400,534600,71800,tuesday,W
Christ College ATM,24/05/2011,70,38,32,274600,166800,107800,tuesday,W
Big Street ATM,25/05/2011,55,21,34,250400,91200,159200,wednesday,W
Mount Road ATM,25/05/2011,166,68,98,547900,300500,247400,wednesday,W
Airport ATM,25/05/2011,91,70,21,272300,232000,40300,wednesday,W
KK Nagar ATM,25/05/2011,162,134,28,619800,525900,93900,wednesday,W
Christ College ATM,25/05/2011,74,38,36,309200,146100,163100,wednesday,W
Big Street ATM,26/05/2011,65,26,39,267400,111100,156300,thursday,W
Mount Road ATM,26/05/2011,303,71,232,754400,223500,530900,thursday,W
Airport ATM,26/05/2011,125,71,54,520300,311400,208900,thursday,W
KK Nagar ATM,26/05/2011,216,133,83,766500,537600,228900,thursday,W
Christ College ATM,26/05/2011,113,37,76,532800,141700,391100,thursday,W
Big Street ATM,27/05/2011,39,17,22,161200,100200,61000,friday,W
Mount Road ATM,27/05/2011,246,72,174,737800,254800,483000,friday,W
Airport ATM,27/05/2011,98,66,32,282700,189600,93100,friday,W
KK Nagar ATM,27/05/2011,211,137,74,681300,447200,234100,friday,W
Christ College ATM,27/05/2011,105,41,64,444700,138200,306500,friday,W
Big Street ATM,28/05/2011,29,22,7,147900,123100,24800,saturday,H
Mount Road ATM,28/05/2011,167,76,91,521600,285000,236600,saturday,H
Airport ATM,28/05/2011,115,92,23,406400,336500,69900,saturday,H
KK Nagar ATM,28/05/2011,139,97,42,503100,275500,227600,saturday,H
Christ College ATM,28/05/2011,64,35,29,300400,183100,117300,saturday,H
Big Street ATM,29/05/2011,32,19,13,68700,35700,33000,sunday,H
Mount Road ATM,29/05/2011,117,37,80,385100,166800,218300,sunday,H
Airport ATM,29/05/2011,101,74,27,361800,241400,120400,sunday,H
KK Nagar ATM,29/05/2011,93,71,22,313400,227300,86100,sunday,H
Christ College ATM,29/05/2011,37,19,18,170000,114500,55500,sunday,H
Big Street ATM,30/05/2011,33,21,12,136800,87900,48900,monday,W
Mount Road ATM,30/05/2011,141,76,65,532000,293700,238300,monday,W
Airport ATM,30/05/2011,119,81,38,483400,373800,109600,monday,W
KK Nagar ATM,30/05/2011,166,124,42,534200,443100,91100,monday,W
Christ College ATM,30/05/2011,71,44,27,355100,218200,136900,monday,W
Big Street ATM,31/05/2011,34,16,18,133800,76100,57700,tuesday,W
Mount Road ATM,31/05/2011,132,65,67,441800,271900,169900,tuesday,W
Airport ATM,31/05/2011,128,94,34,500800,390900,109900,tuesday,W
KK Nagar ATM,31/05/2011,192,151,41,805700,620500,185200,tuesday,W
Christ College ATM,31/05/2011,68,37,31,346600,200300,146300,tuesday,W
Big Street ATM,01/06/2011,34,17,17,136500,81800,54700,wednesday,W
Mount Road ATM,01/06/2011,213,90,123,831200,463600,367600,wednesday,W
Airport ATM,01/06/2011,149,101,48,729400,533100,196300,wednesday,W
KK Nagar ATM,01/06/2011,252,192,60,1260100,978300,281800,wednesday,W
Christ College ATM,01/06/2011,78,40,38,261600,93700,167900,wednesday,W
Big Street ATM,02/06/2011,30,13,17,109600,56300,53300,thursday,W
Mount Road ATM,02/06/2011,246,91,155,717900,307000,410900,thursday,W
Airport ATM,02/06/2011,141,110,31,580200,449100,131100,thursday,W
KK Nagar ATM,02/06/2011,245,167,78,1152400,835900,316500,thursday,W
Christ College ATM,02/06/2011,96,23,73,474600,152900,321700,thursday,W
Big Street ATM,03/06/2011,25,12,13,124700,65800,58900,friday,W
Mount Road ATM,03/06/2011,222,86,136,742800,362200,380600,friday,W
Airport ATM,03/06/2011,96,64,32,372100,269000,103100,friday,W
KK Nagar ATM,03/06/2011,198,147,51,822500,554600,267900,friday,W
Christ College ATM,03/06/2011,84,29,55,423600,174400,249200,friday,W
Big Street ATM,04/06/2011,34,17,17,209300,110700,98600,saturday,H
Mount Road ATM,04/06/2011,234,84,150,759200,321600,437600,saturday,H
Airport ATM,04/06/2011,120,91,29,682500,546000,136500,saturday,H
KK Nagar ATM,04/06/2011,203,163,40,875500,673000,202500,saturday,H
Christ College ATM,04/06/2011,127,52,75,554100,186300,367800,saturday,H
Big Street ATM,05/06/2011,29,13,16,82200,49900,32300,sunday,H
Mount Road ATM,05/06/2011,60,10,50,168500,34200,134300,sunday,H
Airport ATM,05/06/2011,116,68,48,436900,328000,108900,sunday,H
KK Nagar ATM,05/06/2011,132,98,34,455500,324400,131100,sunday,H
Christ College ATM,05/06/2011,90,23,67,392000,90000,302000,sunday,H
Big Street ATM,06/06/2011,33,14,19,127700,63400,64300,monday,W
Mount Road ATM,06/06/2011,129,64,65,405800,237200,168600,monday,W
Airport ATM,06/06/2011,111,74,37,516500,399700,116800,monday,W
KK Nagar ATM,06/06/2011,172,134,38,648300,469600,178700,monday,W
Christ College ATM,06/06/2011,71,35,36,264200,153000,111200,monday,W
Big Street ATM,07/06/2011,27,12,15,106000,43800,62200,tuesday,W
Mount Road ATM,07/06/2011,179,83,96,739700,440000,299700,tuesday,W
Airport ATM,07/06/2011,129,96,33,496900,381900,115000,tuesday,W
KK Nagar ATM,07/06/2011,200,151,49,887500,706900,180600,tuesday,W
Christ College ATM,07/06/2011,86,48,38,381700,199400,182300,tuesday,W
Big Street ATM,08/06/2011,32,12,20,109100,36400,72700,wednesday,W
Mount Road ATM,08/06/2011,222,92,130,868800,467900,400900,wednesday,W
Airport ATM,08/06/2011,115,85,30,519100,397700,121400,wednesday,W
KK Nagar ATM,08/06/2011,202,157,45,884200,711200,173000,wednesday,W
Christ College ATM,08/06/2011,92,40,52,399400,164400,235000,wednesday,W
Big Street ATM,09/06/2011,35,15,20,171700,65800,105900,thursday,W
Mount Road ATM,09/06/2011,231,97,134,686000,293800,392200,thursday,W
Airport ATM,09/06/2011,116,90,26,430100,354800,75300,thursday,W
KK Nagar ATM,09/06/2011,194,132,62,781200,510000,271200,thursday,W
Christ College ATM,09/06/2011,51,23,28,182700,84800,97900,thursday,W
Big Street ATM,10/06/2011,39,22,17,121500,88000,33500,friday,W
Mount Road ATM,10/06/2011,199,91,108,615800,394400,221400,friday,W
Airport ATM,10/06/2011,106,88,18,460200,419300,40900,friday,W
KK Nagar ATM,10/06/2011,182,137,45,636800,506200,130600,friday,W
Christ College ATM,10/06/2011,98,39,59,421000,139500,281500,friday,W
Big Street ATM,11/06/2011,14,8,6,56700,33500,23200,saturday,H
Mount Road ATM,11/06/2011,201,82,119,635200,333800,301400,saturday,H
Airport ATM,11/06/2011,119,93,26,479000,392700,86300,saturday,H
KK Nagar ATM,11/06/2011,187,151,36,727600,590200,137400,saturday,H
Christ College ATM,11/06/2011,91,28,63,341500,78200,263300,saturday,H
Big Street ATM,12/06/2011,29,14,15,125500,62300,63200,sunday,H
Mount Road ATM,12/06/2011,175,45,130,417900,111400,306500,sunday,H
Airport ATM,12/06/2011,91,57,34,321000,247800,73200,sunday,H
KK Nagar ATM,12/06/2011,104,67,37,363100,237900,125200,sunday,H
Christ College ATM,12/06/2011,80,22,58,254700,73500,181200,sunday,H
Big Street ATM,13/06/2011,42,25,17,174800,103600,71200,monday,W
Mount Road ATM,13/06/2011,165,96,69,589700,423800,165900,monday,W
Airport ATM,13/06/2011,88,71,17,368500,327600,40900,monday,W
KK Nagar ATM,13/06/2011,180,139,41,683900,552700,131200,monday,W
Christ College ATM,13/06/2011,130,53,77,406000,146200,259800,monday,W
Big Street ATM,14/06/2011,20,9,11,72700,28700,44000,tuesday,W
Mount Road ATM,14/06/2011,170,83,87,592600,336300,256300,tuesday,W
Airport ATM,14/06/2011,86,65,21,288700,234200,54500,tuesday,W
KK Nagar ATM,14/06/2011,186,148,38,781200,680100,101100,tuesday,W
Christ College ATM,14/06/2011,144,41,103,657200,205100,452100,tuesday,W
Big Street ATM,15/06/2011,23,11,12,89100,48500,40600,wednesday,W
Mount Road ATM,15/06/2011,167,82,85,550600,320800,229800,wednesday,W
Airport ATM,15/06/2011,110,85,25,457100,376800,80300,wednesday,W
KK Nagar ATM,15/06/2011,162,134,28,657800,562100,95700,wednesday,W
Christ College ATM,15/06/2011,96,44,52,378600,181400,197200,wednesday,W
Big Street ATM,16/06/2011,34,20,14,144500,107000,37500,thursday,W
Mount Road ATM,16/06/2011,199,83,116,499700,233100,266600,thursday,W
Airport ATM,16/06/2011,102,79,23,440300,398700,41600,thursday,W
KK Nagar ATM,16/06/2011,181,145,36,843500,725200,118300,thursday,W
Christ College ATM,16/06/2011,60,38,22,289900,212300,77600,thursday,W
Big Street ATM,17/06/2011,23,11,12,88200,47500,40700,friday,W
Mount Road ATM,17/06/2011,128,72,56,486400,336200,150200,friday,W
Airport ATM,17/06/2011,85,69,16,304100,263700,40400,friday,W
KK Nagar ATM,17/06/2011,137,109,28,463500,390600,72900,friday,W
Christ College ATM,17/06/2011,55,38,17,259300,167700,91600,friday,W
Big Street ATM,18/06/2011,43,17,26,118500,51400,67100,saturday,H
Mount Road ATM,18/06/2011,240,77,163,656800,307800,349000,saturday,H
Airport ATM,18/06/2011,108,79,29,413800,312200,101600,saturday,H
KK Nagar ATM,18/06/2011,165,135,30,612900,490700,122200,saturday,H
Christ College ATM,18/06/2011,81,51,30,248600,174000,74600,saturday,H
Big Street ATM,19/06/2011,45,18,27,138500,58600,79900,sunday,H
Mount Road ATM,19/06/2011,235,42,193,474400,123100,351300,sunday,H
Airport ATM,19/06/2011,89,64,25,273900,245600,28300,sunday,H
KK Nagar ATM,19/06/2011,93,62,31,254000,186700,67300,sunday,H
Christ College ATM,19/06/2011,81,34,47,292100,102600,189500,sunday,H
Big Street ATM,20/06/2011,34,21,13,148700,116800,31900,monday,W
Mount Road ATM,20/06/2011,206,92,114,674500,379100,295400,monday,W
Airport ATM,20/06/2011,115,88,27,566400,455100,111300,monday,W
KK Nagar ATM,20/06/2011,154,123,31,646000,543600,102400,monday,W
Christ College ATM,20/06/2011,79,49,30,370200,259100,111100,monday,W
Big Street ATM,21/06/2011,51,22,29,172000,78600,93400,tuesday,W
Mount Road ATM,21/06/2011,129,50,79,303200,167200,136000,tuesday,W
Airport ATM,21/06/2011,87,71,16,316900,276300,40600,tuesday,W
KK Nagar ATM,21/06/2011,140,106,34,510600,398300,112300,tuesday,W
Christ College ATM,21/06/2011,80,39,41,401100,208500,192600,tuesday,W
Big Street ATM,22/06/2011,28,17,11,104800,77100,27700,wednesday,W
Mount Road ATM,22/06/2011,153,68,85,454400,234100,220300,wednesday,W
Airport ATM,22/06/2011,101,81,20,446400,394200,52200,wednesday,W
KK Nagar ATM,22/06/2011,179,144,35,706600,619100,87500,wednesday,W
Christ College ATM,22/06/2011,74,45,29,351200,207000,144200,wednesday,W
Big Street ATM,23/06/2011,36,21,15,132500,84800,47700,thursday,W
Mount Road ATM,23/06/2011,150,73,77,392300,204900,187400,thursday,W
Airport ATM,23/06/2011,89,77,12,331700,303200,28500,thursday,W
KK Nagar ATM,23/06/2011,139,104,35,485400,371800,113600,thursday,W
Christ College ATM,23/06/2011,57,33,24,199500,135100,64400,thursday,W
Big Street ATM,24/06/2011,44,27,17,197100,134600,62500,friday,W
Mount Road ATM,24/06/2011,189,84,105,574000,291000,283000,friday,W
Airport ATM,24/06/2011,92,77,15,487500,401400,86100,friday,W
KK Nagar ATM,24/06/2011,90,70,20,320000,253200,66800,friday,W
Christ College ATM,24/06/2011,84,49,35,285800,143600,142200,friday,W
Big Street ATM,25/06/2011,23,12,11,124100,71600,52500,saturday,H
Mount Road ATM,25/06/2011,142,71,71,486600,326500,160100,saturday,H
Airport ATM,25/06/2011,123,95,28,466300,406300,60000,saturday,H
KK Nagar ATM,25/06/2011,201,153,48,619900,522000,97900,saturday,H
Christ College ATM,25/06/2011,73,40,33,299700,159600,140100,saturday,H
Big Street ATM,26/06/2011,35,17,18,54900,31500,23400,sunday,H
Mount Road ATM,26/06/2011,191,46,145,529000,166700,362300,sunday,H
Airport ATM,26/06/2011,103,68,35,387500,261200,126300,sunday,H
KK Nagar ATM,26/06/2011,68,47,21,143600,98300,45300,sunday,H
Christ College ATM,26/06/2011,33,19,14,87300,57000,30300,sunday,H
Big Street ATM,27/06/2011,20,13,7,76500,51300,25200,monday,W
Mount Road ATM,27/06/2011,184,70,114,642300,284400,357900,monday,W
Airport ATM,27/06/2011,103,76,27,376700,289300,87400,monday,W
KK Nagar ATM,27/06/2011,204,169,35,758100,661900,96200,monday,W
Christ College ATM,27/06/2011,84,45,39,339400,186700,152700,monday,W
Big Street ATM,28/06/2011,35,12,23,189100,48600,140500,tuesday,W
Mount Road ATM,28/06/2011,169,81,88,402000,286300,115700,tuesday,W
Airport ATM,28/06/2011,88,75,13,286900,266500,20400,tuesday,W
KK Nagar ATM,28/06/2011,154,126,28,658300,555800,102500,tuesday,W
Christ College ATM,28/06/2011,73,40,33,266300,142100,124200,tuesday,W
Big Street ATM,29/06/2011,33,9,24,130000,20100,109900,wednesday,W
Mount Road ATM,29/06/2011,143,54,89,473000,190400,282600,wednesday,W
Airport ATM,29/06/2011,116,87,29,573900,482400,91500,wednesday,W
KK Nagar ATM,29/06/2011,156,135,21,594700,523600,71100,wednesday,W
Christ College ATM,29/06/2011,74,51,23,247200,138000,109200,wednesday,W
Big Street ATM,30/06/2011,28,18,10,101100,79500,21600,thursday,W
Mount Road ATM,30/06/2011,162,91,71,483300,271000,212300,thursday,W
Airport ATM,30/06/2011,119,91,28,570300,494800,75500,thursday,W
KK Nagar ATM,30/06/2011,178,158,20,713100,679100,34000,thursday,W
Christ College ATM,30/06/2011,69,45,24,332100,227600,104500,thursday,W
Big Street ATM,01/07/2011,38,19,19,158800,85500,73300,friday,W
Mount Road ATM,01/07/2011,166,73,93,605000,288000,317000,friday,W
Airport ATM,01/07/2011,115,93,22,500200,420800,79400,friday,W
KK Nagar ATM,01/07/2011,201,165,36,794200,696300,97900,friday,W
Christ College ATM,01/07/2011,88,47,41,403200,182300,220900,friday,W
Big Street ATM,02/07/2011,36,18,18,68000,41500,26500,saturday,H
Mount Road ATM,02/07/2011,197,105,92,856500,564000,292500,saturday,H
Airport ATM,02/07/2011,139,117,22,714200,640800,73400,saturday,H
KK Nagar ATM,02/07/2011,196,149,47,896900,648600,248300,saturday,H
Christ College ATM,02/07/2011,87,37,50,421600,211400,210200,saturday,H
Big Street ATM,03/07/2011,40,26,14,123200,83800,39400,sunday,H
Mount Road ATM,03/07/2011,177,55,122,668800,314300,354500,sunday,H
Airport ATM,03/07/2011,107,67,40,472800,341600,131200,sunday,H
KK Nagar ATM,03/07/2011,133,99,34,477300,341800,135500,sunday,H
Christ College ATM,03/07/2011,85,24,61,325000,108500,216500,sunday,H
Big Street ATM,04/07/2011,33,16,17,93400,45800,47600,monday,W
Mount Road ATM,04/07/2011,301,98,203,1049600,516800,532800,monday,W
Airport ATM,04/07/2011,150,108,42,615600,510100,105500,monday,W
KK Nagar ATM,04/07/2011,186,163,23,754000,629800,124200,monday,W
Christ College ATM,04/07/2011,96,43,53,442800,181000,261800,monday,W
Big Street ATM,05/07/2011,32,17,15,114000,53700,60300,tuesday,W
Mount Road ATM,05/07/2011,186,78,108,649000,368100,280900,tuesday,W
Airport ATM,05/07/2011,96,79,17,460300,403100,57200,tuesday,W
KK Nagar ATM,05/07/2011,210,159,51,1075600,848300,227300,tuesday,W
Christ College ATM,05/07/2011,59,36,23,296100,202400,93700,tuesday,W
Big Street ATM,06/07/2011,34,23,11,96600,63000,33600,wednesday,W
Mount Road ATM,06/07/2011,217,98,119,907400,503000,404400,wednesday,W
Airport ATM,06/07/2011,107,90,17,569400,486200,83200,wednesday,W
KK Nagar ATM,06/07/2011,201,167,34,873600,744700,128900,wednesday,W
Christ College ATM,06/07/2011,146,69,77,723200,372800,350400,wednesday,W
Big Street ATM,07/07/2011,33,23,10,126800,90700,36100,thursday,W
Mount Road ATM,07/07/2011,154,69,85,435200,260300,174900,thursday,W
Airport ATM,07/07/2011,129,87,42,595300,391000,204300,thursday,W
KK Nagar ATM,07/07/2011,161,138,23,762400,662100,100300,thursday,W
Christ College ATM,07/07/2011,111,59,52,479300,235500,243800,thursday,W
Big Street ATM,08/07/2011,31,13,18,113800,46700,67100,friday,W
Mount Road ATM,08/07/2011,191,128,63,735000,575400,159600,friday,W
Airport ATM,08/07/2011,108,83,25,408600,345800,62800,friday,W
KK Nagar ATM,08/07/2011,141,121,20,538000,477500,60500,friday,W
Christ College ATM,08/07/2011,104,64,40,460500,289200,171300,friday,W
Big Street ATM,09/07/2011,25,19,6,98200,75700,22500,saturday,H
Mount Road ATM,09/07/2011,207,120,87,738500,583800,154700,saturday,H
Airport ATM,09/07/2011,146,124,22,700300,600200,100100,saturday,H
KK Nagar ATM,09/07/2011,209,188,21,855200,782000,73200,saturday,H
Christ College ATM,09/07/2011,63,41,22,312100,230300,81800,saturday,H
Big Street ATM,10/07/2011,33,23,10,163500,113600,49900,sunday,H
Mount Road ATM,10/07/2011,119,40,79,349100,149700,199400,sunday,H
Airport ATM,10/07/2011,103,79,24,462100,390100,72000,sunday,H
KK Nagar ATM,10/07/2011,125,93,32,407500,318100,89400,sunday,H
Christ College ATM,10/07/2011,53,30,23,224700,107600,117100,sunday,H
Big Street ATM,11/07/2011,27,16,11,98400,62700,35700,monday,W
Mount Road ATM,11/07/2011,204,98,106,612400,367600,244800,monday,W
Airport ATM,11/07/2011,134,114,20,706300,605600,100700,monday,W
KK Nagar ATM,11/07/2011,206,163,43,951400,745200,206200,monday,W
Christ College ATM,11/07/2011,85,46,39,310400,149500,160900,monday,W
Big Street ATM,12/07/2011,23,18,5,86700,84100,2600,tuesday,W
Mount Road ATM,12/07/2011,184,102,82,558600,399200,159400,tuesday,W
Airport ATM,12/07/2011,134,111,23,526300,467400,58900,tuesday,W
KK Nagar ATM,12/07/2011,185,154,31,762000,658600,103400,tuesday,W
Christ College ATM,12/07/2011,67,48,19,221200,181300,39900,tuesday,W
Big Street ATM,13/07/2011,28,12,16,105700,49200,56500,wednesday,W
Mount Road ATM,13/07/2011,239,105,134,684500,435800,248700,wednesday,W
Airport ATM,13/07/2011,147,117,30,612900,548300,64600,wednesday,W
KK Nagar ATM,13/07/2011,175,150,25,735300,655700,79600,wednesday,W
Christ College ATM,13/07/2011,60,45,15,219500,190200,29300,wednesday,W
Big Street ATM,14/07/2011,14,0,14,48600,0,48600,thursday,W
Mount Road ATM,14/07/2011,147,71,76,392400,232200,160200,thursday,W
Airport ATM,14/07/2011,120,95,25,564500,457800,106700,thursday,W
KK Nagar ATM,14/07/2011,182,132,50,736500,527000,209500,thursday,W
Christ College ATM,14/07/2011,68,44,24,253000,167400,85600,thursday,W
Big Street ATM,15/07/2011,19,4,15,97500,16000,81500,friday,W
Mount Road ATM,15/07/2011,142,84,58,442300,300900,141400,friday,W
Airport ATM,15/07/2011,100,79,21,397200,345000,52200,friday,W
KK Nagar ATM,15/07/2011,147,116,31,474700,373400,101300,friday,W
Christ College ATM,15/07/2011,54,39,15,228700,162100,66600,friday,W
Big Street ATM,16/07/2011,27,16,11,122300,69900,52400,saturday,H
Mount Road ATM,16/07/2011,150,76,74,450000,252400,197600,saturday,H
Airport ATM,16/07/2011,96,81,15,434600,405800,28800,saturday,H
KK Nagar ATM,16/07/2011,172,152,20,667600,600900,66700,saturday,H
Christ College ATM,16/07/2011,64,38,26,305900,216100,89800,saturday,H
Big Street ATM,17/07/2011,20,14,6,53400,41400,12000,sunday,H
Mount Road ATM,17/07/2011,109,49,60,308200,118300,189900,sunday,H
Airport ATM,17/07/2011,99,79,20,424200,319500,104700,sunday,H
KK Nagar ATM,17/07/2011,87,63,24,290100,189400,100700,sunday,H
Christ College ATM,17/07/2011,78,49,29,305200,214800,90400,sunday,H
Big Street ATM,18/07/2011,15,15,0,100600,100600,0,monday,W
Mount Road ATM,18/07/2011,142,93,49,436900,317000,119900,monday,W
Airport ATM,18/07/2011,100,72,28,417500,342500,75000,monday,W
KK Nagar ATM,18/07/2011,182,154,28,777400,662200,115200,monday,W
Christ College ATM,18/07/2011,59,31,28,222500,143000,79500,monday,W
Big Street ATM,19/07/2011,20,16,4,52500,50000,2500,tuesday,W
Mount Road ATM,19/07/2011,129,71,58,390900,283600,107300,tuesday,W
Airport ATM,19/07/2011,86,64,22,358500,297200,61300,tuesday,W
KK Nagar ATM,19/07/2011,157,120,37,493000,361400,131600,tuesday,W
Christ College ATM,19/07/2011,55,38,17,219300,158800,60500,tuesday,W
Big Street ATM,20/07/2011,38,17,21,158400,94400,64000,wednesday,W
Mount Road ATM,20/07/2011,177,70,107,474300,225600,248700,wednesday,W
Airport ATM,20/07/2011,110,86,24,516200,438300,77900,wednesday,W
KK Nagar ATM,20/07/2011,168,123,45,589400,481900,107500,wednesday,W
Christ College ATM,20/07/2011,58,36,22,225400,159700,65700,wednesday,W
Big Street ATM,21/07/2011,38,15,23,93800,43300,50500,thursday,W
Mount Road ATM,21/07/2011,234,81,153,570300,318400,251900,thursday,W
Airport ATM,21/07/2011,122,89,33,461900,371300,90600,thursday,W
KK Nagar ATM,21/07/2011,186,132,54,628300,461700,166600,thursday,W
Christ College ATM,21/07/2011,96,52,44,395600,211200,184400,thursday,W
Big Street ATM,22/07/2011,39,13,26,121900,45400,76500,friday,W
Mount Road ATM,22/07/2011,258,69,189,775300,282300,493000,friday,W
Airport ATM,22/07/2011,111,84,27,491800,392600,99200,friday,W
KK Nagar ATM,22/07/2011,156,117,39,584300,429400,154900,friday,W
Christ College ATM,22/07/2011,71,40,31,331400,226700,104700,friday,W
Big Street ATM,23/07/2011,33,16,17,105300,56000,49300,saturday,H
Mount Road ATM,23/07/2011,244,65,179,555100,169600,385500,saturday,H
Airport ATM,23/07/2011,106,70,36,365100,261800,103300,saturday,H
KK Nagar ATM,23/07/2011,231,158,73,903900,683700,220200,saturday,H
Christ College ATM,23/07/2011,92,56,36,333400,245700,87700,saturday,H
Big Street ATM,24/07/2011,47,10,37,146000,41600,104400,sunday,H
Mount Road ATM,24/07/2011,293,44,249,610200,133000,477200,sunday,H
Airport ATM,24/07/2011,127,69,58,423200,260400,162800,sunday,H
KK Nagar ATM,24/07/2011,155,83,72,422800,200000,222800,sunday,H
Christ College ATM,24/07/2011,73,16,57,213000,53900,159100,sunday,H
Big Street ATM,25/07/2011,34,12,22,94900,53400,41500,monday,W
Mount Road ATM,25/07/2011,264,84,180,725900,318000,407900,monday,W
Airport ATM,25/07/2011,135,99,36,437600,367000,70600,monday,W
KK Nagar ATM,25/07/2011,174,132,42,700400,572700,127700,monday,W
Christ College ATM,25/07/2011,61,31,30,238600,121400,117200,monday,W
Big Street ATM,26/07/2011,36,21,15,135100,82800,52300,tuesday,W
Mount Road ATM,26/07/2011,126,67,59,323600,206300,117300,tuesday,W
Airport ATM,26/07/2011,85,73,12,269000,230000,39000,tuesday,W
KK Nagar ATM,26/07/2011,157,136,21,604900,552400,52500,tuesday,W
Christ College ATM,26/07/2011,30,21,9,116500,89600,26900,tuesday,W
Big Street ATM,27/07/2011,24,17,7,87400,62000,25400,wednesday,W
Mount Road ATM,27/07/2011,164,75,89,522800,288400,234400,wednesday,W
Airport ATM,27/07/2011,96,76,20,401300,356800,44500,wednesday,W
KK Nagar ATM,27/07/2011,153,131,22,638800,589400,49400,wednesday,W
Christ College ATM,27/07/2011,62,42,20,173200,132100,41100,wednesday,W
Big Street ATM,28/07/2011,32,18,14,109200,81600,27600,thursday,W
Mount Road ATM,28/07/2011,109,52,57,311900,171800,140100,thursday,W
Airport ATM,28/07/2011,94,72,22,369100,330400,38700,thursday,W
KK Nagar ATM,28/07/2011,152,127,25,518600,446000,72600,thursday,W
Christ College ATM,28/07/2011,66,34,32,221500,138600,82900,thursday,W
Big Street ATM,29/07/2011,40,13,27,130300,50600,79700,friday,W
Mount Road ATM,29/07/2011,173,84,89,472800,268700,204100,friday,W
Airport ATM,29/07/2011,78,55,23,272400,211800,60600,friday,W
KK Nagar ATM,29/07/2011,98,74,24,336900,239900,97000,friday,W
Christ College ATM,29/07/2011,80,50,30,341200,213100,128100,friday,W
Big Street ATM,30/07/2011,42,17,25,163600,89500,74100,saturday,H
Mount Road ATM,30/07/2011,281,103,178,610700,210000,400700,saturday,H
Airport ATM,30/07/2011,126,95,31,663800,540500,123300,saturday,H
KK Nagar ATM,30/07/2011,219,155,64,1040300,746300,294000,saturday,H
Christ College ATM,30/07/2011,109,51,58,424900,199800,225100,saturday,H
Big Street ATM,31/07/2011,68,21,47,163300,60600,102700,sunday,H
Mount Road ATM,31/07/2011,230,57,173,588400,171900,416500,sunday,H
Airport ATM,31/07/2011,85,56,29,347300,263800,83500,sunday,H
KK Nagar ATM,31/07/2011,93,81,12,366300,345200,21100,sunday,H
Christ College ATM,31/07/2011,58,27,31,228300,102500,125800,sunday,H
Big Street ATM,01/08/2011,57,21,36,292700,125800,166900,monday,W
Mount Road ATM,01/08/2011,293,111,182,1048100,399000,649100,monday,W
Airport ATM,01/08/2011,124,90,34,657800,544100,113700,monday,W
KK Nagar ATM,01/08/2011,226,170,56,1064300,782100,282200,monday,W
Christ College ATM,01/08/2011,74,39,35,316000,172300,143700,monday,W
Big Street ATM,02/08/2011,67,17,50,244000,67800,176200,tuesday,W
Mount Road ATM,02/08/2011,221,102,119,673500,385100,288400,tuesday,W
Airport ATM,02/08/2011,121,98,23,671500,577200,94300,tuesday,W
KK Nagar ATM,02/08/2011,223,164,59,936300,710600,225700,tuesday,W
Christ College ATM,02/08/2011,88,40,48,359200,139700,219500,tuesday,W
Big Street ATM,03/08/2011,72,23,49,310700,102600,208100,wednesday,W
Mount Road ATM,03/08/2011,207,90,117,755200,340100,415100,wednesday,W
Airport ATM,03/08/2011,105,75,30,554300,453400,100900,wednesday,W
KK Nagar ATM,03/08/2011,209,160,49,905000,690100,214900,wednesday,W
Christ College ATM,03/08/2011,53,23,30,184900,86500,98400,wednesday,W
Big Street ATM,04/08/2011,57,14,43,276400,77600,198800,thursday,W
Mount Road ATM,04/08/2011,178,75,103,571600,279300,292300,thursday,W
Airport ATM,04/08/2011,129,98,31,575500,509400,66100,thursday,W
KK Nagar ATM,04/08/2011,178,124,54,783700,568000,215700,thursday,W
Christ College ATM,04/08/2011,87,57,30,417700,291200,126500,thursday,W
Big Street ATM,05/08/2011,57,16,41,190700,69300,121400,friday,W
Mount Road ATM,05/08/2011,209,91,118,602700,307100,295600,friday,W
Airport ATM,05/08/2011,94,74,20,451000,400000,51000,friday,W
KK Nagar ATM,05/08/2011,175,132,43,726200,582600,143600,friday,W
Christ College ATM,05/08/2011,76,51,25,328300,238400,89900,friday,W
Big Street ATM,06/08/2011,85,27,58,343200,99600,243600,saturday,H
Mount Road ATM,06/08/2011,249,89,160,843200,372700,470500,saturday,H
Airport ATM,06/08/2011,154,105,49,716600,562800,153800,saturday,H
KK Nagar ATM,06/08/2011,204,142,62,771800,516100,255700,saturday,H
Christ College ATM,06/08/2011,130,71,59,564500,361500,203000,saturday,H
Big Street ATM,07/08/2011,70,16,54,227400,75800,151600,sunday,H
Mount Road ATM,07/08/2011,332,53,279,753600,156700,596900,sunday,H
Airport ATM,07/08/2011,140,83,57,525800,382800,143000,sunday,H
KK Nagar ATM,07/08/2011,97,78,19,297100,247100,50000,sunday,H
Christ College ATM,07/08/2011,71,45,26,310900,222800,88100,sunday,H
Big Street ATM,08/08/2011,67,15,52,337600,100900,236700,monday,W
Mount Road ATM,08/08/2011,255,117,138,827700,471500,356200,monday,W
Airport ATM,08/08/2011,137,100,37,605500,508400,97100,monday,W
KK Nagar ATM,08/08/2011,180,138,42,729200,587800,141400,monday,W
Christ College ATM,08/08/2011,73,40,33,258100,138100,120000,monday,W
Big Street ATM,09/08/2011,71,28,43,269700,136900,132800,tuesday,W
Mount Road ATM,09/08/2011,184,95,89,644800,362400,282400,tuesday,W
Airport ATM,09/08/2011,119,87,32,604700,508900,95800,tuesday,W
KK Nagar ATM,09/08/2011,172,134,38,668500,508700,159800,tuesday,W
Christ College ATM,09/08/2011,69,29,40,215300,98600,116700,tuesday,W
Big Street ATM,10/08/2011,37,22,15,206400,162500,43900,wednesday,W
Mount Road ATM,10/08/2011,164,84,80,570900,308500,262400,wednesday,W
Airport ATM,10/08/2011,120,87,33,578500,456900,121600,wednesday,W
KK Nagar ATM,10/08/2011,160,129,31,694200,558500,135700,wednesday,W
Christ College ATM,10/08/2011,92,62,30,430700,286200,144500,wednesday,W
Big Street ATM,11/08/2011,47,36,11,209800,196700,13100,thursday,W
Mount Road ATM,11/08/2011,212,115,97,555600,353300,202300,thursday,W
Airport ATM,11/08/2011,120,87,33,509500,426000,83500,thursday,W
KK Nagar ATM,11/08/2011,173,130,43,698000,556000,142000,thursday,W
Christ College ATM,11/08/2011,75,46,29,424600,286400,138200,thursday,W
Big Street ATM,12/08/2011,29,17,12,129400,89100,40300,friday,W
Mount Road ATM,12/08/2011,173,74,99,544000,313100,230900,friday,W
Airport ATM,12/08/2011,103,78,25,326400,304400,22000,friday,W
KK Nagar ATM,12/08/2011,186,149,37,781300,614100,167200,friday,W
Christ College ATM,12/08/2011,84,46,38,369900,230100,139800,friday,W
Big Street ATM,13/08/2011,26,11,15,73900,45600,28300,saturday,H
Mount Road ATM,13/08/2011,211,92,119,711900,461700,250200,saturday,H
Airport ATM,13/08/2011,112,83,29,515200,412700,102500,saturday,H
KK Nagar ATM,13/08/2011,173,132,41,628300,487900,140400,saturday,H
Christ College ATM,13/08/2011,66,32,34,273400,168900,104500,saturday,H
Big Street ATM,14/08/2011,34,14,20,98300,54400,43900,sunday,H
Mount Road ATM,14/08/2011,179,46,133,485200,204000,281200,sunday,H
Airport ATM,14/08/2011,94,70,24,324400,281700,42700,sunday,H
KK Nagar ATM,14/08/2011,119,91,28,430300,361500,68800,sunday,H
Christ College ATM,14/08/2011,55,31,24,217700,125500,92200,sunday,H
Big Street ATM,15/08/2011,4,4,0,29000,29000,0,monday,H
Mount Road ATM,15/08/2011,141,33,108,372200,180000,192200,monday,H
Airport ATM,15/08/2011,49,32,17,124100,84300,39800,monday,H
KK Nagar ATM,15/08/2011,95,67,28,425500,329500,96000,monday,H
Christ College ATM,15/08/2011,28,16,12,95200,53100,42100,monday,H
Big Street ATM,16/08/2011,14,10,4,30800,19300,11500,tuesday,W
Mount Road ATM,16/08/2011,242,111,131,749100,455900,293200,tuesday,W
Airport ATM,16/08/2011,105,83,22,409000,374700,34300,tuesday,W
KK Nagar ATM,16/08/2011,205,150,55,676700,465900,210800,tuesday,W
Christ College ATM,16/08/2011,79,54,25,294700,216900,77800,tuesday,W
Big Street ATM,17/08/2011,24,16,8,85600,76200,9400,wednesday,W
Mount Road ATM,17/08/2011,170,69,101,648400,319500,328900,wednesday,W
Airport ATM,17/08/2011,105,82,23,520400,430300,90100,wednesday,W
KK Nagar ATM,17/08/2011,214,163,51,956700,751600,205100,wednesday,W
Christ College ATM,17/08/2011,55,31,24,251600,142700,108900,wednesday,W
Big Street ATM,18/08/2011,25,12,13,103500,61200,42300,thursday,W
Mount Road ATM,18/08/2011,191,73,118,527300,240200,287100,thursday,W
Airport ATM,18/08/2011,92,73,19,413000,376600,36400,thursday,W
KK Nagar ATM,18/08/2011,170,119,51,608300,444800,163500,thursday,W
Christ College ATM,18/08/2011,60,40,20,255600,211300,44300,thursday,W
Big Street ATM,19/08/2011,22,9,13,48200,26100,22100,friday,W
Mount Road ATM,19/08/2011,184,76,108,582300,292300,290000,friday,W
Airport ATM,19/08/2011,87,72,15,340600,310300,30300,friday,W
KK Nagar ATM,19/08/2011,151,124,27,660000,554000,106000,friday,W
Christ College ATM,19/08/2011,59,33,26,215600,152600,63000,friday,W
Big Street ATM,20/08/2011,36,23,13,101300,76600,24700,saturday,H
Mount Road ATM,20/08/2011,236,84,152,751400,380700,370700,saturday,H
Airport ATM,20/08/2011,55,37,18,238500,208600,29900,saturday,H
KK Nagar ATM,20/08/2011,188,150,38,723500,596000,127500,saturday,H
Christ College ATM,20/08/2011,70,41,29,319300,219600,99700,saturday,H
Big Street ATM,21/08/2011,35,9,26,129100,33700,95400,sunday,H
Mount Road ATM,21/08/2011,143,27,116,316300,83400,232900,sunday,H
Airport ATM,21/08/2011,99,60,39,379300,286400,92900,sunday,H
KK Nagar ATM,21/08/2011,98,85,13,310800,243400,67400,sunday,H
Christ College ATM,21/08/2011,60,34,26,220700,142400,78300,sunday,H
Big Street ATM,22/08/2011,31,15,16,87500,55500,32000,monday,W
Mount Road ATM,22/08/2011,171,68,103,409000,201200,207800,monday,W
Airport ATM,22/08/2011,106,86,20,316700,275500,41200,monday,W
KK Nagar ATM,22/08/2011,201,152,49,853000,581000,272000,monday,W
Christ College ATM,22/08/2011,75,47,28,389400,248900,140500,monday,W
Big Street ATM,23/08/2011,42,21,21,135100,66900,68200,tuesday,W
Mount Road ATM,23/08/2011,162,76,86,443000,211500,231500,tuesday,W
Airport ATM,23/08/2011,89,68,21,376500,320700,55800,tuesday,W
KK Nagar ATM,23/08/2011,159,127,32,654000,504300,149700,tuesday,W
Christ College ATM,23/08/2011,70,48,22,194600,167000,27600,tuesday,W
Big Street ATM,24/08/2011,32,18,14,97600,60200,37400,wednesday,W
Mount Road ATM,24/08/2011,152,79,73,442000,276600,165400,wednesday,W
Airport ATM,24/08/2011,70,52,18,332900,299600,33300,wednesday,W
KK Nagar ATM,24/08/2011,202,158,44,826400,598200,228200,wednesday,W
Christ College ATM,24/08/2011,61,39,22,204500,143000,61500,wednesday,W
Big Street ATM,25/08/2011,29,17,12,125400,98100,27300,thursday,W
Mount Road ATM,25/08/2011,142,73,69,511900,320200,191700,thursday,W
Airport ATM,25/08/2011,83,65,18,374900,279100,95800,thursday,W
KK Nagar ATM,25/08/2011,173,150,23,834700,768700,66000,thursday,W
Christ College ATM,25/08/2011,75,34,41,233300,133400,99900,thursday,W
Big Street ATM,26/08/2011,34,24,10,108500,84500,24000,friday,W
Mount Road ATM,26/08/2011,181,83,98,551700,348500,203200,friday,W
Airport ATM,26/08/2011,113,98,15,464600,449400,15200,friday,W
KK Nagar ATM,26/08/2011,153,122,31,625600,503300,122300,friday,W
Christ College ATM,26/08/2011,74,42,32,286400,201200,85200,friday,W
Big Street ATM,27/08/2011,31,5,26,63500,18300,45200,saturday,H
Mount Road ATM,27/08/2011,249,106,143,729300,425600,303700,saturday,H
Airport ATM,27/08/2011,111,81,30,628900,532700,96200,saturday,H
KK Nagar ATM,27/08/2011,177,142,35,607600,490100,117500,saturday,H
Christ College ATM,27/08/2011,103,39,64,341000,173600,167400,saturday,H
Big Street ATM,28/08/2011,14,10,4,66500,57500,9000,sunday,H
Mount Road ATM,28/08/2011,198,43,155,547300,198000,349300,sunday,H
Airport ATM,28/08/2011,90,67,23,292800,253300,39500,sunday,H
KK Nagar ATM,28/08/2011,78,56,22,223500,163000,60500,sunday,H
Christ College ATM,28/08/2011,79,31,48,259600,107300,152300,sunday,H
Big Street ATM,29/08/2011,38,17,21,103100,58800,44300,monday,W
Mount Road ATM,29/08/2011,159,83,76,444400,250100,194300,monday,W
Airport ATM,29/08/2011,73,55,18,317900,249900,68000,monday,W
KK Nagar ATM,29/08/2011,200,145,55,777100,565300,211800,monday,W
Christ College ATM,29/08/2011,127,49,78,444000,147900,296100,monday,W
Big Street ATM,30/08/2011,42,25,17,144800,108000,36800,tuesday,W
Mount Road ATM,30/08/2011,167,96,71,507600,298600,209000,tuesday,W
Airport ATM,30/08/2011,110,82,28,550100,463000,87100,tuesday,W
KK Nagar ATM,30/08/2011,216,174,42,793600,641200,152400,tuesday,W
Christ College ATM,30/08/2011,132,49,83,436400,202400,234000,tuesday,W
Big Street ATM,31/08/2011,36,14,22,132100,83900,48200,wednesday,H
Mount Road ATM,31/08/2011,164,54,110,465400,160200,305200,wednesday,H
Airport ATM,31/08/2011,79,53,26,384800,337400,47400,wednesday,H
KK Nagar ATM,31/08/2011,193,133,60,689700,454600,235100,wednesday,H
Christ College ATM,31/08/2011,125,38,87,561000,208600,352400,wednesday,H
Big Street ATM,01/09/2011,35,16,19,124000,80900,43100,thursday,H
Mount Road ATM,01/09/2011,114,25,89,315600,105100,210500,thursday,H
Airport ATM,01/09/2011,80,46,34,383300,274000,109300,thursday,H
KK Nagar ATM,01/09/2011,187,106,81,821800,447700,374100,thursday,H
Christ College ATM,01/09/2011,40,23,17,170600,86500,84100,thursday,H
Big Street ATM,02/09/2011,34,22,12,201600,155600,46000,friday,W
Mount Road ATM,02/09/2011,176,107,69,663600,493500,170100,friday,W
Airport ATM,02/09/2011,129,81,48,600600,432600,168000,friday,W
KK Nagar ATM,02/09/2011,197,136,61,866800,560700,306100,friday,W
Christ College ATM,02/09/2011,71,50,21,280100,173300,106800,friday,W
Big Street ATM,03/09/2011,29,14,15,146900,85100,61800,saturday,H
Mount Road ATM,03/09/2011,220,105,115,733800,409700,324100,saturday,H
Airport ATM,03/09/2011,156,109,47,747200,573100,174100,saturday,H
KK Nagar ATM,03/09/2011,218,158,60,899000,641900,257100,saturday,H
Christ College ATM,03/09/2011,96,53,43,467100,321200,145900,saturday,H
Big Street ATM,04/09/2011,67,23,44,232000,118100,113900,sunday,H
Mount Road ATM,04/09/2011,157,52,105,397100,203600,193500,sunday,H
Airport ATM,04/09/2011,141,89,52,576100,441600,134500,sunday,H
KK Nagar ATM,04/09/2011,109,75,34,509300,375500,133800,sunday,H
Christ College ATM,04/09/2011,65,34,31,328700,202900,125800,sunday,H
Big Street ATM,05/09/2011,36,18,18,203100,128300,74800,monday,W
Mount Road ATM,05/09/2011,206,92,114,828100,450600,377500,monday,W
Airport ATM,05/09/2011,134,107,27,644200,546800,97400,monday,W
KK Nagar ATM,05/09/2011,193,146,47,845700,634500,211200,monday,W
Christ College ATM,05/09/2011,106,71,35,542500,371900,170600,monday,W
Big Street ATM,06/09/2011,27,17,10,109000,77600,31400,tuesday,W
Mount Road ATM,06/09/2011,229,99,130,742700,369100,373600,tuesday,W
Airport ATM,06/09/2011,140,106,34,631000,518400,112600,tuesday,W
KK Nagar ATM,06/09/2011,202,155,47,960200,709800,250400,tuesday,W
Christ College ATM,06/09/2011,116,67,49,476200,244500,231700,tuesday,W
Big Street ATM,07/09/2011,38,19,19,111500,58800,52700,wednesday,W
Mount Road ATM,07/09/2011,221,118,103,795000,530000,265000,wednesday,W
Airport ATM,07/09/2011,150,110,40,730000,620700,109300,wednesday,W
KK Nagar ATM,07/09/2011,216,171,45,883900,685600,198300,wednesday,W
Christ College ATM,07/09/2011,72,45,27,359700,270900,88800,wednesday,W
Big Street ATM,08/09/2011,38,17,21,133900,71700,62200,thursday,W
Mount Road ATM,08/09/2011,180,89,91,640100,437500,202600,thursday,W
Airport ATM,08/09/2011,142,107,35,683800,555200,128600,thursday,W
KK Nagar ATM,08/09/2011,173,121,52,674100,493200,180900,thursday,W
Christ College ATM,08/09/2011,79,44,35,345200,211700,133500,thursday,W
Big Street ATM,09/09/2011,23,18,5,105700,82500,23200,friday,W
Mount Road ATM,09/09/2011,125,52,73,370600,172000,198600,friday,W
Airport ATM,09/09/2011,116,82,34,484900,386200,98700,friday,W
KK Nagar ATM,09/09/2011,106,85,21,415000,312900,102100,friday,W
Christ College ATM,09/09/2011,112,39,73,369400,156400,213000,friday,W
Big Street ATM,10/09/2011,32,12,20,67600,29000,38600,saturday,H
Mount Road ATM,10/09/2011,133,77,56,444300,315300,129000,saturday,H
Airport ATM,10/09/2011,142,94,48,663300,523700,139600,saturday,H
KK Nagar ATM,10/09/2011,179,142,37,864500,737800,126700,saturday,H
Christ College ATM,10/09/2011,87,49,38,393600,245700,147900,saturday,H
Big Street ATM,11/09/2011,39,12,27,127100,39600,87500,sunday,H
Mount Road ATM,11/09/2011,152,42,110,312900,121700,191200,sunday,H
Airport ATM,11/09/2011,85,52,33,312200,219300,92900,sunday,H
KK Nagar ATM,11/09/2011,84,55,29,260900,177800,83100,sunday,H
Christ College ATM,11/09/2011,49,25,24,141100,82800,58300,sunday,H
Big Street ATM,12/09/2011,20,14,6,93200,77300,15900,monday,W
Mount Road ATM,12/09/2011,132,86,46,468800,348600,120200,monday,W
Airport ATM,12/09/2011,82,66,16,412900,359500,53400,monday,W
KK Nagar ATM,12/09/2011,192,165,27,950500,825600,124900,monday,W
Christ College ATM,12/09/2011,50,31,19,154400,104200,50200,monday,W
Big Street ATM,13/09/2011,44,26,18,202600,162800,39800,tuesday,W
Mount Road ATM,13/09/2011,140,82,58,429100,279200,149900,tuesday,W
Airport ATM,13/09/2011,113,89,24,449000,358500,90500,tuesday,W
KK Nagar ATM,13/09/2011,156,137,19,631100,570500,60600,tuesday,W
Christ College ATM,13/09/2011,63,49,14,247800,198600,49200,tuesday,W
Big Street ATM,14/09/2011,31,18,13,118900,84000,34900,wednesday,W
Mount Road ATM,14/09/2011,147,80,67,299900,204500,95400,wednesday,W
Airport ATM,14/09/2011,83,68,15,437400,386100,51300,wednesday,W
KK Nagar ATM,14/09/2011,150,126,24,549900,472500,77400,wednesday,W
Christ College ATM,14/09/2011,65,46,19,296200,219100,77100,wednesday,W
Big Street ATM,15/09/2011,27,13,14,115100,70100,45000,thursday,W
Mount Road ATM,15/09/2011,160,75,85,536400,255500,280900,thursday,W
Airport ATM,15/09/2011,94,67,27,374800,324900,49900,thursday,W
KK Nagar ATM,15/09/2011,165,113,52,750100,526000,224100,thursday,W
Christ College ATM,15/09/2011,82,38,44,326900,171600,155300,thursday,W
Big Street ATM,16/09/2011,43,14,29,195400,100700,94700,friday,W
Mount Road ATM,16/09/2011,172,72,100,400100,207300,192800,friday,W
Airport ATM,16/09/2011,99,69,30,354800,306900,47900,friday,W
KK Nagar ATM,16/09/2011,190,131,59,799800,624200,175600,friday,W
Christ College ATM,16/09/2011,74,40,34,370100,233200,136900,friday,W
Big Street ATM,17/09/2011,41,17,24,121000,57200,63800,saturday,H
Mount Road ATM,17/09/2011,118,54,64,335800,236500,99300,saturday,H
Airport ATM,17/09/2011,120,91,29,624100,546800,77300,saturday,H
KK Nagar ATM,17/09/2011,199,146,53,652000,498100,153900,saturday,H
Christ College ATM,17/09/2011,75,42,33,257500,145600,111900,saturday,H
Big Street ATM,18/09/2011,36,17,19,113500,71000,42500,sunday,H
Mount Road ATM,18/09/2011,117,36,81,296300,124500,171800,sunday,H
Airport ATM,18/09/2011,98,68,30,278400,234600,43800,sunday,H
KK Nagar ATM,18/09/2011,100,79,21,287200,231400,55800,sunday,H
Christ College ATM,18/09/2011,51,32,19,196500,109800,86700,sunday,H
Big Street ATM,19/09/2011,35,15,20,133200,81600,51600,monday,W
Mount Road ATM,19/09/2011,210,103,107,616200,364800,251400,monday,W
Airport ATM,19/09/2011,113,89,24,493600,420700,72900,monday,W
KK Nagar ATM,19/09/2011,160,135,25,551500,483000,68500,monday,W
Christ College ATM,19/09/2011,53,36,17,214300,159500,54800,monday,W
Big Street ATM,20/09/2011,33,19,14,117300,83100,34200,tuesday,W
Mount Road ATM,20/09/2011,162,63,99,399000,196300,202700,tuesday,W
Airport ATM,20/09/2011,87,61,26,378400,301100,77300,tuesday,W
KK Nagar ATM,20/09/2011,125,95,30,442600,357100,85500,tuesday,W
Christ College ATM,20/09/2011,70,39,31,293200,181200,112000,tuesday,W
Big Street ATM,21/09/2011,25,17,8,85600,73800,11800,wednesday,W
Mount Road ATM,21/09/2011,167,81,86,577900,363800,214100,wednesday,W
Airport ATM,21/09/2011,95,66,29,344200,249100,95100,wednesday,W
KK Nagar ATM,21/09/2011,169,142,27,564600,468400,96200,wednesday,W
Christ College ATM,21/09/2011,84,44,40,282200,157400,124800,wednesday,W
Big Street ATM,22/09/2011,23,13,10,51900,35900,16000,thursday,W
Mount Road ATM,22/09/2011,147,72,75,357300,184100,173200,thursday,W
Airport ATM,22/09/2011,83,69,14,286400,271600,14800,thursday,W
KK Nagar ATM,22/09/2011,140,120,20,615300,533500,81800,thursday,W
Christ College ATM,22/09/2011,66,42,24,257700,187300,70400,thursday,W
Big Street ATM,23/09/2011,34,22,12,106000,86900,19100,friday,W
Mount Road ATM,23/09/2011,153,82,71,334100,200100,134000,friday,W
Airport ATM,23/09/2011,92,60,32,304300,242300,62000,friday,W
KK Nagar ATM,23/09/2011,154,118,36,598900,478900,120000,friday,W
Christ College ATM,23/09/2011,74,44,30,323300,220600,102700,friday,W
Big Street ATM,24/09/2011,28,13,15,69500,35300,34200,saturday,H
Mount Road ATM,24/09/2011,180,82,98,612200,376400,235800,saturday,H
Airport ATM,24/09/2011,121,91,30,491800,420500,71300,saturday,H
KK Nagar ATM,24/09/2011,158,122,36,660700,516800,143900,saturday,H
Christ College ATM,24/09/2011,84,54,30,304900,228300,76600,saturday,H
Big Street ATM,25/09/2011,40,24,16,145800,102400,43400,sunday,H
Mount Road ATM,25/09/2011,145,36,109,384300,146000,238300,sunday,H
Airport ATM,25/09/2011,97,75,22,475100,435600,39500,sunday,H
KK Nagar ATM,25/09/2011,102,79,23,327900,257000,70900,sunday,H
Christ College ATM,25/09/2011,45,21,24,168800,89700,79100,sunday,H
Big Street ATM,26/09/2011,18,10,8,32000,19500,12500,monday,W
Mount Road ATM,26/09/2011,149,75,74,384100,223200,160900,monday,W
Airport ATM,26/09/2011,107,96,11,433600,419300,14300,monday,W
KK Nagar ATM,26/09/2011,185,149,36,739600,635500,104100,monday,W
Christ College ATM,26/09/2011,58,28,30,186600,69200,117400,monday,W
Big Street ATM,27/09/2011,44,25,19,160400,85200,75200,tuesday,W
Mount Road ATM,27/09/2011,160,90,70,513500,337300,176200,tuesday,W
Airport ATM,27/09/2011,86,70,16,333100,289200,43900,tuesday,W
KK Nagar ATM,27/09/2011,185,154,31,824900,690300,134600,tuesday,W
Christ College ATM,27/09/2011,52,31,21,174500,113700,60800,tuesday,W
Big Street ATM,28/09/2011,42,16,26,149300,38400,110900,wednesday,W
Mount Road ATM,28/09/2011,154,75,79,460200,255900,204300,wednesday,W
Airport ATM,28/09/2011,88,72,16,417900,373700,44200,wednesday,W
KK Nagar ATM,28/09/2011,184,152,32,843700,680100,163600,wednesday,W
Christ College ATM,28/09/2011,72,37,35,233600,130700,102900,wednesday,W
Big Street ATM,29/09/2011,28,13,15,69500,42100,27400,thursday,W
Mount Road ATM,29/09/2011,151,79,72,494400,314600,179800,thursday,W
Airport ATM,29/09/2011,105,77,28,401100,316800,84300,thursday,W
KK Nagar ATM,29/09/2011,206,142,64,994200,735400,258800,thursday,W
Christ College ATM,29/09/2011,96,42,54,438400,205000,233400,thursday,W
Big Street ATM,30/09/2011,35,19,16,177700,144600,33100,friday,W
Mount Road ATM,30/09/2011,161,89,72,470400,266600,203800,friday,W
Airport ATM,30/09/2011,79,65,14,338600,287400,51200,friday,W
KK Nagar ATM,30/09/2011,166,125,41,641900,454700,187200,friday,W
Christ College ATM,30/09/2011,65,38,27,275100,206500,68600,friday,W
Big Street ATM,01/10/2011,53,38,15,239500,192600,46900,saturday,H
Mount Road ATM,01/10/2011,246,99,147,788500,411600,376900,saturday,H
Airport ATM,01/10/2011,143,107,36,721900,572800,149100,saturday,H
KK Nagar ATM,01/10/2011,189,131,58,822800,525400,297400,saturday,H
Christ College ATM,01/10/2011,100,34,66,376100,126300,249800,saturday,H
Big Street ATM,02/10/2011,43,18,25,149000,63500,85500,sunday,H
Mount Road ATM,02/10/2011,215,40,175,759200,246700,512500,sunday,H
Airport ATM,02/10/2011,97,62,35,397700,293300,104400,sunday,H
KK Nagar ATM,02/10/2011,133,94,39,470400,311000,159400,sunday,H
Christ College ATM,02/10/2011,80,20,60,263000,81900,181100,sunday,H
Big Street ATM,03/10/2011,22,17,5,113200,96100,17100,monday,W
Mount Road ATM,03/10/2011,96,57,39,339700,221000,118700,monday,W
Airport ATM,03/10/2011,71,59,12,338600,306000,32600,monday,W
KK Nagar ATM,03/10/2011,119,96,23,464500,388900,75600,monday,W
Christ College ATM,03/10/2011,37,22,15,178100,106900,71200,monday,W
Big Street ATM,04/10/2011,23,13,10,68900,46700,22200,tuesday,W
Mount Road ATM,04/10/2011,194,82,112,642400,354900,287500,tuesday,W
Airport ATM,04/10/2011,114,85,29,704300,607900,96400,tuesday,W
KK Nagar ATM,04/10/2011,193,163,30,808500,699000,109500,tuesday,W
Christ College ATM,04/10/2011,67,40,27,265500,152200,113300,tuesday,W
Big Street ATM,05/10/2011,39,23,16,151600,114300,37300,wednesday,H
Mount Road ATM,05/10/2011,296,63,233,839900,280700,559200,wednesday,H
Airport ATM,05/10/2011,93,64,29,380000,280300,99700,wednesday,H
KK Nagar ATM,05/10/2011,171,132,39,654400,531000,123400,wednesday,H
Christ College ATM,05/10/2011,36,17,19,123600,69100,54500,wednesday,H
Mount Road ATM,06/10/2011,240,65,175,840200,300400,539800,thursday,H
Airport ATM,06/10/2011,95,58,37,411600,255700,155900,thursday,H
KK Nagar ATM,06/10/2011,272,174,98,1195700,767900,427800,thursday,H
Christ College ATM,06/10/2011,74,46,28,356100,240800,115300,thursday,H
Big Street ATM,07/10/2011,14,9,5,36500,28000,8500,friday,W
Mount Road ATM,07/10/2011,113,52,61,392400,252700,139700,friday,W
Airport ATM,07/10/2011,107,73,34,485400,359100,126300,friday,W
KK Nagar ATM,07/10/2011,157,118,39,588400,414200,174200,friday,W
Christ College ATM,07/10/2011,86,54,32,360000,228600,131400,friday,W
Big Street ATM,08/10/2011,44,19,25,210500,138500,72000,saturday,H
Mount Road ATM,08/10/2011,236,93,143,729600,340500,389100,saturday,H
Airport ATM,08/10/2011,118,94,24,615700,526900,88800,saturday,H
KK Nagar ATM,08/10/2011,204,158,46,952300,741700,210600,saturday,H
Christ College ATM,08/10/2011,110,80,30,582300,455000,127300,saturday,H
Big Street ATM,09/10/2011,45,24,21,181300,144200,37100,sunday,H
Mount Road ATM,09/10/2011,166,44,122,486400,145200,341200,sunday,H
Airport ATM,09/10/2011,107,73,34,496400,392100,104300,sunday,H
KK Nagar ATM,09/10/2011,152,108,44,558100,364300,193800,sunday,H
Christ College ATM,09/10/2011,54,24,30,191800,89000,102800,sunday,H
Big Street ATM,10/10/2011,41,21,20,205000,152200,52800,monday,W
Mount Road ATM,10/10/2011,212,110,102,662200,385500,276700,monday,W
Airport ATM,10/10/2011,117,104,13,751900,687200,64700,monday,W
KK Nagar ATM,10/10/2011,207,160,47,1136600,894300,242300,monday,W
Christ College ATM,10/10/2011,131,74,57,590500,359100,231400,monday,W
Big Street ATM,11/10/2011,30,11,19,106200,64500,41700,tuesday,W
Mount Road ATM,11/10/2011,189,83,106,524300,297000,227300,tuesday,W
Airport ATM,11/10/2011,108,83,25,516900,398000,118900,tuesday,W
KK Nagar ATM,11/10/2011,192,157,35,765800,661100,104700,tuesday,W
Christ College ATM,11/10/2011,83,57,26,423700,313900,109800,tuesday,W
Big Street ATM,12/10/2011,39,22,17,231900,122200,109700,wednesday,W
Mount Road ATM,12/10/2011,174,80,94,472600,261000,211600,wednesday,W
Airport ATM,12/10/2011,98,70,28,498600,364900,133700,wednesday,W
KK Nagar ATM,12/10/2011,150,120,30,545700,428800,116900,wednesday,W
Christ College ATM,12/10/2011,86,63,23,474500,394800,79700,wednesday,W
Big Street ATM,13/10/2011,36,20,16,155600,119500,36100,thursday,W
Mount Road ATM,13/10/2011,147,91,56,459100,344900,114200,thursday,W
Airport ATM,13/10/2011,131,113,18,602900,548200,54700,thursday,W
KK Nagar ATM,13/10/2011,195,147,48,810900,570100,240800,thursday,W
Christ College ATM,13/10/2011,75,45,30,297200,185300,111900,thursday,W
Big Street ATM,14/10/2011,44,19,25,183700,101700,82000,friday,W
Mount Road ATM,14/10/2011,201,100,101,603100,384500,218600,friday,W
Airport ATM,14/10/2011,70,56,14,395500,365100,30400,friday,W
KK Nagar ATM,14/10/2011,171,134,37,712700,545000,167700,friday,W
Christ College ATM,14/10/2011,55,35,20,234600,159300,75300,friday,W
Big Street ATM,15/10/2011,52,22,30,173600,92800,80800,saturday,H
Mount Road ATM,15/10/2011,219,91,128,591200,301100,290100,saturday,H
Airport ATM,15/10/2011,112,89,23,632400,566500,65900,saturday,H
KK Nagar ATM,15/10/2011,182,149,33,645900,507300,138600,saturday,H
Christ College ATM,15/10/2011,98,46,52,436600,231400,205200,saturday,H
Big Street ATM,16/10/2011,41,15,26,143500,67600,75900,sunday,H
Mount Road ATM,16/10/2011,248,60,188,527900,220400,307500,sunday,H
Airport ATM,16/10/2011,102,75,27,399500,350400,49100,sunday,H
KK Nagar ATM,16/10/2011,154,102,52,556400,383000,173400,sunday,H
Christ College ATM,16/10/2011,59,24,35,206600,86100,120500,sunday,H
Big Street ATM,17/10/2011,24,13,11,102000,72800,29200,monday,W
Mount Road ATM,17/10/2011,214,64,150,466600,198700,267900,monday,W
Airport ATM,17/10/2011,54,43,11,252100,228500,23600,monday,W
KK Nagar ATM,17/10/2011,162,123,39,561500,445900,115600,monday,W
Christ College ATM,17/10/2011,41,20,21,130300,62400,67900,monday,W
Big Street ATM,18/10/2011,35,22,13,136200,115300,20900,tuesday,W
Mount Road ATM,18/10/2011,228,88,140,595100,280100,315000,tuesday,W
Airport ATM,18/10/2011,88,71,17,496300,460900,35400,tuesday,W
KK Nagar ATM,18/10/2011,184,143,41,802000,648500,153500,tuesday,W
Christ College ATM,18/10/2011,112,44,68,473900,239700,234200,tuesday,W
Big Street ATM,19/10/2011,49,20,29,179200,64800,114400,wednesday,W
Mount Road ATM,19/10/2011,232,91,141,621400,299100,322300,wednesday,W
Airport ATM,19/10/2011,99,74,25,366100,301200,64900,wednesday,W
KK Nagar ATM,19/10/2011,173,129,44,822800,659400,163400,wednesday,W
Christ College ATM,19/10/2011,90,51,39,298800,184400,114400,wednesday,W
Big Street ATM,20/10/2011,16,4,12,59400,30100,29300,thursday,W
Mount Road ATM,20/10/2011,261,91,170,764600,273600,491000,thursday,W
Airport ATM,20/10/2011,93,77,16,381500,347500,34000,thursday,W
KK Nagar ATM,20/10/2011,198,163,35,819800,665800,154000,thursday,W
Christ College ATM,20/10/2011,132,56,76,681500,378500,303000,thursday,W
Big Street ATM,21/10/2011,36,18,18,109000,62200,46800,friday,W
Mount Road ATM,21/10/2011,289,111,178,954400,423300,531100,friday,W
Airport ATM,21/10/2011,97,77,20,401000,365800,35200,friday,W
KK Nagar ATM,21/10/2011,227,188,39,912700,761300,151400,friday,W
Christ College ATM,21/10/2011,104,36,68,433800,202500,231300,friday,W
Big Street ATM,22/10/2011,29,10,19,90900,44200,46700,saturday,H
Mount Road ATM,22/10/2011,311,114,197,948000,415300,532700,saturday,H
Airport ATM,22/10/2011,132,104,28,489100,418900,70200,saturday,H
KK Nagar ATM,22/10/2011,215,149,66,1006100,711200,294900,saturday,H
Christ College ATM,22/10/2011,204,61,143,781500,277500,504000,saturday,H
Big Street ATM,23/10/2011,34,17,17,150300,79600,70700,sunday,H
Mount Road ATM,23/10/2011,293,55,238,628500,203300,425200,sunday,H
Airport ATM,23/10/2011,94,74,20,327700,278900,48800,sunday,H
KK Nagar ATM,23/10/2011,195,124,71,653600,418500,235100,sunday,H
Christ College ATM,23/10/2011,99,36,63,380700,181100,199600,sunday,H
Big Street ATM,24/10/2011,37,28,9,166500,134500,32000,monday,W
Mount Road ATM,24/10/2011,207,105,102,665800,356800,309000,monday,W
Airport ATM,24/10/2011,116,90,26,412700,359600,53100,monday,W
KK Nagar ATM,24/10/2011,244,183,61,1021300,748400,272900,monday,W
Christ College ATM,24/10/2011,134,50,84,490400,255100,235300,monday,W
Big Street ATM,25/10/2011,53,23,30,208900,92100,116800,tuesday,W
Mount Road ATM,25/10/2011,172,64,108,476100,188600,287500,tuesday,W
Airport ATM,25/10/2011,98,73,25,292900,204500,88400,tuesday,W
KK Nagar ATM,25/10/2011,270,201,69,926800,766200,160600,tuesday,W
Christ College ATM,25/10/2011,100,56,44,424600,292400,132200,tuesday,W
Big Street ATM,26/10/2011,24,8,16,67000,45600,21400,wednesday,H
Mount Road ATM,26/10/2011,93,20,73,201600,84500,117100,wednesday,H
Airport ATM,26/10/2011,43,26,17,151000,105500,45500,wednesday,H
KK Nagar ATM,26/10/2011,94,43,51,226300,109800,116500,wednesday,H
Christ College ATM,26/10/2011,24,14,10,59900,30500,29400,wednesday,H
Big Street ATM,27/10/2011,16,7,9,55100,25100,30000,thursday,W
Mount Road ATM,27/10/2011,143,78,65,457800,317200,140600,thursday,W
Airport ATM,27/10/2011,95,73,22,514300,429000,85300,thursday,W
KK Nagar ATM,27/10/2011,136,94,42,577400,375600,201800,thursday,W
Christ College ATM,27/10/2011,55,40,15,216400,177200,39200,thursday,W
Big Street ATM,28/10/2011,28,10,18,108800,38600,70200,friday,W
Mount Road ATM,28/10/2011,163,79,84,513700,289800,223900,friday,W
Airport ATM,28/10/2011,88,68,20,403100,354000,49100,friday,W
KK Nagar ATM,28/10/2011,132,104,28,590600,462800,127800,friday,W
Christ College ATM,28/10/2011,54,34,20,189000,116700,72300,friday,W
Big Street ATM,29/10/2011,33,15,18,86100,47300,38800,saturday,H
Mount Road ATM,29/10/2011,129,68,61,436300,328800,107500,saturday,H
Airport ATM,29/10/2011,66,55,11,280900,259100,21800,saturday,H
KK Nagar ATM,29/10/2011,152,109,43,788000,596400,191600,saturday,H
Christ College ATM,29/10/2011,56,38,18,237900,167900,70000,saturday,H
Big Street ATM,30/10/2011,37,22,15,87700,59400,28300,sunday,H
Mount Road ATM,30/10/2011,120,32,88,271500,112500,159000,sunday,H
Airport ATM,30/10/2011,85,63,22,339100,275000,64100,sunday,H
KK Nagar ATM,30/10/2011,82,53,29,278600,184900,93700,sunday,H
Christ College ATM,30/10/2011,42,18,24,105500,36700,68800,sunday,H
Big Street ATM,31/10/2011,23,12,11,88300,41500,46800,monday,W
Mount Road ATM,31/10/2011,153,82,71,468600,289300,179300,monday,W
Airport ATM,31/10/2011,100,64,36,506700,346000,160700,monday,W
KK Nagar ATM,31/10/2011,185,139,46,800700,628100,172600,monday,W
Christ College ATM,31/10/2011,58,37,21,263900,183100,80800,monday,W
Big Street ATM,01/11/2011,38,19,19,183200,121800,61400,tuesday,W
Mount Road ATM,01/11/2011,139,75,64,501800,324700,177100,tuesday,W
Airport ATM,01/11/2011,98,71,27,429900,327700,102200,tuesday,W
KK Nagar ATM,01/11/2011,171,122,49,861900,578600,283300,tuesday,W
Christ College ATM,01/11/2011,90,62,28,397000,278800,118200,tuesday,W
Big Street ATM,02/11/2011,41,23,18,223200,167700,55500,wednesday,W
Mount Road ATM,02/11/2011,216,110,106,900000,492400,407600,wednesday,W
Airport ATM,02/11/2011,100,76,24,475900,382900,93000,wednesday,W
KK Nagar ATM,02/11/2011,223,150,73,1120400,760300,360100,wednesday,W
Christ College ATM,02/11/2011,97,39,58,417400,129900,287500,wednesday,W
Big Street ATM,03/11/2011,38,19,19,131600,94200,37400,thursday,W
Mount Road ATM,03/11/2011,157,83,74,514100,286100,228000,thursday,W
Airport ATM,03/11/2011,87,57,30,416800,336400,80400,thursday,W
KK Nagar ATM,03/11/2011,181,124,57,721400,441800,279600,thursday,W
Christ College ATM,03/11/2011,110,49,61,473000,173500,299500,thursday,W
Big Street ATM,04/11/2011,44,24,20,178800,128200,50600,friday,W
Mount Road ATM,04/11/2011,125,63,62,436800,234600,202200,friday,W
Airport ATM,04/11/2011,67,55,12,362500,345100,17400,friday,W
KK Nagar ATM,04/11/2011,158,116,42,705200,544700,160500,friday,W
Christ College ATM,04/11/2011,93,70,23,463400,329600,133800,friday,W
Big Street ATM,05/11/2011,41,13,28,117700,39300,78400,saturday,H
Mount Road ATM,05/11/2011,216,99,117,903100,495000,408100,saturday,H
Airport ATM,05/11/2011,98,74,24,507300,418000,89300,saturday,H
KK Nagar ATM,05/11/2011,232,172,60,965700,675500,290200,saturday,H
Christ College ATM,05/11/2011,122,79,43,484500,286100,198400,saturday,H
Big Street ATM,06/11/2011,30,11,19,121000,54600,66400,sunday,H
Mount Road ATM,06/11/2011,194,37,157,528900,140500,388400,sunday,H
Airport ATM,06/11/2011,100,62,38,360800,258200,102600,sunday,H
KK Nagar ATM,06/11/2011,116,73,43,500600,323100,177500,sunday,H
Christ College ATM,06/11/2011,83,32,51,326100,161900,164200,sunday,H
Big Street ATM,07/11/2011,12,5,7,39500,28700,10800,monday,H
Mount Road ATM,07/11/2011,148,61,87,399200,231300,167900,monday,H
Airport ATM,07/11/2011,98,79,19,416000,350000,66000,monday,H
KK Nagar ATM,07/11/2011,161,100,61,581800,368700,213100,monday,H
Christ College ATM,07/11/2011,56,33,23,161400,92500,68900,monday,H
Big Street ATM,08/11/2011,28,17,11,112300,94700,17600,tuesday,W
Mount Road ATM,08/11/2011,174,95,79,585200,385800,199400,tuesday,W
Airport ATM,08/11/2011,110,78,32,468800,408500,60300,tuesday,W
KK Nagar ATM,08/11/2011,182,124,58,795200,561900,233300,tuesday,W
Christ College ATM,08/11/2011,97,43,54,442500,170500,272000,tuesday,W
Big Street ATM,09/11/2011,32,18,14,141300,95300,46000,wednesday,W
Mount Road ATM,09/11/2011,199,108,91,645100,390700,254400,wednesday,W
Airport ATM,09/11/2011,133,95,38,545000,433400,111600,wednesday,W
KK Nagar ATM,09/11/2011,193,136,57,863500,632000,231500,wednesday,W
Christ College ATM,09/11/2011,101,41,60,412700,201100,211600,wednesday,W
Big Street ATM,10/11/2011,37,18,19,121900,87600,34300,thursday,W
Mount Road ATM,10/11/2011,165,101,64,508400,345000,163400,thursday,W
Airport ATM,10/11/2011,94,69,25,413500,330100,83400,thursday,W
KK Nagar ATM,10/11/2011,156,119,37,619400,497400,122000,thursday,W
Christ College ATM,10/11/2011,81,46,35,319000,220700,98300,thursday,W
Big Street ATM,11/11/2011,34,11,23,102200,33600,68600,friday,W
Mount Road ATM,11/11/2011,154,80,74,526200,357900,168300,friday,W
Airport ATM,11/11/2011,111,73,38,579600,391200,188400,friday,W
KK Nagar ATM,11/11/2011,141,103,38,500600,358300,142300,friday,W
Christ College ATM,11/11/2011,97,42,55,412300,190000,222300,friday,W
Mount Road ATM,12/11/2011,160,83,77,364400,242600,121800,saturday,H
Airport ATM,12/11/2011,113,82,31,449100,362300,86800,saturday,H
KK Nagar ATM,12/11/2011,184,135,49,594700,425300,169400,saturday,H
Christ College ATM,12/11/2011,76,48,28,351100,222600,128500,saturday,H
Big Street ATM,13/11/2011,15,8,7,45100,35900,9200,sunday,H
Mount Road ATM,13/11/2011,155,44,111,319300,121300,198000,sunday,H
Airport ATM,13/11/2011,94,70,24,338600,293000,45600,sunday,H
KK Nagar ATM,13/11/2011,118,85,33,346900,254600,92300,sunday,H
Christ College ATM,13/11/2011,71,38,33,218200,125700,92500,sunday,H
Big Street ATM,14/11/2011,16,8,8,36300,6300,30000,monday,W
Mount Road ATM,14/11/2011,169,84,85,530300,312700,217600,monday,W
Airport ATM,14/11/2011,97,74,23,369000,287500,81500,monday,W
KK Nagar ATM,14/11/2011,175,132,43,864000,710300,153700,monday,W
Christ College ATM,14/11/2011,75,38,37,359900,212700,147200,monday,W
Big Street ATM,15/11/2011,36,16,20,100000,36000,64000,tuesday,W
Mount Road ATM,15/11/2011,162,80,82,525900,360200,165700,tuesday,W
Airport ATM,15/11/2011,107,87,20,483800,389100,94700,tuesday,W
KK Nagar ATM,15/11/2011,162,137,25,703100,614000,89100,tuesday,W
Christ College ATM,15/11/2011,96,50,46,421300,235200,186100,tuesday,W
Big Street ATM,16/11/2011,25,14,11,78000,60900,17100,wednesday,W
Mount Road ATM,16/11/2011,150,82,68,471000,318000,153000,wednesday,W
Airport ATM,16/11/2011,40,40,0,161000,161000,0,wednesday,W
KK Nagar ATM,16/11/2011,152,122,30,680200,594400,85800,wednesday,W
Christ College ATM,16/11/2011,64,33,31,243700,167500,76200,wednesday,W
Big Street ATM,17/11/2011,37,18,19,125700,76900,48800,thursday,W
Mount Road ATM,17/11/2011,131,66,65,340200,171800,168400,thursday,W
Airport ATM,17/11/2011,71,56,15,359900,326800,33100,thursday,W
KK Nagar ATM,17/11/2011,168,131,37,676200,555000,121200,thursday,W
Christ College ATM,17/11/2011,88,56,32,355800,260600,95200,thursday,W
Big Street ATM,18/11/2011,28,15,13,134800,94000,40800,friday,W
Mount Road ATM,18/11/2011,112,65,47,222400,164200,58200,friday,W
Airport ATM,18/11/2011,80,59,21,321400,261900,59500,friday,W
KK Nagar ATM,18/11/2011,141,114,27,679400,556500,122900,friday,W
Christ College ATM,18/11/2011,61,35,26,204700,139400,65300,friday,W
Big Street ATM,19/11/2011,24,11,13,63600,44700,18900,saturday,H
Mount Road ATM,19/11/2011,158,72,86,386400,220800,165600,saturday,H
Airport ATM,19/11/2011,104,75,29,433600,336200,97400,saturday,H
KK Nagar ATM,19/11/2011,224,177,47,828300,669900,158400,saturday,H
Christ College ATM,19/11/2011,83,54,29,346900,278200,68700,saturday,H
Big Street ATM,20/11/2011,37,20,17,116800,67600,49200,sunday,H
Mount Road ATM,20/11/2011,169,41,128,399200,128700,270500,sunday,H
Airport ATM,20/11/2011,109,70,39,343800,264700,79100,sunday,H
KK Nagar ATM,20/11/2011,107,83,24,264500,193200,71300,sunday,H
Christ College ATM,20/11/2011,54,29,25,153700,70600,83100,sunday,H
Big Street ATM,21/11/2011,32,17,15,135900,85600,50300,monday,W
Mount Road ATM,21/11/2011,210,73,137,622800,255000,367800,monday,W
Airport ATM,21/11/2011,94,77,17,391800,358300,33500,monday,W
KK Nagar ATM,21/11/2011,150,120,30,671000,552400,118600,monday,W
Christ College ATM,21/11/2011,68,38,30,225500,109300,116200,monday,W
Big Street ATM,22/11/2011,36,19,17,90700,60700,30000,tuesday,W
Mount Road ATM,22/11/2011,132,46,86,311800,150700,161100,tuesday,W
Airport ATM,22/11/2011,94,70,24,379400,322500,56900,tuesday,W
KK Nagar ATM,22/11/2011,150,122,28,587000,457700,129300,tuesday,W
Christ College ATM,22/11/2011,81,46,35,351500,219000,132500,tuesday,W
Big Street ATM,23/11/2011,25,7,18,87700,20500,67200,wednesday,W
Mount Road ATM,23/11/2011,164,69,95,521200,237400,283800,wednesday,W
Airport ATM,23/11/2011,97,84,13,350900,322500,28400,wednesday,W
KK Nagar ATM,23/11/2011,151,112,39,615900,476200,139700,wednesday,W
Christ College ATM,23/11/2011,71,42,29,247800,156400,91400,wednesday,W
Big Street ATM,24/11/2011,25,16,9,75500,44100,31400,thursday,W
Mount Road ATM,24/11/2011,119,50,69,359700,159100,200600,thursday,W
Airport ATM,24/11/2011,83,67,16,363300,328300,35000,thursday,W
KK Nagar ATM,24/11/2011,125,109,16,539800,472400,67400,thursday,W
Christ College ATM,24/11/2011,72,44,28,268100,186200,81900,thursday,W
Big Street ATM,25/11/2011,33,11,22,109400,38400,71000,friday,W
Mount Road ATM,25/11/2011,95,52,43,242500,173800,68700,friday,W
Airport ATM,25/11/2011,87,72,15,294100,258900,35200,friday,W
KK Nagar ATM,25/11/2011,116,95,21,459400,398000,61400,friday,W
Christ College ATM,25/11/2011,62,36,26,240300,175400,64900,friday,W
Big Street ATM,26/11/2011,48,23,25,175800,97200,78600,saturday,H
Mount Road ATM,26/11/2011,138,63,75,462900,266000,196900,saturday,H
Airport ATM,26/11/2011,77,63,14,340600,311200,29400,saturday,H
KK Nagar ATM,26/11/2011,176,128,48,717200,513100,204100,saturday,H
Christ College ATM,26/11/2011,60,39,21,283300,214500,68800,saturday,H
Big Street ATM,27/11/2011,27,8,19,45700,28200,17500,sunday,H
Mount Road ATM,27/11/2011,94,29,65,249300,67100,182200,sunday,H
Airport ATM,27/11/2011,65,50,15,138500,120400,18100,sunday,H
KK Nagar ATM,27/11/2011,89,67,22,334900,243900,91000,sunday,H
Christ College ATM,27/11/2011,42,27,15,123000,85700,37300,sunday,H
Big Street ATM,28/11/2011,27,9,18,96400,30700,65700,monday,W
Mount Road ATM,28/11/2011,130,74,56,427700,246100,181600,monday,W
Airport ATM,28/11/2011,86,73,13,272600,260100,12500,monday,W
KK Nagar ATM,28/11/2011,175,123,52,772900,574400,198500,monday,W
Christ College ATM,28/11/2011,79,42,37,298300,145000,153300,monday,W
Big Street ATM,29/11/2011,35,17,18,115300,64600,50700,tuesday,W
Mount Road ATM,29/11/2011,144,75,69,436600,255800,180800,tuesday,W
Airport ATM,29/11/2011,88,71,17,358400,300200,58200,tuesday,W
KK Nagar ATM,29/11/2011,157,123,34,656900,493900,163000,tuesday,W
Christ College ATM,29/11/2011,91,57,34,458900,321700,137200,tuesday,W
Big Street ATM,30/11/2011,34,19,15,119200,94300,24900,wednesday,W
Mount Road ATM,30/11/2011,144,67,77,439300,220900,218400,wednesday,W
Airport ATM,30/11/2011,112,85,27,645300,529600,115700,wednesday,W
KK Nagar ATM,30/11/2011,155,117,38,664700,485500,179200,wednesday,W
Christ College ATM,30/11/2011,71,38,33,340400,203000,137400,wednesday,W
Big Street ATM,01/12/2011,28,16,12,122800,77500,45300,thursday,W
Mount Road ATM,01/12/2011,137,72,65,560100,357800,202300,thursday,W
Airport ATM,01/12/2011,112,80,32,517900,398200,119700,thursday,W
KK Nagar ATM,01/12/2011,230,160,70,1016100,719500,296600,thursday,W
Christ College ATM,01/12/2011,86,38,48,411900,193700,218200,thursday,W
Big Street ATM,02/12/2011,43,22,21,180900,110100,70800,friday,W
Mount Road ATM,02/12/2011,170,102,68,625900,457900,168000,friday,W
Airport ATM,02/12/2011,111,89,22,620200,514500,105700,friday,W
KK Nagar ATM,02/12/2011,244,157,87,1159400,772800,386600,friday,W
Christ College ATM,02/12/2011,83,52,31,365500,236100,129400,friday,W
Big Street ATM,03/12/2011,41,12,29,132000,29900,102100,saturday,H
Mount Road ATM,03/12/2011,198,77,121,742300,349300,393000,saturday,H
Airport ATM,03/12/2011,135,97,38,701300,510800,190500,saturday,H
KK Nagar ATM,03/12/2011,196,134,62,889000,623800,265200,saturday,H
Christ College ATM,03/12/2011,111,76,35,527700,345300,182400,saturday,H
Big Street ATM,04/12/2011,74,20,54,253700,96000,157700,sunday,H
Mount Road ATM,04/12/2011,174,48,126,532400,220400,312000,sunday,H
Airport ATM,04/12/2011,115,80,35,557100,432100,125000,sunday,H
KK Nagar ATM,04/12/2011,136,82,54,560800,351600,209200,sunday,H
Christ College ATM,04/12/2011,71,39,32,294800,195300,99500,sunday,H
Big Street ATM,05/12/2011,46,14,32,211700,84200,127500,monday,W
Mount Road ATM,05/12/2011,160,76,84,598500,349900,248600,monday,W
Airport ATM,05/12/2011,100,79,21,420500,367400,53100,monday,W
KK Nagar ATM,05/12/2011,251,175,76,1254100,906300,347800,monday,W
Christ College ATM,05/12/2011,93,49,44,429600,236800,192800,monday,W
Big Street ATM,06/12/2011,52,11,41,190200,60000,130200,tuesday,H
Mount Road ATM,06/12/2011,207,72,135,798100,415100,383000,tuesday,H
Airport ATM,06/12/2011,92,57,35,392500,260400,132100,tuesday,H
KK Nagar ATM,06/12/2011,167,98,69,570300,367600,202700,tuesday,H
Christ College ATM,06/12/2011,95,40,55,420800,183700,237100,tuesday,H
Big Street ATM,07/12/2011,39,19,20,127600,63900,63700,wednesday,W
Mount Road ATM,07/12/2011,179,103,76,670300,446500,223800,wednesday,W
Airport ATM,07/12/2011,119,85,34,464200,325700,138500,wednesday,W
KK Nagar ATM,07/12/2011,184,143,41,817700,636000,181700,wednesday,W
Christ College ATM,07/12/2011,107,56,51,493300,274800,218500,wednesday,W
Big Street ATM,08/12/2011,38,10,28,106000,23600,82400,thursday,W
Mount Road ATM,08/12/2011,163,76,87,576600,318200,258400,thursday,W
Airport ATM,08/12/2011,119,81,38,583200,449200,134000,thursday,W
KK Nagar ATM,08/12/2011,164,126,38,747900,591000,156900,thursday,W
Christ College ATM,08/12/2011,78,43,35,356500,189200,167300,thursday,W
Big Street ATM,09/12/2011,50,20,30,168200,81400,86800,friday,W
Mount Road ATM,09/12/2011,168,97,71,589900,408000,181900,friday,W
Airport ATM,09/12/2011,109,93,16,469600,420000,49600,friday,W
KK Nagar ATM,09/12/2011,172,133,39,816600,661700,154900,friday,W
Christ College ATM,09/12/2011,98,54,44,414700,257600,157100,friday,W
Big Street ATM,10/12/2011,39,25,14,154900,123800,31100,saturday,H
Mount Road ATM,10/12/2011,170,95,75,528900,305300,223600,saturday,H
Airport ATM,10/12/2011,116,85,31,648300,538100,110200,saturday,H
KK Nagar ATM,10/12/2011,170,136,34,769200,641500,127700,saturday,H
Christ College ATM,10/12/2011,100,55,45,384600,210600,174000,saturday,H
Big Street ATM,11/12/2011,41,17,24,105300,48100,57200,sunday,H
Mount Road ATM,11/12/2011,118,22,96,300700,130900,169800,sunday,H
Airport ATM,11/12/2011,104,78,26,382100,310200,71900,sunday,H
KK Nagar ATM,11/12/2011,90,64,26,318700,238300,80400,sunday,H
Christ College ATM,11/12/2011,41,13,28,131400,48400,83000,sunday,H
Big Street ATM,12/12/2011,36,18,18,144100,95300,48800,monday,W
Mount Road ATM,12/12/2011,155,91,64,445000,320700,124300,monday,W
Airport ATM,12/12/2011,116,96,20,520000,451000,69000,monday,W
KK Nagar ATM,12/12/2011,182,135,47,671300,549200,122100,monday,W
Christ College ATM,12/12/2011,82,42,40,329000,182500,146500,monday,W
Big Street ATM,13/12/2011,44,21,23,83000,46700,36300,tuesday,W
Mount Road ATM,13/12/2011,174,96,78,552700,342100,210600,tuesday,W
Airport ATM,13/12/2011,99,76,23,322300,274100,48200,tuesday,W
KK Nagar ATM,13/12/2011,166,126,40,598700,479600,119100,tuesday,W
Christ College ATM,13/12/2011,97,54,43,398600,275500,123100,tuesday,W
Big Street ATM,14/12/2011,37,17,20,114200,72200,42000,wednesday,W
Mount Road ATM,14/12/2011,151,79,72,461600,313000,148600,wednesday,W
Airport ATM,14/12/2011,102,76,26,392100,332700,59400,wednesday,W
KK Nagar ATM,14/12/2011,120,90,30,450400,357700,92700,wednesday,W
Christ College ATM,14/12/2011,72,54,18,281900,231500,50400,wednesday,W
Big Street ATM,15/12/2011,54,21,33,188200,84200,104000,thursday,W
Mount Road ATM,15/12/2011,164,87,77,517800,328100,189700,thursday,W
Airport ATM,15/12/2011,80,63,17,305700,265200,40500,thursday,W
KK Nagar ATM,15/12/2011,155,127,28,633900,520600,113300,thursday,W
Christ College ATM,15/12/2011,77,56,21,319100,270400,48700,thursday,W
Big Street ATM,16/12/2011,25,12,13,95600,37500,58100,friday,W
Mount Road ATM,16/12/2011,153,69,84,334200,160600,173600,friday,W
Airport ATM,16/12/2011,76,64,12,364300,317700,46600,friday,W
KK Nagar ATM,16/12/2011,143,117,26,654100,539500,114600,friday,W
Christ College ATM,16/12/2011,72,31,41,279600,111400,168200,friday,W
Big Street ATM,17/12/2011,46,24,22,213000,157800,55200,saturday,H
Mount Road ATM,17/12/2011,258,84,174,805200,366300,438900,saturday,H
Airport ATM,17/12/2011,120,91,29,382300,315200,67100,saturday,H
KK Nagar ATM,17/12/2011,150,123,27,644100,566100,78000,saturday,H
Christ College ATM,17/12/2011,62,44,18,279300,212200,67100,saturday,H
Big Street ATM,18/12/2011,38,14,24,98600,54000,44600,sunday,H
Mount Road ATM,18/12/2011,262,44,218,623600,142600,481000,sunday,H
Airport ATM,18/12/2011,111,82,29,409600,354100,55500,sunday,H
KK Nagar ATM,18/12/2011,94,75,19,267000,227300,39700,sunday,H
Christ College ATM,18/12/2011,44,26,18,184300,128800,55500,sunday,H
Big Street ATM,19/12/2011,28,11,17,112700,49500,63200,monday,W
Mount Road ATM,19/12/2011,221,89,132,639900,310500,329400,monday,W
Airport ATM,19/12/2011,106,80,26,442400,377800,64600,monday,W
KK Nagar ATM,19/12/2011,174,140,34,951400,809300,142100,monday,W
Christ College ATM,19/12/2011,60,32,28,183500,116000,67500,monday,W
Big Street ATM,20/12/2011,36,28,8,146900,125400,21500,tuesday,W
Mount Road ATM,20/12/2011,177,73,104,523200,265900,257300,tuesday,W
Airport ATM,20/12/2011,97,76,21,417600,335600,82000,tuesday,W
KK Nagar ATM,20/12/2011,141,114,27,616500,531800,84700,tuesday,W
Christ College ATM,20/12/2011,52,31,21,178600,125400,53200,tuesday,W
Big Street ATM,21/12/2011,33,13,20,102600,40300,62300,wednesday,W
Mount Road ATM,21/12/2011,153,76,77,382900,234200,148700,wednesday,W
Airport ATM,21/12/2011,104,86,18,353700,304700,49000,wednesday,W
KK Nagar ATM,21/12/2011,160,132,28,596100,489100,107000,wednesday,W
Christ College ATM,21/12/2011,76,57,19,343100,278000,65100,wednesday,W
Big Street ATM,22/12/2011,46,28,18,186800,127200,59600,thursday,W
Mount Road ATM,22/12/2011,143,66,77,338100,210400,127700,thursday,W
Airport ATM,22/12/2011,93,76,17,342600,285700,56900,thursday,W
KK Nagar ATM,22/12/2011,127,107,20,405400,346600,58800,thursday,W
Christ College ATM,22/12/2011,42,29,13,142900,117900,25000,thursday,W
Big Street ATM,23/12/2011,65,33,32,234600,136500,98100,friday,W
Mount Road ATM,23/12/2011,153,85,68,477700,252100,225600,friday,W
Airport ATM,23/12/2011,90,74,16,396600,358400,38200,friday,W
KK Nagar ATM,23/12/2011,138,110,28,389700,321200,68500,friday,W
Christ College ATM,23/12/2011,88,41,47,321100,198700,122400,friday,W
Big Street ATM,24/12/2011,35,13,22,90000,32400,57600,saturday,H
Mount Road ATM,24/12/2011,195,83,112,589800,295300,294500,saturday,H
Airport ATM,24/12/2011,112,94,18,509000,451100,57900,saturday,H
KK Nagar ATM,24/12/2011,161,121,40,599300,411900,187400,saturday,H
Christ College ATM,24/12/2011,90,51,39,356700,253100,103600,saturday,H
Big Street ATM,25/12/2011,42,23,19,128900,71700,57200,sunday,H
Mount Road ATM,25/12/2011,117,24,93,201800,61700,140100,sunday,H
Airport ATM,25/12/2011,72,55,17,256400,238500,17900,sunday,H
KK Nagar ATM,25/12/2011,85,66,19,272600,201200,71400,sunday,H
Christ College ATM,25/12/2011,61,39,22,254600,213400,41200,sunday,H
Big Street ATM,26/12/2011,42,17,25,220100,130700,89400,monday,W
Mount Road ATM,26/12/2011,171,92,79,561900,366400,195500,monday,W
Airport ATM,26/12/2011,26,17,9,141700,123100,18600,monday,W
KK Nagar ATM,26/12/2011,171,132,39,594600,496300,98300,monday,W
Christ College ATM,26/12/2011,80,37,43,355800,183700,172100,monday,W
Big Street ATM,27/12/2011,37,14,23,120500,57100,63400,tuesday,W
Mount Road ATM,27/12/2011,132,63,69,396400,183500,212900,tuesday,W
Airport ATM,27/12/2011,76,63,13,263200,229900,33300,tuesday,W
KK Nagar ATM,27/12/2011,140,102,38,549100,421800,127300,tuesday,W
Christ College ATM,27/12/2011,65,30,35,232500,112800,119700,tuesday,W
Big Street ATM,28/12/2011,35,16,19,88800,43500,45300,wednesday,W
Mount Road ATM,28/12/2011,123,77,46,468700,344800,123900,wednesday,W
Airport ATM,28/12/2011,83,72,11,437000,401200,35800,wednesday,W
KK Nagar ATM,28/12/2011,152,116,36,523400,424300,99100,wednesday,W
Christ College ATM,28/12/2011,75,32,43,279900,99400,180500,wednesday,W
Big Street ATM,29/12/2011,37,16,21,116000,86800,29200,thursday,W
Mount Road ATM,29/12/2011,81,52,29,189300,132500,56800,thursday,W
Airport ATM,29/12/2011,83,70,13,350000,331400,18600,thursday,W
KK Nagar ATM,29/12/2011,115,84,31,449800,321600,128200,thursday,W
Christ College ATM,29/12/2011,63,34,29,334300,196800,137500,thursday,W
Big Street ATM,30/12/2011,13,6,7,40800,14100,26700,friday,W
Mount Road ATM,30/12/2011,111,63,48,381900,252200,129700,friday,W
Airport ATM,30/12/2011,58,46,12,253600,232500,21100,friday,W
KK Nagar ATM,30/12/2011,108,79,29,491100,381200,109900,friday,W
Christ College ATM,30/12/2011,61,35,26,336200,258700,77500,friday,W
Big Street ATM,31/12/2011,22,10,12,66200,31000,35200,saturday,H
Mount Road ATM,31/12/2011,221,123,98,933600,633800,299800,saturday,H
Airport ATM,31/12/2011,157,134,23,749100,678400,70700,saturday,H
KK Nagar ATM,31/12/2011,249,176,73,1117600,749000,368600,saturday,H
Christ College ATM,31/12/2011,117,52,65,549000,289100,259900,saturday,H
Big Street ATM,01/01/2012,47,17,30,193800,93300,100500,sunday,H
Mount Road ATM,01/01/2012,219,50,169,560900,218300,342600,sunday,H
Airport ATM,01/01/2012,101,55,46,378800,272600,106200,sunday,H
KK Nagar ATM,01/01/2012,222,119,103,957400,541000,416400,sunday,H
Christ College ATM,01/01/2012,103,33,70,356200,123300,232900,sunday,H
Big Street ATM,02/01/2012,30,19,11,93300,62000,31300,sunday,H
Mount Road ATM,02/01/2012,171,88,83,644200,373400,270800,sunday,H
Airport ATM,02/01/2012,107,91,16,574000,510000,64000,sunday,H
KK Nagar ATM,02/01/2012,228,171,57,1055300,795200,260100,sunday,H
Christ College ATM,02/01/2012,127,65,62,559700,314400,245300,sunday,H
Big Street ATM,03/01/2012,40,19,21,141900,90600,51300,sunday,H
Mount Road ATM,03/01/2012,225,116,109,827200,482200,345000,sunday,H
Airport ATM,03/01/2012,122,101,21,520400,478300,42100,sunday,H
KK Nagar ATM,03/01/2012,214,175,39,858500,740200,118300,sunday,H
Christ College ATM,03/01/2012,127,66,61,557100,315800,241300,sunday,H
Big Street ATM,04/01/2012,38,24,14,206800,175800,31000,sunday,H
Mount Road ATM,04/01/2012,155,89,66,510700,331000,179700,sunday,H
Airport ATM,04/01/2012,95,80,15,529000,467700,61300,sunday,H
KK Nagar ATM,04/01/2012,149,128,21,764400,658000,106400,sunday,H
Christ College ATM,04/01/2012,105,47,58,430500,195200,235300,sunday,H
Big Street ATM,05/01/2012,58,43,15,281800,245700,36100,sunday,H
Mount Road ATM,05/01/2012,198,94,104,706800,425700,281100,sunday,H
Airport ATM,05/01/2012,104,82,22,516400,441300,75100,sunday,H
KK Nagar ATM,05/01/2012,169,121,48,753200,516900,236300,sunday,H
Christ College ATM,05/01/2012,92,45,47,408000,224900,183100,sunday,H
Big Street ATM,06/01/2012,35,18,17,96900,71900,25000,sunday,H
Mount Road ATM,06/01/2012,215,105,110,722600,435900,286700,sunday,H
Airport ATM,06/01/2012,98,78,20,431800,369400,62400,sunday,H
KK Nagar ATM,06/01/2012,197,145,52,854000,603100,250900,sunday,H
Christ College ATM,06/01/2012,148,67,81,592900,304800,288100,sunday,H
Big Street ATM,07/01/2012,25,15,10,128300,114300,14000,saturday,H
Mount Road ATM,07/01/2012,255,115,140,911300,554300,357000,saturday,H
Airport ATM,07/01/2012,136,102,34,766600,613400,153200,saturday,H
KK Nagar ATM,07/01/2012,178,127,51,802800,561600,241200,saturday,H
Christ College ATM,07/01/2012,132,49,83,656600,245300,411300,saturday,H
Big Street ATM,08/01/2012,40,24,16,119100,85500,33600,sunday,H
Mount Road ATM,08/01/2012,256,48,208,587200,186800,400400,sunday,H
Airport ATM,08/01/2012,127,90,37,598400,502400,96000,sunday,H
KK Nagar ATM,08/01/2012,120,74,46,410200,203400,206800,sunday,H
Christ College ATM,08/01/2012,90,32,58,317000,149100,167900,sunday,H
Big Street ATM,09/01/2012,41,23,18,166600,123800,42800,sunday,H
Mount Road ATM,09/01/2012,192,75,117,579600,291600,288000,sunday,H
Airport ATM,09/01/2012,115,93,22,471100,384600,86500,sunday,H
KK Nagar ATM,09/01/2012,203,139,64,885200,583000,302200,sunday,H
Christ College ATM,09/01/2012,122,59,63,569900,291200,278700,sunday,H
Big Street ATM,10/01/2012,64,26,38,208000,89400,118600,sunday,H
Mount Road ATM,10/01/2012,167,72,95,433600,219000,214600,sunday,H
Airport ATM,10/01/2012,133,98,35,631100,475900,155200,sunday,H
KK Nagar ATM,10/01/2012,238,188,50,1182400,967300,215100,sunday,H
Christ College ATM,10/01/2012,121,64,57,593300,337400,255900,sunday,H
Big Street ATM,11/01/2012,56,33,23,200200,136100,64100,sunday,H
Mount Road ATM,11/01/2012,178,70,108,522100,258600,263500,sunday,H
Airport ATM,11/01/2012,119,96,23,530900,459400,71500,sunday,H
KK Nagar ATM,11/01/2012,187,129,58,849500,629300,220200,sunday,H
Christ College ATM,11/01/2012,102,54,48,412400,219700,192700,sunday,H
Big Street ATM,12/01/2012,38,20,18,151900,106900,45000,sunday,H
Mount Road ATM,12/01/2012,234,104,130,755800,383800,372000,sunday,H
Airport ATM,12/01/2012,112,94,18,538800,478100,60700,sunday,H
KK Nagar ATM,12/01/2012,207,133,74,933600,624400,309200,sunday,H
Christ College ATM,12/01/2012,117,60,57,524500,259200,265300,sunday,H
Big Street ATM,13/01/2012,24,15,9,62700,41900,20800,sunday,H
Mount Road ATM,13/01/2012,191,89,102,506500,270500,236000,sunday,H
Airport ATM,13/01/2012,140,115,25,704600,647400,57200,sunday,H
KK Nagar ATM,13/01/2012,162,132,30,602400,502800,99600,sunday,H
Christ College ATM,13/01/2012,96,51,45,538100,343800,194300,sunday,H
Big Street ATM,14/01/2012,49,18,31,136200,61600,74600,saturday,H
Mount Road ATM,14/01/2012,221,111,110,626400,449300,177100,saturday,H
Airport ATM,14/01/2012,134,109,25,688900,639400,49500,saturday,H
KK Nagar ATM,14/01/2012,237,173,64,730200,502800,227400,saturday,H
Christ College ATM,14/01/2012,131,72,59,623900,411700,212200,saturday,H
Big Street ATM,15/01/2012,46,16,30,114600,60400,54200,sunday,H
Mount Road ATM,15/01/2012,89,23,66,190500,62400,128100,sunday,H
Airport ATM,15/01/2012,46,27,19,122300,93400,28900,sunday,H
KK Nagar ATM,15/01/2012,120,75,45,322700,193700,129000,sunday,H
Christ College ATM,15/01/2012,68,33,35,225700,147400,78300,sunday,H
Big Street ATM,16/01/2012,46,30,16,159700,133700,26000,monday,H
Mount Road ATM,16/01/2012,70,26,44,231900,137600,94300,monday,H
Airport ATM,16/01/2012,43,29,14,137400,107400,30000,monday,H
KK Nagar ATM,16/01/2012,108,67,41,262600,126600,136000,monday,H
Christ College ATM,16/01/2012,32,17,15,114700,78900,35800,monday,H
Big Street ATM,17/01/2012,36,22,14,130500,104100,26400,tuesday,H
Mount Road ATM,17/01/2012,31,12,19,59700,25200,34500,tuesday,H
Airport ATM,17/01/2012,63,47,16,178200,160300,17900,tuesday,H
KK Nagar ATM,17/01/2012,124,83,41,363600,243400,120200,tuesday,H
Christ College ATM,17/01/2012,65,23,42,194800,66800,128000,tuesday,H
Big Street ATM,18/01/2012,38,28,10,204300,178400,25900,tuesday,H
Mount Road ATM,18/01/2012,126,79,47,339600,220200,119400,tuesday,H
Airport ATM,18/01/2012,74,59,15,335000,287400,47600,tuesday,H
KK Nagar ATM,18/01/2012,170,136,34,641900,533300,108600,tuesday,H
Christ College ATM,18/01/2012,101,65,36,537600,379300,158300,tuesday,H
Big Street ATM,19/01/2012,40,28,12,141400,103100,38300,tuesday,H
Mount Road ATM,19/01/2012,115,63,52,404300,267600,136700,tuesday,H
Airport ATM,19/01/2012,70,55,15,216200,198500,17700,tuesday,H
KK Nagar ATM,19/01/2012,160,109,51,655700,470400,185300,tuesday,H
Christ College ATM,19/01/2012,101,60,41,402700,239500,163200,tuesday,H
Big Street ATM,20/01/2012,28,16,12,150300,117800,32500,tuesday,H
Mount Road ATM,20/01/2012,136,74,62,485400,295900,189500,tuesday,H
Airport ATM,20/01/2012,96,77,19,423000,366800,56200,tuesday,H
KK Nagar ATM,20/01/2012,159,120,39,674300,536800,137500,tuesday,H
Christ College ATM,20/01/2012,90,45,45,392300,245300,147000,tuesday,H
Big Street ATM,21/01/2012,41,29,12,193200,160900,32300,saturday,H
Mount Road ATM,21/01/2012,158,77,81,551200,319400,231800,saturday,H
Airport ATM,21/01/2012,112,92,20,464300,413700,50600,saturday,H
KK Nagar ATM,21/01/2012,173,126,47,717800,541100,176700,saturday,H
Christ College ATM,21/01/2012,109,55,54,481500,277100,204400,saturday,H
Big Street ATM,22/01/2012,38,25,13,106900,81400,25500,sunday,H
Mount Road ATM,22/01/2012,143,27,116,416300,90100,326200,sunday,H
Airport ATM,22/01/2012,90,70,20,440600,395300,45300,sunday,H
KK Nagar ATM,22/01/2012,90,64,26,340200,222000,118200,sunday,H
Christ College ATM,22/01/2012,161,46,115,440500,115900,324600,sunday,H
Big Street ATM,23/01/2012,53,23,30,235900,110800,125100,sunday,H
Mount Road ATM,23/01/2012,173,74,99,519200,303300,215900,sunday,H
Airport ATM,23/01/2012,105,80,25,479600,421300,58300,sunday,H
KK Nagar ATM,23/01/2012,153,121,32,673300,584600,88700,sunday,H
Christ College ATM,23/01/2012,101,45,56,321500,146300,175200,sunday,H
Big Street ATM,24/01/2012,35,19,16,114700,57900,56800,sunday,H
Mount Road ATM,24/01/2012,153,61,92,559800,313400,246400,sunday,H
Airport ATM,24/01/2012,79,66,13,282500,259400,23100,sunday,H
KK Nagar ATM,24/01/2012,144,114,30,604600,497300,107300,sunday,H
Christ College ATM,24/01/2012,79,51,28,341200,251800,89400,sunday,H
Big Street ATM,25/01/2012,48,32,16,190900,150100,40800,sunday,H
Mount Road ATM,25/01/2012,162,95,67,542000,433200,108800,sunday,H
Airport ATM,25/01/2012,121,101,20,655300,611400,43900,sunday,H
KK Nagar ATM,25/01/2012,136,110,26,451600,358400,93200,sunday,H
Christ College ATM,25/01/2012,81,52,29,370800,254700,116100,sunday,H
Big Street ATM,26/01/2012,33,15,18,137800,87400,50400,thursday,H
Mount Road ATM,26/01/2012,148,47,101,427400,213600,213800,thursday,H
Airport ATM,26/01/2012,83,64,19,352300,332000,20300,thursday,H
KK Nagar ATM,26/01/2012,139,98,41,469800,288200,181600,thursday,H
Christ College ATM,26/01/2012,83,46,37,308700,173500,135200,thursday,H
Big Street ATM,27/01/2012,40,26,14,123100,88100,35000,thursday,H
Mount Road ATM,27/01/2012,123,61,62,499100,323000,176100,thursday,H
Airport ATM,27/01/2012,113,98,15,526100,498000,28100,thursday,H
KK Nagar ATM,27/01/2012,166,116,50,565900,452000,113900,thursday,H
Christ College ATM,27/01/2012,87,49,38,484300,294600,189700,thursday,H
Big Street ATM,28/01/2012,38,22,16,137700,68300,69400,saturday,H
Mount Road ATM,28/01/2012,149,70,79,468300,247500,220800,saturday,H
Airport ATM,28/01/2012,106,90,16,514100,478300,35800,saturday,H
KK Nagar ATM,28/01/2012,153,121,32,513700,396800,116900,saturday,H
Christ College ATM,28/01/2012,113,49,64,477400,217200,260200,saturday,H
Big Street ATM,29/01/2012,43,14,29,157600,65700,91900,sunday,H
Mount Road ATM,29/01/2012,122,33,89,264000,84300,179700,sunday,H
Airport ATM,29/01/2012,78,57,21,274500,228900,45600,sunday,H
KK Nagar ATM,29/01/2012,87,62,25,298500,195500,103000,sunday,H
Christ College ATM,29/01/2012,111,44,67,429300,211900,217400,sunday,H
Big Street ATM,30/01/2012,56,35,21,241700,179400,62300,sunday,H
Mount Road ATM,30/01/2012,126,70,56,400400,267800,132600,sunday,H
Airport ATM,30/01/2012,87,65,22,366100,306000,60100,sunday,H
KK Nagar ATM,30/01/2012,164,115,49,732800,536400,196400,sunday,H
Christ College ATM,30/01/2012,97,50,47,469200,231200,238000,sunday,H
Big Street ATM,31/01/2012,45,20,25,157700,57800,99900,sunday,H
Mount Road ATM,31/01/2012,122,72,50,448300,317100,131200,sunday,H
Airport ATM,31/01/2012,48,35,13,189300,153000,36300,sunday,H
KK Nagar ATM,31/01/2012,145,111,34,758900,617600,141300,sunday,H
Christ College ATM,31/01/2012,86,57,29,376100,312400,63700,sunday,H
Big Street ATM,01/02/2012,45,21,24,173900,89900,84000,sunday,H
Mount Road ATM,01/02/2012,176,99,77,704100,465800,238300,sunday,H
Airport ATM,01/02/2012,133,108,25,629500,508700,120800,sunday,H
KK Nagar ATM,01/02/2012,196,144,52,967300,699700,267600,sunday,H
Christ College ATM,01/02/2012,114,50,64,499600,179800,319800,sunday,H
Big Street ATM,02/02/2012,50,25,25,217300,123200,94100,sunday,H
Mount Road ATM,02/02/2012,183,103,80,646800,449700,197100,sunday,H
Airport ATM,02/02/2012,102,86,16,474500,408400,66100,sunday,H
KK Nagar ATM,02/02/2012,194,153,41,1044300,850300,194000,sunday,H
Christ College ATM,02/02/2012,72,33,39,397300,187800,209500,sunday,H
Big Street ATM,03/02/2012,37,23,14,208300,177600,30700,sunday,H
Mount Road ATM,03/02/2012,134,65,69,417900,223500,194400,sunday,H
Airport ATM,03/02/2012,99,87,12,523000,484800,38200,sunday,H
KK Nagar ATM,03/02/2012,164,115,49,663100,495600,167500,sunday,H
Christ College ATM,03/02/2012,116,53,63,547200,281100,266100,sunday,H
Big Street ATM,04/02/2012,39,17,22,126500,45900,80600,saturday,H
Mount Road ATM,04/02/2012,193,109,84,771100,507000,264100,saturday,H
Airport ATM,04/02/2012,129,104,25,778500,631700,146800,saturday,H
KK Nagar ATM,04/02/2012,198,158,40,1155300,959800,195500,saturday,H
Christ College ATM,04/02/2012,132,61,71,632400,353800,278600,saturday,H
Big Street ATM,05/02/2012,38,20,18,148800,111700,37100,sunday,H
Mount Road ATM,05/02/2012,199,55,144,532600,200200,332400,sunday,H
Airport ATM,05/02/2012,103,77,26,341600,285600,56000,sunday,H
KK Nagar ATM,05/02/2012,127,82,45,494900,356100,138800,sunday,H
Christ College ATM,05/02/2012,67,33,34,279600,146700,132900,sunday,H
Big Street ATM,06/02/2012,33,15,18,111100,75900,35200,sunday,H
Mount Road ATM,06/02/2012,167,80,87,554800,351400,203400,sunday,H
Airport ATM,06/02/2012,95,72,23,449700,367200,82500,sunday,H
KK Nagar ATM,06/02/2012,219,172,47,1069600,854000,215600,sunday,H
Christ College ATM,06/02/2012,116,59,57,511300,294700,216600,sunday,H
Big Street ATM,07/02/2012,47,23,24,184600,110200,74400,sunday,H
Mount Road ATM,07/02/2012,219,70,149,804700,331900,472800,sunday,H
Airport ATM,07/02/2012,122,87,35,510200,401700,108500,sunday,H
KK Nagar ATM,07/02/2012,179,125,54,777700,514000,263700,sunday,H
Christ College ATM,07/02/2012,129,60,69,591400,352300,239100,sunday,H
Big Street ATM,08/02/2012,38,18,20,196800,110000,86800,sunday,H
Mount Road ATM,08/02/2012,243,91,152,886900,442700,444200,sunday,H
Airport ATM,08/02/2012,147,91,56,568700,323900,244800,sunday,H
KK Nagar ATM,08/02/2012,197,115,82,939100,580100,359000,sunday,H
Christ College ATM,08/02/2012,125,50,75,594600,269200,325400,sunday,H
Big Street ATM,09/02/2012,46,22,24,176100,116700,59400,sunday,H
Mount Road ATM,09/02/2012,162,89,73,612700,370900,241800,sunday,H
Airport ATM,09/02/2012,132,81,51,586100,459100,127000,sunday,H
KK Nagar ATM,09/02/2012,226,146,80,986000,632300,353700,sunday,H
Christ College ATM,09/02/2012,118,37,81,428300,132500,295800,sunday,H
Big Street ATM,10/02/2012,48,20,28,234500,164600,69900,sunday,H
Mount Road ATM,10/02/2012,247,76,171,779900,277600,502300,sunday,H
Airport ATM,10/02/2012,119,76,43,494800,354800,140000,sunday,H
KK Nagar ATM,10/02/2012,200,127,73,907600,670600,237000,sunday,H
Christ College ATM,10/02/2012,157,61,96,694700,323800,370900,sunday,H
Big Street ATM,11/02/2012,52,27,25,261200,156600,104600,saturday,H
Mount Road ATM,11/02/2012,167,81,86,534500,350900,183600,saturday,H
Airport ATM,11/02/2012,114,86,28,616600,473200,143400,saturday,H
KK Nagar ATM,11/02/2012,151,119,32,590200,499300,90900,saturday,H
Christ College ATM,11/02/2012,101,53,48,482100,339600,142500,saturday,H
Big Street ATM,12/02/2012,53,20,33,169900,103700,66200,sunday,H
Mount Road ATM,12/02/2012,177,34,143,440200,100200,340000,sunday,H
Airport ATM,12/02/2012,109,69,40,407300,330600,76700,sunday,H
KK Nagar ATM,12/02/2012,113,68,45,344600,210600,134000,sunday,H
Christ College ATM,12/02/2012,71,36,35,258900,180300,78600,sunday,H
Big Street ATM,13/02/2012,46,20,26,175100,83400,91700,sunday,H
Mount Road ATM,13/02/2012,198,90,108,573500,316000,257500,sunday,H
Airport ATM,13/02/2012,98,65,33,365200,227400,137800,sunday,H
KK Nagar ATM,13/02/2012,170,134,36,677000,534900,142100,sunday,H
Christ College ATM,13/02/2012,116,58,58,581400,351300,230100,sunday,H
Big Street ATM,14/02/2012,41,20,21,182900,159500,23400,sunday,H
Mount Road ATM,14/02/2012,162,81,81,429500,265500,164000,sunday,H
Airport ATM,14/02/2012,95,75,20,374800,328900,45900,sunday,H
KK Nagar ATM,14/02/2012,149,108,41,686700,552900,133800,sunday,H
Christ College ATM,14/02/2012,92,40,52,263500,128600,134900,sunday,H
Big Street ATM,15/02/2012,65,26,39,277100,147400,129700,sunday,H
Mount Road ATM,15/02/2012,175,95,80,713700,505100,208600,sunday,H
Airport ATM,15/02/2012,108,89,19,550600,512100,38500,sunday,H
KK Nagar ATM,15/02/2012,159,132,27,667600,594400,73200,sunday,H
Christ College ATM,15/02/2012,105,45,60,362200,192800,169400,sunday,H
Big Street ATM,16/02/2012,34,16,18,153000,107800,45200,sunday,H
Mount Road ATM,16/02/2012,138,74,64,444300,275800,168500,sunday,H
Airport ATM,16/02/2012,110,83,27,503000,437500,65500,sunday,H
KK Nagar ATM,16/02/2012,169,133,36,809000,648300,160700,sunday,H
Christ College ATM,16/02/2012,54,27,27,212600,151300,61300,sunday,H
Big Street ATM,17/02/2012,38,15,23,162000,86100,75900,sunday,H
Mount Road ATM,17/02/2012,115,59,56,255900,151200,104700,sunday,H
Airport ATM,17/02/2012,85,56,29,248500,157400,91100,sunday,H
KK Nagar ATM,17/02/2012,122,91,31,434900,338000,96900,sunday,H
Christ College ATM,17/02/2012,66,38,28,358600,292800,65800,sunday,H
Big Street ATM,18/02/2012,35,11,24,107600,68100,39500,saturday,H
Mount Road ATM,18/02/2012,192,84,108,579800,373400,206400,saturday,H
Airport ATM,18/02/2012,92,68,24,405600,315100,90500,saturday,H
KK Nagar ATM,18/02/2012,98,70,28,281300,195300,86000,saturday,H
Christ College ATM,18/02/2012,90,51,39,399600,262800,136800,saturday,H
Big Street ATM,19/02/2012,28,10,18,58900,37000,21900,sunday,H
Mount Road ATM,19/02/2012,161,41,120,375700,193900,181800,sunday,H
Airport ATM,19/02/2012,73,41,32,256600,205100,51500,sunday,H
KK Nagar ATM,19/02/2012,84,62,22,259500,193200,66300,sunday,H
Christ College ATM,19/02/2012,70,25,45,225200,72800,152400,sunday,H
Big Street ATM,20/02/2012,9,2,7,15600,4000,11600,sunday,H
Mount Road ATM,20/02/2012,147,65,82,381900,197200,184700,sunday,H
Airport ATM,20/02/2012,120,92,28,544700,456600,88100,sunday,H
KK Nagar ATM,20/02/2012,177,142,35,761700,591000,170700,sunday,H
Christ College ATM,20/02/2012,127,41,86,503400,169400,334000,sunday,H
Big Street ATM,21/02/2012,53,23,30,207300,113800,93500,sunday,H
Mount Road ATM,21/02/2012,177,71,106,574000,245900,328100,sunday,H
Airport ATM,21/02/2012,81,62,19,348700,316100,32600,sunday,H
KK Nagar ATM,21/02/2012,156,116,40,525000,363300,161700,sunday,H
Christ College ATM,21/02/2012,97,44,53,345900,179200,166700,sunday,H
Big Street ATM,22/02/2012,39,17,22,107300,44400,62900,sunday,H
Mount Road ATM,22/02/2012,163,79,84,448400,241700,206700,sunday,H
Airport ATM,22/02/2012,94,71,23,375700,291200,84500,sunday,H
KK Nagar ATM,22/02/2012,188,145,43,695400,614300,81100,sunday,H
Christ College ATM,22/02/2012,113,60,53,506800,300000,206800,sunday,H
Big Street ATM,23/02/2012,45,22,23,122200,82800,39400,sunday,H
Mount Road ATM,23/02/2012,152,84,68,559500,389700,169800,sunday,H
Airport ATM,23/02/2012,87,68,19,338500,300300,38200,sunday,H
KK Nagar ATM,23/02/2012,148,113,35,503800,416500,87300,sunday,H
Christ College ATM,23/02/2012,114,76,38,613900,504900,109000,sunday,H
Big Street ATM,24/02/2012,41,25,16,101600,68200,33400,sunday,H
Mount Road ATM,24/02/2012,151,73,78,457300,230500,226800,sunday,H
Airport ATM,24/02/2012,78,65,13,398800,358200,40600,sunday,H
KK Nagar ATM,24/02/2012,190,149,41,766000,592100,173900,sunday,H
Christ College ATM,24/02/2012,101,59,42,362000,255600,106400,sunday,H
Big Street ATM,25/02/2012,47,21,26,154300,100400,53900,saturday,H
Mount Road ATM,25/02/2012,159,85,74,416900,253000,163900,saturday,H
Airport ATM,25/02/2012,106,78,28,503800,437300,66500,saturday,H
KK Nagar ATM,25/02/2012,171,130,41,629200,466300,162900,saturday,H
Christ College ATM,25/02/2012,93,55,38,456000,318900,137100,saturday,H
Big Street ATM,26/02/2012,52,22,30,134900,76900,58000,sunday,H
Mount Road ATM,26/02/2012,132,31,101,390100,153500,236600,sunday,H
Airport ATM,26/02/2012,66,51,15,267800,236500,31300,sunday,H
KK Nagar ATM,26/02/2012,96,63,33,227200,184200,43000,sunday,H
Christ College ATM,26/02/2012,60,28,32,179400,104000,75400,sunday,H
Big Street ATM,27/02/2012,34,17,17,110200,75400,34800,sunday,H
Mount Road ATM,27/02/2012,165,80,85,442200,280000,162200,sunday,H
Airport ATM,27/02/2012,82,64,18,258000,241500,16500,sunday,H
KK Nagar ATM,27/02/2012,108,67,41,500500,305100,195400,sunday,H
Christ College ATM,27/02/2012,73,42,31,360300,234500,125800,sunday,H
Big Street ATM,28/02/2012,49,25,24,219900,176200,43700,sunday,H
Mount Road ATM,28/02/2012,121,56,65,424000,229000,195000,sunday,H
Airport ATM,28/02/2012,35,28,7,110500,95700,14800,sunday,H
KK Nagar ATM,28/02/2012,108,82,26,409300,308400,100900,sunday,H
Christ College ATM,28/02/2012,83,40,43,298700,179500,119200,sunday,H
Big Street ATM,29/02/2012,40,27,13,146100,120000,26100,sunday,H
Mount Road ATM,29/02/2012,177,91,86,571200,357000,214200,sunday,H
Airport ATM,29/02/2012,109,93,16,606000,565700,40300,sunday,H
KK Nagar ATM,29/02/2012,150,121,29,619500,495000,124500,sunday,H
Christ College ATM,29/02/2012,96,54,42,367000,201800,165200,sunday,H
Big Street ATM,01/03/2012,16,9,7,47200,30100,17100,sunday,H
Mount Road ATM,01/03/2012,194,103,91,743400,481500,261900,sunday,H
Airport ATM,01/03/2012,105,92,13,707900,687900,20000,sunday,H
KK Nagar ATM,01/03/2012,140,117,23,755000,633600,121400,sunday,H
Christ College ATM,01/03/2012,74,39,35,386800,222000,164800,sunday,H
Big Street ATM,02/03/2012,2,2,0,12000,12000,0,sunday,H
Mount Road ATM,02/03/2012,172,86,86,697300,440300,257000,sunday,H
Airport ATM,02/03/2012,107,82,25,594900,464200,130700,sunday,H
KK Nagar ATM,02/03/2012,152,111,41,639600,476200,163400,sunday,H
Christ College ATM,02/03/2012,99,52,47,483200,256100,227100,sunday,H
Big Street ATM,03/03/2012,43,24,19,185100,112700,72400,saturday,H
Mount Road ATM,03/03/2012,222,87,135,703800,378800,325000,saturday,H
Airport ATM,03/03/2012,117,88,29,636100,559800,76300,saturday,H
KK Nagar ATM,03/03/2012,133,103,30,634600,523600,111000,saturday,H
Christ College ATM,03/03/2012,95,38,57,428900,152000,276900,saturday,H
Big Street ATM,04/03/2012,48,22,26,140900,99500,41400,sunday,H
Mount Road ATM,04/03/2012,178,47,131,549500,274000,275500,sunday,H
Airport ATM,04/03/2012,139,93,46,686000,555400,130600,sunday,H
KK Nagar ATM,04/03/2012,130,88,42,504300,343400,160900,sunday,H
Christ College ATM,04/03/2012,74,26,48,315500,90900,224600,sunday,H
Big Street ATM,05/03/2012,33,12,21,123300,50100,73200,sunday,H
Mount Road ATM,05/03/2012,169,75,94,760700,447600,313100,sunday,H
Airport ATM,05/03/2012,103,82,21,552300,482000,70300,sunday,H
KK Nagar ATM,05/03/2012,191,149,42,790200,631900,158300,sunday,H
Christ College ATM,05/03/2012,176,74,102,928400,486800,441600,sunday,H
Big Street ATM,06/03/2012,58,30,28,273300,151800,121500,sunday,H
Mount Road ATM,06/03/2012,227,77,150,735000,349300,385700,sunday,H
Airport ATM,06/03/2012,109,88,21,520800,435900,84900,sunday,H
KK Nagar ATM,06/03/2012,199,155,44,1060200,875800,184400,sunday,H
Christ College ATM,06/03/2012,110,54,56,501000,278600,222400,sunday,H
Big Street ATM,07/03/2012,43,27,16,159200,104000,55200,sunday,H
Mount Road ATM,07/03/2012,210,93,117,756900,426000,330900,sunday,H
Airport ATM,07/03/2012,107,88,19,635600,566100,69500,sunday,H
KK Nagar ATM,07/03/2012,174,136,38,700100,558200,141900,sunday,H
Christ College ATM,07/03/2012,117,50,67,600100,305900,294200,sunday,H
Big Street ATM,08/03/2012,25,7,18,117100,54000,63100,sunday,H
Mount Road ATM,08/03/2012,188,93,95,707900,468600,239300,sunday,H
Airport ATM,08/03/2012,113,83,30,574000,455600,118400,sunday,H
KK Nagar ATM,08/03/2012,170,128,42,786300,626100,160200,sunday,H
Christ College ATM,08/03/2012,108,62,46,457000,292300,164700,sunday,H
Big Street ATM,09/03/2012,46,18,28,199100,66200,132900,sunday,H
Mount Road ATM,09/03/2012,186,88,98,584700,414500,170200,sunday,H
Airport ATM,09/03/2012,96,71,25,440200,323900,116300,sunday,H
KK Nagar ATM,09/03/2012,147,111,36,574300,469400,104900,sunday,H
Christ College ATM,09/03/2012,83,34,49,362800,191700,171100,sunday,H
Big Street ATM,10/03/2012,35,14,21,163900,69700,94200,saturday,H
Mount Road ATM,10/03/2012,239,94,145,885400,475200,410200,saturday,H
Airport ATM,10/03/2012,134,99,35,777200,687400,89800,saturday,H
KK Nagar ATM,10/03/2012,171,116,55,698400,474900,223500,saturday,H
Christ College ATM,10/03/2012,94,51,43,461200,288500,172700,saturday,H
Big Street ATM,11/03/2012,28,11,17,106400,73300,33100,sunday,H
Mount Road ATM,11/03/2012,126,31,95,190500,72400,118100,sunday,H
Airport ATM,11/03/2012,69,48,21,265200,230900,34300,sunday,H
KK Nagar ATM,11/03/2012,94,43,51,302700,128900,173800,sunday,H
Christ College ATM,11/03/2012,62,25,37,235000,96600,138400,sunday,H
Big Street ATM,12/03/2012,44,25,19,163300,129300,34000,sunday,H
Mount Road ATM,12/03/2012,171,84,87,503800,312100,191700,sunday,H
Airport ATM,12/03/2012,101,69,32,382400,287900,94500,sunday,H
KK Nagar ATM,12/03/2012,154,113,41,680000,560000,120000,sunday,H
Christ College ATM,12/03/2012,97,42,55,420500,165300,255200,sunday,H
Big Street ATM,13/03/2012,50,16,34,195500,119000,76500,sunday,H
Mount Road ATM,13/03/2012,166,72,94,462200,256200,206000,sunday,H
Airport ATM,13/03/2012,121,70,51,478000,279600,198400,sunday,H
KK Nagar ATM,13/03/2012,189,119,70,624000,367200,256800,sunday,H
Christ College ATM,13/03/2012,112,42,70,452200,220000,232200,sunday,H
Big Street ATM,14/03/2012,36,15,21,241400,156700,84700,sunday,H
Mount Road ATM,14/03/2012,166,87,79,518900,350900,168000,sunday,H
Airport ATM,14/03/2012,94,71,23,442400,357000,85400,sunday,H
KK Nagar ATM,14/03/2012,193,145,48,858400,699500,158900,sunday,H
Christ College ATM,14/03/2012,104,39,65,401300,174800,226500,sunday,H
Big Street ATM,15/03/2012,59,31,28,224200,163100,61100,sunday,H
Mount Road ATM,15/03/2012,183,108,75,734000,586400,147600,sunday,H
Airport ATM,15/03/2012,113,87,26,466600,399900,66700,sunday,H
KK Nagar ATM,15/03/2012,152,102,50,877500,604800,272700,sunday,H
Christ College ATM,15/03/2012,105,56,49,451600,303600,148000,sunday,H
Big Street ATM,16/03/2012,39,23,16,126500,98900,27600,sunday,H
Mount Road ATM,16/03/2012,168,97,71,598900,407800,191100,sunday,H
Airport ATM,16/03/2012,88,70,18,394500,355700,38800,sunday,H
KK Nagar ATM,16/03/2012,165,127,38,739300,570700,168600,sunday,H
Christ College ATM,16/03/2012,111,54,57,408700,220800,187900,sunday,H
Big Street ATM,17/03/2012,45,14,31,145800,78700,67100,saturday,H
Mount Road ATM,17/03/2012,216,95,121,757400,401100,356300,saturday,H
Airport ATM,17/03/2012,92,66,26,455700,386400,69300,saturday,H
KK Nagar ATM,17/03/2012,156,115,41,563100,441900,121200,saturday,H
Christ College ATM,17/03/2012,105,57,48,588800,365500,223300,saturday,H
Big Street ATM,18/03/2012,31,15,16,94900,61200,33700,sunday,H
Mount Road ATM,18/03/2012,163,31,132,339600,124200,215400,sunday,H
Airport ATM,18/03/2012,117,75,42,438100,361400,76700,sunday,H
KK Nagar ATM,18/03/2012,77,55,22,225100,154900,70200,sunday,H
Christ College ATM,18/03/2012,91,38,53,271300,150500,120800,sunday,H
Big Street ATM,19/03/2012,27,16,11,93800,74400,19400,sunday,H
Mount Road ATM,19/03/2012,137,75,62,440000,311500,128500,sunday,H
Airport ATM,19/03/2012,131,87,44,547500,411700,135800,sunday,H
KK Nagar ATM,19/03/2012,131,106,25,575000,481200,93800,sunday,H
Christ College ATM,19/03/2012,140,78,62,652400,459400,193000,sunday,H
Big Street ATM,20/03/2012,49,22,27,225800,138400,87400,sunday,H
Mount Road ATM,20/03/2012,210,86,124,682600,353300,329300,sunday,H
Airport ATM,20/03/2012,122,85,37,446500,337200,109300,sunday,H
KK Nagar ATM,20/03/2012,178,124,54,661700,504600,157100,sunday,H
Christ College ATM,20/03/2012,108,49,59,449000,304300,144700,sunday,H
Big Street ATM,21/03/2012,44,18,26,119000,62500,56500,sunday,H
Mount Road ATM,21/03/2012,133,64,69,358000,206200,151800,sunday,H
Airport ATM,21/03/2012,117,80,37,537200,421000,116200,sunday,H
KK Nagar ATM,21/03/2012,156,124,32,628400,533400,95000,sunday,H
Christ College ATM,21/03/2012,137,68,69,557800,376200,181600,sunday,H
Big Street ATM,22/03/2012,62,32,30,253800,189100,64700,sunday,H
Mount Road ATM,22/03/2012,126,58,68,391500,269900,121600,sunday,H
Airport ATM,22/03/2012,119,93,26,610900,520500,90400,sunday,H
KK Nagar ATM,22/03/2012,157,136,21,703600,642400,61200,sunday,H
Christ College ATM,22/03/2012,109,61,48,495600,356300,139300,sunday,H
Big Street ATM,23/03/2012,45,19,26,124400,69000,55400,friday,H
Mount Road ATM,23/03/2012,4,0,4,2200,0,2200,friday,H
Airport ATM,23/03/2012,77,62,15,297900,267800,30100,friday,H
KK Nagar ATM,23/03/2012,130,83,47,485800,374900,110900,friday,H
Christ College ATM,23/03/2012,79,33,46,368200,239600,128600,friday,H
Big Street ATM,24/03/2012,40,25,15,156100,102100,54000,saturday,H
Mount Road ATM,24/03/2012,182,86,96,567700,306500,261200,saturday,H
Airport ATM,24/03/2012,126,100,26,584000,491200,92800,saturday,H
KK Nagar ATM,24/03/2012,175,125,50,840200,676500,163700,saturday,H
Christ College ATM,24/03/2012,98,50,48,451800,269400,182400,saturday,H
Big Street ATM,25/03/2012,40,16,24,144000,58100,85900,sunday,H
Mount Road ATM,25/03/2012,113,26,87,275100,120900,154200,sunday,H
Airport ATM,25/03/2012,75,52,23,289000,245500,43500,sunday,H
KK Nagar ATM,25/03/2012,87,63,24,367300,327800,39500,sunday,H
Christ College ATM,25/03/2012,84,36,48,317600,174100,143500,sunday,H
Big Street ATM,26/03/2012,38,21,17,153900,111000,42900,sunday,H
Mount Road ATM,26/03/2012,122,76,46,281500,176100,105400,sunday,H
Airport ATM,26/03/2012,108,89,19,609600,569300,40300,sunday,H
KK Nagar ATM,26/03/2012,192,160,32,857300,762000,95300,sunday,H
Christ College ATM,26/03/2012,108,63,45,614400,368900,245500,sunday,H
Big Street ATM,27/03/2012,33,14,19,81100,54200,26900,sunday,H
Mount Road ATM,27/03/2012,158,86,72,529100,363700,165400,sunday,H
Airport ATM,27/03/2012,92,70,22,333700,270100,63600,sunday,H
KK Nagar ATM,27/03/2012,153,108,45,590300,460200,130100,sunday,H
Christ College ATM,27/03/2012,97,46,51,387500,202500,185000,sunday,H
Big Street ATM,28/03/2012,38,15,23,84600,43100,41500,sunday,H
Mount Road ATM,28/03/2012,148,87,61,494600,362300,132300,sunday,H
Airport ATM,28/03/2012,110,94,16,522200,490000,32200,sunday,H
KK Nagar ATM,28/03/2012,155,128,27,674800,569300,105500,sunday,H
Christ College ATM,28/03/2012,95,60,35,441500,339800,101700,sunday,H
Big Street ATM,29/03/2012,43,17,26,118700,76600,42100,sunday,H
Mount Road ATM,29/03/2012,86,47,39,301500,234500,67000,sunday,H
Airport ATM,29/03/2012,124,97,27,521600,472200,49400,sunday,H
KK Nagar ATM,29/03/2012,163,141,22,739000,661000,78000,sunday,H
Christ College ATM,29/03/2012,89,51,38,378500,244900,133600,sunday,H
Big Street ATM,30/03/2012,53,24,29,210400,125800,84600,sunday,H
Mount Road ATM,30/03/2012,167,105,62,718900,594800,124100,sunday,H
Airport ATM,30/03/2012,119,94,25,510600,427100,83500,sunday,H
KK Nagar ATM,30/03/2012,155,144,11,734900,694000,40900,sunday,H
Christ College ATM,30/03/2012,100,61,39,459000,326300,132700,sunday,H
Big Street ATM,31/03/2012,57,27,30,237000,106900,130100,saturday,H
Mount Road ATM,31/03/2012,197,113,84,819100,579900,239200,saturday,H
Airport ATM,31/03/2012,156,115,41,661500,528100,133400,saturday,H
KK Nagar ATM,31/03/2012,187,135,52,909600,612000,297600,saturday,H
Christ College ATM,31/03/2012,104,71,33,505000,398700,106300,saturday,H
Big Street ATM,01/04/2012,44,28,16,181500,143600,37900,sunday,H
Mount Road ATM,01/04/2012,158,41,117,430800,187400,243400,sunday,H
Airport ATM,01/04/2012,114,82,32,503800,421900,81900,sunday,H
KK Nagar ATM,01/04/2012,100,71,29,333800,188600,145200,sunday,H
Christ College ATM,01/04/2012,96,43,53,511100,257600,253500,sunday,H
Big Street ATM,02/04/2012,36,20,16,154100,126900,27200,sunday,H
Mount Road ATM,02/04/2012,152,85,67,550000,406200,143800,sunday,H
Airport ATM,02/04/2012,114,96,18,541600,519400,22200,sunday,H
KK Nagar ATM,02/04/2012,164,149,15,753500,697600,55900,sunday,H
Christ College ATM,02/04/2012,108,32,76,358300,106500,251800,sunday,H
Big Street ATM,03/04/2012,40,17,23,229900,123600,106300,sunday,H
Mount Road ATM,03/04/2012,103,61,42,346700,247500,99200,sunday,H
Airport ATM,03/04/2012,137,110,27,751200,580900,170300,sunday,H
KK Nagar ATM,03/04/2012,164,135,29,730200,633200,97000,sunday,H
Christ College ATM,03/04/2012,143,66,77,647100,381700,265400,sunday,H
Big Street ATM,04/04/2012,64,32,32,264200,158600,105600,sunday,H
Mount Road ATM,04/04/2012,164,100,64,796000,573600,222400,sunday,H
Airport ATM,04/04/2012,114,94,20,639600,547800,91800,sunday,H
KK Nagar ATM,04/04/2012,182,150,32,909000,780600,128400,sunday,H
Christ College ATM,04/04/2012,95,52,43,500000,280900,219100,sunday,H
Big Street ATM,05/04/2012,32,21,11,183300,158500,24800,thursday,H
Mount Road ATM,05/04/2012,133,57,76,470500,270300,200200,thursday,H
Airport ATM,05/04/2012,109,95,14,527100,475200,51900,thursday,H
KK Nagar ATM,05/04/2012,126,85,41,659600,467100,192500,thursday,H
Christ College ATM,05/04/2012,69,32,37,273700,132100,141600,thursday,H
Big Street ATM,06/04/2012,29,9,20,142500,63300,79200,friday,H
Mount Road ATM,06/04/2012,108,49,59,391400,245600,145800,friday,H
Airport ATM,06/04/2012,88,73,15,372300,306000,66300,friday,H
KK Nagar ATM,06/04/2012,106,73,33,513400,348600,164800,friday,H
Christ College ATM,06/04/2012,44,25,19,216200,117200,99000,friday,H
Big Street ATM,07/04/2012,41,22,19,146600,99200,47400,saturday,H
Mount Road ATM,07/04/2012,130,80,50,529800,420000,109800,saturday,H
Airport ATM,07/04/2012,128,107,21,711900,632500,79400,saturday,H
KK Nagar ATM,07/04/2012,181,145,36,814900,657400,157500,saturday,H
Christ College ATM,07/04/2012,81,66,15,447700,391100,56600,saturday,H
Big Street ATM,08/04/2012,36,16,20,127800,86100,41700,sunday,H
Mount Road ATM,08/04/2012,116,36,80,343100,157800,185300,sunday,H
Airport ATM,08/04/2012,78,61,17,393900,344900,49000,sunday,H
KK Nagar ATM,08/04/2012,102,67,35,431300,282900,148400,sunday,H
Christ College ATM,08/04/2012,60,42,18,457200,363700,93500,sunday,H
Big Street ATM,09/04/2012,42,23,19,197500,130600,66900,sunday,H
Mount Road ATM,09/04/2012,139,109,30,594100,559500,34600,sunday,H
Airport ATM,09/04/2012,140,90,50,653100,465200,187900,sunday,H
KK Nagar ATM,09/04/2012,112,91,21,561200,511000,50200,sunday,H
Christ College ATM,09/04/2012,95,77,18,494100,420200,73900,sunday,H
Big Street ATM,10/04/2012,48,34,14,295100,259200,35900,sunday,H
Mount Road ATM,10/04/2012,148,64,84,491300,265400,225900,sunday,H
Airport ATM,10/04/2012,87,61,26,364400,310500,53900,sunday,H
KK Nagar ATM,10/04/2012,184,159,25,757000,628100,128900,sunday,H
Christ College ATM,10/04/2012,89,58,31,444200,353000,91200,sunday,H
Big Street ATM,11/04/2012,48,27,21,257600,149700,107900,sunday,H
Mount Road ATM,11/04/2012,131,76,55,451600,294200,157400,sunday,H
Airport ATM,11/04/2012,123,107,16,616200,564900,51300,sunday,H
KK Nagar ATM,11/04/2012,143,129,14,503800,464900,38900,sunday,H
Christ College ATM,11/04/2012,72,52,20,412400,332800,79600,sunday,H
Big Street ATM,12/04/2012,26,18,8,145700,126900,18800,sunday,H
Mount Road ATM,12/04/2012,149,92,57,566500,393400,173100,sunday,H
Airport ATM,12/04/2012,128,110,18,689200,615000,74200,sunday,H
KK Nagar ATM,12/04/2012,180,140,40,795800,654700,141100,sunday,H
Christ College ATM,12/04/2012,60,46,14,291500,250100,41400,sunday,H
Big Street ATM,13/04/2012,46,27,19,225600,153600,72000,friday,H
Mount Road ATM,13/04/2012,78,41,37,161300,95900,65400,friday,H
Airport ATM,13/04/2012,72,66,6,293100,265000,28100,friday,H
KK Nagar ATM,13/04/2012,115,104,11,428100,366900,61200,friday,H
Christ College ATM,13/04/2012,76,40,36,431900,264000,167900,friday,H
Big Street ATM,14/04/2012,44,25,19,285300,192500,92800,saturday,H
Mount Road ATM,14/04/2012,104,58,46,314300,188500,125800,saturday,H
Airport ATM,14/04/2012,99,79,20,405200,338700,66500,saturday,H
KK Nagar ATM,14/04/2012,103,92,11,421200,370300,50900,saturday,H
Christ College ATM,14/04/2012,64,53,11,424500,385900,38600,saturday,H
Big Street ATM,15/04/2012,42,32,10,308400,233500,74900,sunday,H
Mount Road ATM,15/04/2012,65,39,26,275600,214100,61500,sunday,H
Airport ATM,15/04/2012,65,47,18,253700,201700,52000,sunday,H
KK Nagar ATM,15/04/2012,94,80,14,372800,331000,41800,sunday,H
Christ College ATM,15/04/2012,51,33,18,324000,257000,67000,sunday,H
Big Street ATM,16/04/2012,26,7,19,82300,28700,53600,sunday,H
Mount Road ATM,16/04/2012,99,53,46,297700,173100,124600,sunday,H
Airport ATM,16/04/2012,76,64,12,426800,405400,21400,sunday,H
KK Nagar ATM,16/04/2012,58,32,26,159900,47600,112300,sunday,H
Christ College ATM,16/04/2012,46,30,16,177500,129900,47600,sunday,H
Big Street ATM,17/04/2012,6,5,1,38000,37500,500,sunday,H
Mount Road ATM,17/04/2012,48,43,5,308000,300600,7400,sunday,H
Airport ATM,17/04/2012,34,32,2,180400,165400,15000,sunday,H
KK Nagar ATM,17/04/2012,47,40,7,150300,112200,38100,sunday,H
Christ College ATM,17/04/2012,30,18,12,177300,132800,44500,sunday,H
Big Street ATM,18/04/2012,27,21,6,75700,60300,15400,sunday,H
Mount Road ATM,18/04/2012,98,86,12,428300,373300,55000,sunday,H
Airport ATM,18/04/2012,92,82,10,630200,603700,26500,sunday,H
KK Nagar ATM,18/04/2012,138,116,22,603500,525700,77800,sunday,H
Christ College ATM,18/04/2012,30,24,6,177500,154700,22800,sunday,H
Big Street ATM,19/04/2012,31,18,13,126700,85600,41100,sunday,H
Mount Road ATM,19/04/2012,194,81,113,656300,362000,294300,sunday,H
Airport ATM,19/04/2012,74,56,18,367300,306200,61100,sunday,H
KK Nagar ATM,19/04/2012,175,137,38,780600,637300,143300,sunday,H
Christ College ATM,19/04/2012,109,66,43,540800,399300,141500,sunday,H
Big Street ATM,20/04/2012,41,20,21,112200,57800,54400,sunday,H
Mount Road ATM,20/04/2012,175,79,96,447700,237000,210700,sunday,H
Airport ATM,20/04/2012,94,70,24,466000,384300,81700,sunday,H
KK Nagar ATM,20/04/2012,182,133,49,730600,562400,168200,sunday,H
Christ College ATM,20/04/2012,110,52,58,531200,366100,165100,sunday,H
Big Street ATM,21/04/2012,51,27,24,200800,100900,99900,saturday,H
Mount Road ATM,21/04/2012,189,108,81,620400,435300,185100,saturday,H
Airport ATM,21/04/2012,122,88,34,600000,481400,118600,saturday,H
KK Nagar ATM,21/04/2012,224,164,60,811800,576100,235700,saturday,H
Christ College ATM,21/04/2012,112,48,64,587100,331500,255600,saturday,H
Big Street ATM,22/04/2012,37,22,15,135700,82000,53700,sunday,H
Mount Road ATM,22/04/2012,87,53,34,244700,177400,67300,sunday,H
Airport ATM,22/04/2012,91,80,11,372200,325900,46300,sunday,H
KK Nagar ATM,22/04/2012,74,61,13,350700,309300,41400,sunday,H
Christ College ATM,22/04/2012,59,29,30,227100,110200,116900,sunday,H
Big Street ATM,23/04/2012,36,23,13,96800,76300,20500,sunday,H
Mount Road ATM,23/04/2012,111,65,46,322000,227500,94500,sunday,H
Airport ATM,23/04/2012,110,73,37,594300,450200,144100,sunday,H
KK Nagar ATM,23/04/2012,96,78,18,354100,303600,50500,sunday,H
Christ College ATM,23/04/2012,34,22,12,122200,107900,14300,sunday,H
Big Street ATM,24/04/2012,24,16,8,121000,107900,13100,sunday,H
Mount Road ATM,24/04/2012,122,74,48,420000,258700,161300,sunday,H
Airport ATM,24/04/2012,73,62,11,310100,284300,25800,sunday,H
KK Nagar ATM,24/04/2012,170,148,22,743900,636500,107400,sunday,H
Christ College ATM,24/04/2012,3,3,0,42700,42700,0,sunday,H
Big Street ATM,25/04/2012,28,13,15,86600,45500,41100,sunday,H
Mount Road ATM,25/04/2012,116,70,46,369900,247600,122300,sunday,H
Airport ATM,25/04/2012,79,64,15,452000,409400,42600,sunday,H
KK Nagar ATM,25/04/2012,207,175,32,998100,861700,136400,sunday,H
Christ College ATM,25/04/2012,18,12,6,36100,24900,11200,sunday,H
Big Street ATM,26/04/2012,55,30,25,172500,88500,84000,sunday,H
Mount Road ATM,26/04/2012,155,78,77,537400,331300,206100,sunday,H
Airport ATM,26/04/2012,119,94,25,558000,484900,73100,sunday,H
KK Nagar ATM,26/04/2012,219,178,41,1069300,946100,123200,sunday,H
Christ College ATM,26/04/2012,58,37,21,266600,190800,75800,sunday,H
Big Street ATM,27/04/2012,37,22,15,203000,150300,52700,sunday,H
Mount Road ATM,27/04/2012,140,60,80,399700,227400,172300,sunday,H
Airport ATM,27/04/2012,94,64,30,421900,334800,87100,sunday,H
KK Nagar ATM,27/04/2012,231,181,50,825900,691400,134500,sunday,H
Christ College ATM,27/04/2012,71,36,35,337000,215000,122000,sunday,H
Big Street ATM,28/04/2012,39,20,19,128000,42100,85900,saturday,H
Mount Road ATM,28/04/2012,80,48,32,364500,279500,85000,saturday,H
Airport ATM,28/04/2012,96,77,19,406400,362100,44300,saturday,H
KK Nagar ATM,28/04/2012,190,150,40,749800,586300,163500,saturday,H
Christ College ATM,28/04/2012,88,60,28,408400,302400,106000,saturday,H
Big Street ATM,29/04/2012,21,18,3,73000,60500,12500,sunday,H
Mount Road ATM,29/04/2012,28,23,5,106200,81500,24700,sunday,H
Airport ATM,29/04/2012,58,48,10,316300,285300,31000,sunday,H
KK Nagar ATM,29/04/2012,83,79,4,265500,257900,7600,sunday,H
Christ College ATM,29/04/2012,26,18,8,95700,83700,12000,sunday,H
Big Street ATM,30/04/2012,6,4,2,30600,28100,2500,sunday,H
Mount Road ATM,30/04/2012,135,106,29,454700,426300,28400,sunday,H
Airport ATM,30/04/2012,54,45,9,312400,279700,32700,sunday,H
KK Nagar ATM,30/04/2012,215,205,10,859800,831300,28500,sunday,H
Christ College ATM,30/04/2012,68,38,30,255600,185300,70300,sunday,H
Big Street ATM,01/05/2012,34,6,28,154300,30000,124300,tuesday,H
Mount Road ATM,01/05/2012,113,61,52,453200,338600,114600,tuesday,H
Airport ATM,01/05/2012,56,29,27,266200,207200,59000,tuesday,H
KK Nagar ATM,01/05/2012,186,161,25,772500,690900,81600,tuesday,H
Christ College ATM,01/05/2012,42,24,18,252900,218800,34100,tuesday,H
Big Street ATM,02/05/2012,31,29,2,169800,169300,500,tuesday,H
Mount Road ATM,02/05/2012,158,118,40,892300,728400,163900,tuesday,H
Airport ATM,02/05/2012,99,88,11,662200,626600,35600,tuesday,H
KK Nagar ATM,02/05/2012,258,238,20,1169400,1132300,37100,tuesday,H
Christ College ATM,02/05/2012,73,56,17,428300,340200,88100,tuesday,H
Big Street ATM,03/05/2012,36,27,9,124300,106000,18300,tuesday,H
Mount Road ATM,03/05/2012,107,84,23,444300,411900,32400,tuesday,H
Airport ATM,03/05/2012,73,70,3,481200,470700,10500,tuesday,H
KK Nagar ATM,03/05/2012,261,216,45,1336800,1109900,226900,tuesday,H
Christ College ATM,03/05/2012,59,44,15,344800,284200,60600,tuesday,H
Big Street ATM,04/05/2012,37,27,10,174000,130900,43100,tuesday,H
Mount Road ATM,04/05/2012,119,90,29,488800,394300,94500,tuesday,H
Airport ATM,04/05/2012,49,38,11,277900,221100,56800,tuesday,H
KK Nagar ATM,04/05/2012,205,188,17,848700,782200,66500,tuesday,H
Christ College ATM,04/05/2012,63,57,6,345400,308600,36800,tuesday,H
Big Street ATM,05/05/2012,18,11,7,55500,42500,13000,saturday,H
Mount Road ATM,05/05/2012,124,83,41,593000,515800,77200,saturday,H
Airport ATM,05/05/2012,17,7,10,53400,28800,24600,saturday,H
KK Nagar ATM,05/05/2012,162,148,14,697300,660400,36900,saturday,H
Christ College ATM,05/05/2012,62,56,6,394700,373800,20900,saturday,H
Big Street ATM,06/05/2012,20,16,4,88700,83700,5000,sunday,H
Mount Road ATM,06/05/2012,49,33,16,115800,78300,37500,sunday,H
Airport ATM,06/05/2012,8,0,8,28300,0,28300,sunday,H
KK Nagar ATM,06/05/2012,72,63,9,331000,307300,23700,sunday,H
Christ College ATM,06/05/2012,39,32,7,219200,200100,19100,sunday,H
Big Street ATM,07/05/2012,33,25,8,146900,135900,11000,sunday,H
Mount Road ATM,07/05/2012,97,87,10,408100,395800,12300,sunday,H
Airport ATM,07/05/2012,6,2,4,33100,30000,3100,sunday,H
KK Nagar ATM,07/05/2012,174,165,9,718600,687900,30700,sunday,H
Christ College ATM,07/05/2012,87,85,2,536000,534400,1600,sunday,H
Big Street ATM,08/05/2012,47,38,9,166700,150100,16600,sunday,H
Mount Road ATM,08/05/2012,124,76,48,524900,438600,86300,sunday,H
Airport ATM,08/05/2012,91,75,16,380300,321000,59300,sunday,H
KK Nagar ATM,08/05/2012,172,156,16,729000,648900,80100,sunday,H
Christ College ATM,08/05/2012,95,47,48,489900,339000,150900,sunday,H
Big Street ATM,09/05/2012,48,19,29,182700,81100,101600,sunday,H
Mount Road ATM,09/05/2012,168,98,70,596300,400000,196300,sunday,H
Airport ATM,09/05/2012,139,98,41,671200,503700,167500,sunday,H
KK Nagar ATM,09/05/2012,209,177,32,783500,681900,101600,sunday,H
Christ College ATM,09/05/2012,67,38,29,396700,243200,153500,sunday,H
Big Street ATM,10/05/2012,48,24,24,210500,82900,127600,sunday,H
Mount Road ATM,10/05/2012,144,95,49,528100,430500,97600,sunday,H
Airport ATM,10/05/2012,130,80,50,682400,480800,201600,sunday,H
KK Nagar ATM,10/05/2012,223,163,60,922800,690400,232400,sunday,H
Christ College ATM,10/05/2012,46,31,15,230800,159200,71600,sunday,H
Big Street ATM,11/05/2012,45,28,17,193300,129600,63700,sunday,H
Mount Road ATM,11/05/2012,111,69,42,423200,334100,89100,sunday,H
Airport ATM,11/05/2012,108,75,33,467300,326700,140600,sunday,H
KK Nagar ATM,11/05/2012,177,153,24,708600,629800,78800,sunday,H
Christ College ATM,11/05/2012,70,55,15,310000,256200,53800,sunday,H
Big Street ATM,12/05/2012,45,24,21,116700,67700,49000,saturday,H
Mount Road ATM,12/05/2012,184,81,103,542500,258400,284100,saturday,H
Airport ATM,12/05/2012,180,122,58,968700,691500,277200,saturday,H
KK Nagar ATM,12/05/2012,251,189,62,1043500,751300,292200,saturday,H
Christ College ATM,12/05/2012,99,44,55,454900,222400,232500,saturday,H
Big Street ATM,13/05/2012,65,21,44,195600,76500,119100,sunday,H
Mount Road ATM,13/05/2012,159,36,123,413000,111300,301700,sunday,H
Airport ATM,13/05/2012,109,65,44,350200,216300,133900,sunday,H
KK Nagar ATM,13/05/2012,150,84,66,473900,306800,167100,sunday,H
Christ College ATM,13/05/2012,69,28,41,200500,77600,122900,sunday,H
Big Street ATM,14/05/2012,35,15,20,155500,55700,99800,sunday,H
Mount Road ATM,14/05/2012,112,72,40,410500,308700,101800,sunday,H
Airport ATM,14/05/2012,102,78,24,449100,378900,70200,sunday,H
KK Nagar ATM,14/05/2012,202,180,22,961100,833400,127700,sunday,H
Christ College ATM,14/05/2012,66,38,28,394600,316800,77800,sunday,H
Big Street ATM,15/05/2012,42,19,23,179200,114500,64700,sunday,H
Mount Road ATM,15/05/2012,165,38,127,373900,103700,270200,sunday,H
Airport ATM,15/05/2012,125,89,36,570600,450900,119700,sunday,H
KK Nagar ATM,15/05/2012,240,166,74,942800,662700,280100,sunday,H
Christ College ATM,15/05/2012,130,63,67,567300,348200,219100,sunday,H
Big Street ATM,16/05/2012,55,20,35,174700,106100,68600,sunday,H
Mount Road ATM,16/05/2012,198,105,93,730800,526100,204700,sunday,H
Airport ATM,16/05/2012,144,80,64,660400,489600,170800,sunday,H
KK Nagar ATM,16/05/2012,200,149,51,905700,739300,166400,sunday,H
Christ College ATM,16/05/2012,59,31,28,215600,144500,71100,sunday,H
Big Street ATM,17/05/2012,44,19,25,207600,150800,56800,sunday,H
Mount Road ATM,17/05/2012,221,76,145,616000,256900,359100,sunday,H
Airport ATM,17/05/2012,59,39,20,289100,216800,72300,sunday,H
KK Nagar ATM,17/05/2012,213,162,51,927100,744800,182300,sunday,H
Christ College ATM,17/05/2012,78,50,28,259200,182100,77100,sunday,H
Big Street ATM,18/05/2012,53,19,34,180200,84300,95900,sunday,H
Mount Road ATM,18/05/2012,201,71,130,583300,233800,349500,sunday,H
Airport ATM,18/05/2012,98,57,41,556800,381000,175800,sunday,H
KK Nagar ATM,18/05/2012,191,148,43,795300,632500,162800,sunday,H
Christ College ATM,18/05/2012,63,44,19,358200,273200,85000,sunday,H
Big Street ATM,19/05/2012,32,17,15,125200,78700,46500,sunday,H
Mount Road ATM,19/05/2012,148,77,71,501800,289400,212400,sunday,H
Airport ATM,19/05/2012,74,59,15,404800,351200,53600,sunday,H
KK Nagar ATM,19/05/2012,218,140,78,827000,460000,367000,sunday,H
Christ College ATM,19/05/2012,86,48,38,384000,204600,179400,sunday,H
Big Street ATM,20/05/2012,28,23,5,124900,111900,13000,sunday,H
Mount Road ATM,20/05/2012,49,39,10,102700,84600,18100,sunday,H
Airport ATM,20/05/2012,43,30,13,123800,100200,23600,sunday,H
KK Nagar ATM,20/05/2012,80,76,4,307800,302700,5100,sunday,H
Christ College ATM,20/05/2012,27,25,2,73600,70600,3000,sunday,H
Big Street ATM,21/05/2012,18,13,5,84400,72400,12000,monday,H
Mount Road ATM,21/05/2012,87,53,34,294400,219700,74700,monday,H
Airport ATM,21/05/2012,103,89,14,527800,487900,39900,monday,H
KK Nagar ATM,21/05/2012,187,181,6,773900,761900,12000,monday,H
Christ College ATM,21/05/2012,59,53,6,257700,248500,9200,monday,H
Big Street ATM,22/05/2012,53,20,33,156300,68200,88100,monday,H
Mount Road ATM,22/05/2012,199,75,124,570000,257300,312700,monday,H
Airport ATM,22/05/2012,123,86,37,601100,476100,125000,monday,H
KK Nagar ATM,22/05/2012,252,208,44,991800,837900,153900,monday,H
Christ College ATM,22/05/2012,47,39,8,214600,195300,19300,monday,H
Big Street ATM,23/05/2012,65,24,41,245700,106800,138900,monday,H
Mount Road ATM,23/05/2012,239,99,140,741100,387200,353900,monday,H
Airport ATM,23/05/2012,126,70,56,504400,378500,125900,monday,H
KK Nagar ATM,23/05/2012,188,101,87,936000,513300,422700,monday,H
Christ College ATM,23/05/2012,54,22,32,206800,99000,107800,monday,H
Big Street ATM,24/05/2012,38,17,21,140900,76700,64200,monday,H
Mount Road ATM,24/05/2012,154,81,73,621500,375300,246200,monday,H
Airport ATM,24/05/2012,101,59,42,359300,252300,107000,monday,H
KK Nagar ATM,24/05/2012,189,150,39,743500,610100,133400,monday,H
Christ College ATM,24/05/2012,68,40,28,306400,206600,99800,monday,H
Big Street ATM,25/05/2012,58,15,43,171300,58500,112800,monday,H
Mount Road ATM,25/05/2012,259,69,190,742000,206000,536000,monday,H
Airport ATM,25/05/2012,102,77,25,487500,413900,73600,monday,H
KK Nagar ATM,25/05/2012,277,192,85,1153700,812000,341700,monday,H
Christ College ATM,25/05/2012,81,52,29,392200,279500,112700,monday,H
Big Street ATM,26/05/2012,64,16,48,182000,70200,111800,saturday,H
Mount Road ATM,26/05/2012,273,77,196,1010100,473500,536600,saturday,H
Airport ATM,26/05/2012,135,86,49,608100,444500,163600,saturday,H
KK Nagar ATM,26/05/2012,268,169,99,954100,582900,371200,saturday,H
Christ College ATM,26/05/2012,82,55,27,408100,318700,89400,saturday,H
Big Street ATM,27/05/2012,57,17,40,112200,50500,61700,sunday,H
Mount Road ATM,27/05/2012,157,41,116,451100,218300,232800,sunday,H
Airport ATM,27/05/2012,118,57,61,364200,182700,181500,sunday,H
KK Nagar ATM,27/05/2012,127,78,49,469700,264600,205100,sunday,H
Christ College ATM,27/05/2012,68,31,37,249300,93800,155500,sunday,H
Big Street ATM,28/05/2012,41,19,22,165600,98900,66700,sunday,H
Mount Road ATM,28/05/2012,150,82,68,528300,388300,140000,sunday,H
Airport ATM,28/05/2012,143,94,49,718600,511900,206700,sunday,H
KK Nagar ATM,28/05/2012,240,173,67,1026600,752700,273900,sunday,H
Christ College ATM,28/05/2012,71,37,34,276100,150700,125400,sunday,H
Big Street ATM,29/05/2012,59,13,46,205500,46100,159400,sunday,H
Mount Road ATM,29/05/2012,159,69,90,547800,333600,214200,sunday,H
Airport ATM,29/05/2012,95,56,39,423300,235000,188300,sunday,H
KK Nagar ATM,29/05/2012,276,208,68,1205600,1014500,191100,sunday,H
Christ College ATM,29/05/2012,98,53,45,391500,243100,148400,sunday,H
Big Street ATM,30/05/2012,56,22,34,158600,83000,75600,sunday,H
Mount Road ATM,30/05/2012,160,79,81,553300,281300,272000,sunday,H
Airport ATM,30/05/2012,106,83,23,404600,359400,45200,sunday,H
KK Nagar ATM,30/05/2012,306,229,77,1280800,1019300,261500,sunday,H
Christ College ATM,30/05/2012,111,40,71,466500,210300,256200,sunday,H
Big Street ATM,31/05/2012,52,18,34,185100,57100,128000,sunday,H
Mount Road ATM,31/05/2012,180,106,74,642200,477000,165200,sunday,H
Airport ATM,31/05/2012,116,75,41,580000,452800,127200,sunday,H
KK Nagar ATM,31/05/2012,353,249,104,1673300,1254400,418900,sunday,H
Christ College ATM,31/05/2012,79,47,32,339500,238000,101500,sunday,H
Big Street ATM,01/06/2012,41,16,25,135600,71700,63900,sunday,H
Mount Road ATM,01/06/2012,186,87,99,800000,411700,388300,sunday,H
Airport ATM,01/06/2012,126,91,35,626100,492400,133700,sunday,H
KK Nagar ATM,01/06/2012,261,165,96,1281800,937300,344500,sunday,H
Christ College ATM,01/06/2012,47,37,10,306000,283000,23000,sunday,H
Big Street ATM,02/06/2012,20,17,3,108000,91500,16500,saturday,H
Mount Road ATM,02/06/2012,129,103,26,684300,597300,87000,saturday,H
Airport ATM,02/06/2012,132,122,10,904600,876400,28200,saturday,H
KK Nagar ATM,02/06/2012,300,278,22,1320400,1269700,50700,saturday,H
Christ College ATM,02/06/2012,70,63,7,440200,428000,12200,saturday,H
Big Street ATM,03/06/2012,22,22,0,71300,71300,0,sunday,H
Mount Road ATM,03/06/2012,55,48,7,202500,187800,14700,sunday,H
Airport ATM,03/06/2012,97,91,6,518300,499400,18900,sunday,H
KK Nagar ATM,03/06/2012,149,144,5,506900,498800,8100,sunday,H
Christ College ATM,03/06/2012,24,21,3,107700,106900,800,sunday,H
Big Street ATM,04/06/2012,15,15,0,44400,44400,0,sunday,H
Mount Road ATM,04/06/2012,41,31,10,153400,135700,17700,sunday,H
Airport ATM,04/06/2012,86,84,2,523600,521400,2200,sunday,H
KK Nagar ATM,04/06/2012,221,215,6,904900,895900,9000,sunday,H
Christ College ATM,04/06/2012,29,27,2,81900,80700,1200,sunday,H
Big Street ATM,05/06/2012,40,38,2,170100,160000,10100,sunday,H
Mount Road ATM,05/06/2012,106,90,16,559100,478100,81000,sunday,H
Airport ATM,05/06/2012,81,77,4,561500,539500,22000,sunday,H
KK Nagar ATM,05/06/2012,200,182,18,866800,801200,65600,sunday,H
Christ College ATM,05/06/2012,63,51,12,384100,307300,76800,sunday,H
Big Street ATM,06/06/2012,51,21,30,170400,71300,99100,sunday,H
Mount Road ATM,06/06/2012,179,110,69,678700,452400,226300,sunday,H
Airport ATM,06/06/2012,102,76,26,599600,533800,65800,sunday,H
KK Nagar ATM,06/06/2012,256,210,46,1153200,1029200,124000,sunday,H
Christ College ATM,06/06/2012,79,45,34,388300,234700,153600,sunday,H
Big Street ATM,07/06/2012,63,19,44,284800,95600,189200,sunday,H
Mount Road ATM,07/06/2012,191,81,110,708300,428200,280100,sunday,H
Airport ATM,07/06/2012,130,70,60,464600,262100,202500,sunday,H
KK Nagar ATM,07/06/2012,279,194,85,1402500,1091800,310700,sunday,H
Christ College ATM,07/06/2012,175,42,133,901400,236200,665200,sunday,H
Big Street ATM,08/06/2012,99,21,78,292000,62900,229100,sunday,H
Mount Road ATM,08/06/2012,388,100,288,1197200,472800,724400,sunday,H
Airport ATM,08/06/2012,154,79,75,763100,495900,267200,sunday,H
KK Nagar ATM,08/06/2012,372,191,181,1584600,887900,696700,sunday,H
Christ College ATM,08/06/2012,51,10,41,154900,12500,142400,sunday,H
Big Street ATM,09/06/2012,56,13,43,211600,53800,157800,saturday,H
Mount Road ATM,09/06/2012,305,78,227,975100,473100,502000,saturday,H
Airport ATM,09/06/2012,183,98,85,823100,549000,274100,saturday,H
KK Nagar ATM,09/06/2012,361,192,169,1645200,859200,786000,saturday,H
Christ College ATM,09/06/2012,60,23,37,228600,117900,110700,saturday,H
Big Street ATM,10/06/2012,89,19,70,256000,40600,215400,sunday,H
Mount Road ATM,10/06/2012,326,31,295,896700,100300,796400,sunday,H
Airport ATM,10/06/2012,153,66,87,512500,278600,233900,sunday,H
KK Nagar ATM,10/06/2012,204,75,129,760900,271100,489800,sunday,H
Christ College ATM,10/06/2012,37,9,28,175400,115200,60200,sunday,H
Big Street ATM,11/06/2012,76,21,55,221200,79400,141800,sunday,H
Mount Road ATM,11/06/2012,198,75,123,684800,316600,368200,sunday,H
Airport ATM,11/06/2012,143,83,60,522200,346900,175300,sunday,H
KK Nagar ATM,11/06/2012,246,178,68,1052000,789100,262900,sunday,H
Christ College ATM,11/06/2012,42,27,15,95900,44900,51000,sunday,H
Big Street ATM,12/06/2012,130,19,111,456400,67300,389100,sunday,H
Mount Road ATM,12/06/2012,253,97,156,682000,364800,317200,sunday,H
Airport ATM,12/06/2012,156,88,68,691600,498800,192800,sunday,H
KK Nagar ATM,12/06/2012,300,161,139,1223100,736500,486600,sunday,H
Christ College ATM,12/06/2012,110,35,75,468000,130200,337800,sunday,H
Big Street ATM,13/06/2012,66,5,61,205100,14600,190500,sunday,H
Mount Road ATM,13/06/2012,236,73,163,813800,352400,461400,sunday,H
Airport ATM,13/06/2012,133,74,59,610000,451900,158100,sunday,H
KK Nagar ATM,13/06/2012,264,184,80,1101100,790900,310200,sunday,H
Christ College ATM,13/06/2012,32,18,14,141900,84200,57700,sunday,H
Big Street ATM,14/06/2012,56,3,53,150700,3600,147100,sunday,H
Mount Road ATM,14/06/2012,356,76,280,1127300,340400,786900,sunday,H
Airport ATM,14/06/2012,174,86,88,832900,531400,301500,sunday,H
KK Nagar ATM,14/06/2012,332,159,173,1447300,721600,725700,sunday,H
Christ College ATM,14/06/2012,148,40,108,637000,188600,448400,sunday,H
Big Street ATM,15/06/2012,90,27,63,327300,61600,265700,sunday,H
Mount Road ATM,15/06/2012,122,47,75,417700,184700,233000,sunday,H
Airport ATM,15/06/2012,116,83,33,644900,516300,128600,sunday,H
KK Nagar ATM,15/06/2012,197,138,59,663300,446600,216700,sunday,H
Christ College ATM,15/06/2012,94,47,47,426500,285200,141300,sunday,H
Big Street ATM,16/06/2012,70,20,50,268600,87800,180800,saturday,H
Mount Road ATM,16/06/2012,179,88,91,513500,311900,201600,saturday,H
Airport ATM,16/06/2012,138,90,48,755900,568800,187100,saturday,H
KK Nagar ATM,16/06/2012,179,142,37,826000,722100,103900,saturday,H
Christ College ATM,16/06/2012,69,39,30,268800,173900,94900,saturday,H
Big Street ATM,17/06/2012,47,22,25,174700,145100,29600,sunday,H
Airport ATM,17/06/2012,109,76,33,429300,361900,67400,sunday,H
KK Nagar ATM,17/06/2012,97,62,35,285800,142800,143000,sunday,H
Christ College ATM,17/06/2012,78,29,49,288200,116900,171300,sunday,H
Big Street ATM,18/06/2012,81,37,44,229200,154000,75200,sunday,H
Mount Road ATM,18/06/2012,244,64,180,826200,339400,486800,sunday,H
Airport ATM,18/06/2012,124,100,24,507100,459500,47600,sunday,H
KK Nagar ATM,18/06/2012,239,190,49,913700,803400,110300,sunday,H
Christ College ATM,18/06/2012,101,57,44,531400,340300,191100,sunday,H
Big Street ATM,19/06/2012,75,26,49,273900,151500,122400,sunday,H
Mount Road ATM,19/06/2012,261,91,170,631300,270500,360800,sunday,H
Airport ATM,19/06/2012,111,88,23,403500,355400,48100,sunday,H
KK Nagar ATM,19/06/2012,243,187,56,1111000,860600,250400,sunday,H
Christ College ATM,19/06/2012,94,44,50,425300,203600,221700,sunday,H
Big Street ATM,20/06/2012,62,39,23,271800,244200,27600,sunday,H
Mount Road ATM,20/06/2012,197,78,119,621800,316800,305000,sunday,H
Airport ATM,20/06/2012,104,74,30,512500,387200,125300,sunday,H
KK Nagar ATM,20/06/2012,211,176,35,813400,692300,121100,sunday,H
Christ College ATM,20/06/2012,68,41,27,223700,161800,61900,sunday,H
Big Street ATM,21/06/2012,72,25,47,308800,183800,125000,sunday,H
Mount Road ATM,21/06/2012,264,78,186,975000,371300,603700,sunday,H
Airport ATM,21/06/2012,63,37,26,258200,170800,87400,sunday,H
KK Nagar ATM,21/06/2012,230,134,96,855800,542100,313700,sunday,H
Christ College ATM,21/06/2012,114,10,104,435700,35900,399800,sunday,H
Big Street ATM,22/06/2012,53,20,33,157800,69400,88400,sunday,H
Mount Road ATM,22/06/2012,132,67,65,289600,155900,133700,sunday,H
Airport ATM,22/06/2012,110,87,23,534100,441600,92500,sunday,H
KK Nagar ATM,22/06/2012,210,165,45,965700,744700,221000,sunday,H
Christ College ATM,22/06/2012,54,25,29,196400,84700,111700,sunday,H
Big Street ATM,23/06/2012,38,15,23,88900,38000,50900,saturday,H
Mount Road ATM,23/06/2012,205,95,110,560900,345300,215600,saturday,H
Airport ATM,23/06/2012,116,86,30,498400,464600,33800,saturday,H
KK Nagar ATM,23/06/2012,221,151,70,856100,574300,281800,saturday,H
Christ College ATM,23/06/2012,118,56,62,520400,339500,180900,saturday,H
Big Street ATM,24/06/2012,32,10,22,39100,10700,28400,sunday,H
Mount Road ATM,24/06/2012,58,13,45,122100,40900,81200,sunday,H
Airport ATM,24/06/2012,111,64,47,315300,238800,76500,sunday,H
KK Nagar ATM,24/06/2012,107,91,16,401300,359900,41400,sunday,H
Christ College ATM,24/06/2012,53,22,31,247400,102700,144700,sunday,H
Big Street ATM,25/06/2012,55,14,41,261900,84900,177000,sunday,H
Mount Road ATM,25/06/2012,158,76,82,479700,256900,222800,sunday,H
Airport ATM,25/06/2012,103,76,27,491100,396000,95100,sunday,H
KK Nagar ATM,25/06/2012,204,167,37,858000,748300,109700,sunday,H
Christ College ATM,25/06/2012,72,48,24,263700,168500,95200,sunday,H
Big Street ATM,26/06/2012,54,15,39,215200,79400,135800,sunday,H
Mount Road ATM,26/06/2012,144,58,86,362800,176600,186200,sunday,H
Airport ATM,26/06/2012,110,95,15,607300,580400,26900,sunday,H
KK Nagar ATM,26/06/2012,200,167,33,881800,735500,146300,sunday,H
Christ College ATM,26/06/2012,70,48,22,239700,180200,59500,sunday,H
Big Street ATM,27/06/2012,49,20,29,92800,66800,26000,sunday,H
Mount Road ATM,27/06/2012,148,66,82,395500,213900,181600,sunday,H
Airport ATM,27/06/2012,107,87,20,430100,404100,26000,sunday,H
KK Nagar ATM,27/06/2012,190,153,37,769600,676100,93500,sunday,H
Christ College ATM,27/06/2012,81,38,43,326500,158800,167700,sunday,H
Big Street ATM,28/06/2012,38,15,23,104700,36100,68600,sunday,H
Mount Road ATM,28/06/2012,87,51,36,194300,118400,75900,sunday,H
Airport ATM,28/06/2012,94,68,26,467100,368700,98400,sunday,H
KK Nagar ATM,28/06/2012,219,162,57,867900,627500,240400,sunday,H
Christ College ATM,28/06/2012,85,58,27,364500,273400,91100,sunday,H
Big Street ATM,29/06/2012,60,32,28,208500,147300,61200,sunday,H
Mount Road ATM,29/06/2012,160,81,79,441000,295000,146000,sunday,H
Airport ATM,29/06/2012,81,68,13,506200,469100,37100,sunday,H
KK Nagar ATM,29/06/2012,186,138,48,878700,688900,189800,sunday,H
Christ College ATM,29/06/2012,58,23,35,199100,83600,115500,sunday,H
Big Street ATM,30/06/2012,37,13,24,124600,94600,30000,saturday,H
Mount Road ATM,30/06/2012,224,89,135,720000,353700,366300,saturday,H
Airport ATM,30/06/2012,106,82,24,420800,365900,54900,saturday,H
KK Nagar ATM,30/06/2012,348,257,91,1879500,1444800,434700,saturday,H
Christ College ATM,30/06/2012,91,62,29,448000,315800,132200,saturday,H
Big Street ATM,01/07/2012,110,28,82,410800,158200,252600,sunday,H
Mount Road ATM,01/07/2012,318,39,279,930000,151800,778200,sunday,H
Airport ATM,01/07/2012,120,62,58,558200,362400,195800,sunday,H
KK Nagar ATM,01/07/2012,207,99,108,775000,328200,446800,sunday,H
Christ College ATM,01/07/2012,111,40,71,446800,167700,279100,sunday,H
Big Street ATM,02/07/2012,52,17,35,257900,111200,146700,sunday,H
Mount Road ATM,02/07/2012,164,56,108,583500,296800,286700,sunday,H
Airport ATM,02/07/2012,154,116,38,802500,642200,160300,sunday,H
KK Nagar ATM,02/07/2012,400,259,141,2118600,1374800,743800,sunday,H
Christ College ATM,02/07/2012,104,50,54,554000,301200,252800,sunday,H
Big Street ATM,03/07/2012,81,29,52,290000,99500,190500,sunday,H
Mount Road ATM,03/07/2012,207,93,114,770600,400800,369800,sunday,H
Airport ATM,03/07/2012,96,71,25,493900,415800,78100,sunday,H
KK Nagar ATM,03/07/2012,260,197,63,1304500,1030800,273700,sunday,H
Christ College ATM,03/07/2012,117,62,55,649700,400900,248800,sunday,H
Big Street ATM,04/07/2012,48,10,38,138600,53800,84800,sunday,H
Mount Road ATM,04/07/2012,305,97,208,1159700,403000,756700,sunday,H
Airport ATM,04/07/2012,119,98,21,621100,533500,87600,sunday,H
KK Nagar ATM,04/07/2012,308,254,54,1338800,1114400,224400,sunday,H
Christ College ATM,04/07/2012,88,39,49,491000,204600,286400,sunday,H
Big Street ATM,05/07/2012,62,30,32,271700,188200,83500,sunday,H
Mount Road ATM,05/07/2012,239,74,165,947600,367300,580300,sunday,H
Airport ATM,05/07/2012,124,94,30,692500,580300,112200,sunday,H
KK Nagar ATM,05/07/2012,269,201,68,1364800,1056500,308300,sunday,H
Christ College ATM,05/07/2012,129,54,75,504000,194700,309300,sunday,H
Big Street ATM,06/07/2012,38,12,26,157300,54800,102500,sunday,H
Mount Road ATM,06/07/2012,175,64,111,721800,306900,414900,sunday,H
Airport ATM,06/07/2012,101,79,22,491800,407500,84300,sunday,H
KK Nagar ATM,06/07/2012,290,216,74,1360100,1058000,302100,sunday,H
Christ College ATM,06/07/2012,118,44,74,505300,166100,339200,sunday,H
Big Street ATM,07/07/2012,64,31,33,227300,122200,105100,saturday,H
Mount Road ATM,07/07/2012,259,92,167,898100,443700,454400,saturday,H
Airport ATM,07/07/2012,76,58,18,404200,335800,68400,saturday,H
KK Nagar ATM,07/07/2012,309,229,80,1321400,946200,375200,saturday,H
Christ College ATM,07/07/2012,90,54,36,432100,326500,105600,saturday,H
Big Street ATM,08/07/2012,71,25,46,175500,66500,109000,sunday,H
Mount Road ATM,08/07/2012,210,38,172,478700,160200,318500,sunday,H
Airport ATM,08/07/2012,143,107,36,573700,445400,128300,sunday,H
KK Nagar ATM,08/07/2012,114,76,38,351400,266700,84700,sunday,H
Christ College ATM,08/07/2012,68,27,41,423500,134700,288800,sunday,H
Big Street ATM,09/07/2012,63,23,40,283700,132100,151600,sunday,H
Mount Road ATM,09/07/2012,197,100,97,621400,393900,227500,sunday,H
Airport ATM,09/07/2012,130,94,36,535600,391900,143700,sunday,H
KK Nagar ATM,09/07/2012,268,211,57,1295700,1079600,216100,sunday,H
Christ College ATM,09/07/2012,144,53,91,544200,242900,301300,sunday,H
Big Street ATM,10/07/2012,100,34,66,382000,208800,173200,sunday,H
Mount Road ATM,10/07/2012,171,80,91,585100,370000,215100,sunday,H
Airport ATM,10/07/2012,103,79,24,449600,342700,106900,sunday,H
KK Nagar ATM,10/07/2012,220,170,50,865700,673000,192700,sunday,H
Christ College ATM,10/07/2012,74,44,30,298300,183100,115200,sunday,H
Big Street ATM,11/07/2012,51,14,37,182900,64400,118500,sunday,H
Mount Road ATM,11/07/2012,142,94,48,557100,451700,105400,sunday,H
Airport ATM,11/07/2012,144,108,36,701800,613500,88300,sunday,H
KK Nagar ATM,11/07/2012,189,155,34,658200,552800,105400,sunday,H
Christ College ATM,11/07/2012,83,48,35,373500,248200,125300,sunday,H
Big Street ATM,12/07/2012,48,18,30,168700,79800,88900,sunday,H
Mount Road ATM,12/07/2012,171,90,81,606900,399500,207400,sunday,H
Airport ATM,12/07/2012,93,71,22,339000,285200,53800,sunday,H
KK Nagar ATM,12/07/2012,267,207,60,1037500,829000,208500,sunday,H
Christ College ATM,12/07/2012,97,55,42,389300,240500,148800,sunday,H
Big Street ATM,13/07/2012,60,15,45,200500,63100,137400,sunday,H
Mount Road ATM,13/07/2012,138,67,71,416600,216800,199800,sunday,H
Airport ATM,13/07/2012,87,71,16,384700,321500,63200,sunday,H
KK Nagar ATM,13/07/2012,247,197,50,1168200,949600,218600,sunday,H
Christ College ATM,13/07/2012,79,53,26,373200,291400,81800,sunday,H
Big Street ATM,14/07/2012,51,26,25,195700,154200,41500,saturday,H
Mount Road ATM,14/07/2012,211,95,116,699500,476500,223000,saturday,H
Airport ATM,14/07/2012,128,105,23,622300,558600,63700,saturday,H
KK Nagar ATM,14/07/2012,299,225,74,1190100,948400,241700,saturday,H
Christ College ATM,14/07/2012,116,62,54,601600,421600,180000,saturday,H
Big Street ATM,15/07/2012,52,23,29,203500,109400,94100,sunday,H
Mount Road ATM,15/07/2012,195,42,153,541700,168500,373200,sunday,H
Airport ATM,15/07/2012,86,69,17,389600,359500,30100,sunday,H
KK Nagar ATM,15/07/2012,210,147,63,584900,418400,166500,sunday,H
Christ College ATM,15/07/2012,56,24,32,129500,69100,60400,sunday,H
Big Street ATM,16/07/2012,50,18,32,239000,141300,97700,sunday,H
Mount Road ATM,16/07/2012,167,97,70,700400,493700,206700,sunday,H
Airport ATM,16/07/2012,117,89,28,568400,465800,102600,sunday,H
KK Nagar ATM,16/07/2012,241,181,60,1039800,859600,180200,sunday,H
Christ College ATM,16/07/2012,37,21,16,194600,138100,56500,sunday,H
Big Street ATM,17/07/2012,56,30,26,248900,185900,63000,sunday,H
Mount Road ATM,17/07/2012,130,81,49,441100,343700,97400,sunday,H
Airport ATM,17/07/2012,113,78,35,555800,456700,99100,sunday,H
KK Nagar ATM,17/07/2012,232,183,49,1149700,972200,177500,sunday,H
Christ College ATM,17/07/2012,82,37,45,313500,171800,141700,sunday,H
Big Street ATM,18/07/2012,42,21,21,123500,62800,60700,sunday,H
Mount Road ATM,18/07/2012,172,72,100,609700,314400,295300,sunday,H
Airport ATM,18/07/2012,130,78,52,587400,447800,139600,sunday,H
KK Nagar ATM,18/07/2012,259,198,61,1223900,975700,248200,sunday,H
Christ College ATM,18/07/2012,85,40,45,401300,208300,193000,sunday,H
Big Street ATM,19/07/2012,37,23,14,126800,87400,39400,sunday,H
Mount Road ATM,19/07/2012,132,61,71,374700,172100,202600,sunday,H
Airport ATM,19/07/2012,130,95,35,611500,494400,117100,sunday,H
KK Nagar ATM,19/07/2012,219,167,52,851200,662100,189100,sunday,H
Christ College ATM,19/07/2012,54,35,19,234300,176700,57600,sunday,H
Big Street ATM,20/07/2012,38,17,21,86100,49900,36200,sunday,H
Mount Road ATM,20/07/2012,176,98,78,549900,352800,197100,sunday,H
Airport ATM,20/07/2012,103,76,27,456800,410100,46700,sunday,H
KK Nagar ATM,20/07/2012,229,194,35,878800,779800,99000,sunday,H
Christ College ATM,20/07/2012,91,57,34,461700,329100,132600,sunday,H
Big Street ATM,21/07/2012,41,20,21,131700,78600,53100,saturday,H
Mount Road ATM,21/07/2012,193,91,102,706600,450900,255700,saturday,H
Airport ATM,21/07/2012,139,115,24,823500,769200,54300,saturday,H
KK Nagar ATM,21/07/2012,241,197,44,867800,717900,149900,saturday,H
Christ College ATM,21/07/2012,103,49,54,502200,300000,202200,saturday,H
Big Street ATM,22/07/2012,43,16,27,93700,32500,61200,sunday,H
Mount Road ATM,22/07/2012,154,41,113,350900,158200,192700,sunday,H
Airport ATM,22/07/2012,100,70,30,502300,395400,106900,sunday,H
KK Nagar ATM,22/07/2012,72,54,18,193600,154500,39100,sunday,H
Christ College ATM,22/07/2012,72,29,43,230700,148400,82300,sunday,H
Big Street ATM,23/07/2012,45,22,23,100200,65100,35100,sunday,H
Mount Road ATM,23/07/2012,164,101,63,424000,338800,85200,sunday,H
Airport ATM,23/07/2012,86,61,25,359900,297000,62900,sunday,H
KK Nagar ATM,23/07/2012,261,211,50,1075700,917400,158300,sunday,H
Christ College ATM,23/07/2012,92,68,24,565800,496400,69400,sunday,H
Big Street ATM,24/07/2012,43,23,20,196000,140500,55500,sunday,H
Mount Road ATM,24/07/2012,111,45,66,206900,73300,133600,sunday,H
Airport ATM,24/07/2012,92,67,25,499200,422600,76600,sunday,H
KK Nagar ATM,24/07/2012,205,163,42,885600,756700,128900,sunday,H
Christ College ATM,24/07/2012,82,52,30,449600,348700,100900,sunday,H
Big Street ATM,25/07/2012,82,34,48,377600,198600,179000,sunday,H
Mount Road ATM,25/07/2012,188,96,92,597600,341500,256100,sunday,H
Airport ATM,25/07/2012,82,65,17,339900,299900,40000,sunday,H
KK Nagar ATM,25/07/2012,217,183,34,995500,889100,106400,sunday,H
Christ College ATM,25/07/2012,69,43,26,271400,220600,50800,sunday,H
Big Street ATM,26/07/2012,46,25,21,150600,98200,52400,sunday,H
Mount Road ATM,26/07/2012,152,66,86,495800,262100,233700,sunday,H
Airport ATM,26/07/2012,131,97,34,639900,528800,111100,sunday,H
KK Nagar ATM,26/07/2012,233,199,34,942000,838500,103500,sunday,H
Christ College ATM,26/07/2012,72,38,34,363400,196900,166500,sunday,H
Big Street ATM,27/07/2012,27,10,17,53400,28300,25100,sunday,H
Mount Road ATM,27/07/2012,111,61,50,304600,203300,101300,sunday,H
Airport ATM,27/07/2012,110,92,18,552100,497500,54600,sunday,H
KK Nagar ATM,27/07/2012,205,157,48,658900,502400,156500,sunday,H
Christ College ATM,27/07/2012,74,31,43,275500,125600,149900,sunday,H
Big Street ATM,28/07/2012,39,15,24,95000,24500,70500,saturday,H
Mount Road ATM,28/07/2012,169,63,106,504900,243700,261200,saturday,H
Airport ATM,28/07/2012,94,73,21,438900,362500,76400,saturday,H
KK Nagar ATM,28/07/2012,284,214,70,903000,683000,220000,saturday,H
Christ College ATM,28/07/2012,98,57,41,511500,330700,180800,saturday,H
Big Street ATM,29/07/2012,34,14,20,86900,23700,63200,sunday,H
Mount Road ATM,29/07/2012,155,35,120,347900,71900,276000,sunday,H
Airport ATM,29/07/2012,95,65,30,376100,325000,51100,sunday,H
KK Nagar ATM,29/07/2012,125,91,34,392400,240600,151800,sunday,H
Christ College ATM,29/07/2012,62,29,33,242500,111400,131100,sunday,H
Big Street ATM,30/07/2012,29,10,19,89400,32100,57300,sunday,H
Mount Road ATM,30/07/2012,150,81,69,458500,310800,147700,sunday,H
Airport ATM,30/07/2012,103,85,18,587700,536500,51200,sunday,H
KK Nagar ATM,30/07/2012,256,203,53,1169400,955400,214000,sunday,H
Christ College ATM,30/07/2012,60,40,20,299100,243600,55500,sunday,H
Big Street ATM,31/07/2012,36,19,17,179800,133600,46200,sunday,H
Mount Road ATM,31/07/2012,175,93,82,517300,232100,285200,sunday,H
Airport ATM,31/07/2012,126,92,34,587800,441800,146000,sunday,H
KK Nagar ATM,31/07/2012,296,231,65,1525100,1281200,243900,sunday,H
Christ College ATM,31/07/2012,101,59,42,457100,275700,181400,sunday,H
Big Street ATM,01/08/2012,52,25,27,269000,179900,89100,sunday,H
Mount Road ATM,01/08/2012,195,95,100,695700,361300,334400,sunday,H
Airport ATM,01/08/2012,141,101,40,850900,662500,188400,sunday,H
KK Nagar ATM,01/08/2012,333,240,93,1630900,1170200,460700,sunday,H
Christ College ATM,01/08/2012,122,48,74,646000,252400,393600,sunday,H
Big Street ATM,02/08/2012,47,18,29,142300,51800,90500,sunday,H
Mount Road ATM,02/08/2012,223,106,117,887800,535300,352500,sunday,H
Airport ATM,02/08/2012,131,97,34,636300,504600,131700,sunday,H
KK Nagar ATM,02/08/2012,283,219,64,1254300,966900,287400,sunday,H
Christ College ATM,02/08/2012,87,35,52,352700,170400,182300,sunday,H
Big Street ATM,03/08/2012,56,20,36,220900,79900,141000,sunday,H
Mount Road ATM,03/08/2012,197,88,109,717700,416600,301100,sunday,H
Airport ATM,03/08/2012,108,82,26,554300,461400,92900,sunday,H
KK Nagar ATM,03/08/2012,282,222,60,1337000,1092300,244700,sunday,H
Christ College ATM,03/08/2012,99,49,50,519500,265600,253900,sunday,H
Big Street ATM,04/08/2012,60,13,47,268700,90400,178300,saturday,H
Mount Road ATM,04/08/2012,269,109,160,996100,606500,389600,saturday,H
Airport ATM,04/08/2012,131,105,26,708400,584700,123700,saturday,H
KK Nagar ATM,04/08/2012,305,230,75,1498100,1179800,318300,saturday,H
Christ College ATM,04/08/2012,79,37,42,367400,198700,168700,saturday,H
Big Street ATM,05/08/2012,48,16,32,112800,46100,66700,sunday,H
Mount Road ATM,05/08/2012,193,32,161,423900,122800,301100,sunday,H
Airport ATM,05/08/2012,145,110,35,700700,608100,92600,sunday,H
KK Nagar ATM,05/08/2012,162,120,42,572400,440500,131900,sunday,H
Christ College ATM,05/08/2012,115,37,78,406000,160000,246000,sunday,H
Big Street ATM,06/08/2012,44,9,35,142700,30300,112400,sunday,H
Mount Road ATM,06/08/2012,214,94,120,887100,483300,403800,sunday,H
Airport ATM,06/08/2012,135,90,45,658200,440700,217500,sunday,H
KK Nagar ATM,06/08/2012,315,243,72,1496900,1192300,304600,sunday,H
Christ College ATM,06/08/2012,124,50,74,634900,276500,358400,sunday,H
Big Street ATM,07/08/2012,48,23,25,176800,89300,87500,sunday,H
Mount Road ATM,07/08/2012,168,86,82,605300,356300,249000,sunday,H
Airport ATM,07/08/2012,112,85,27,647600,523000,124600,sunday,H
KK Nagar ATM,07/08/2012,237,184,53,1181700,939700,242000,sunday,H
Christ College ATM,07/08/2012,115,51,64,580000,336000,244000,sunday,H
Big Street ATM,08/08/2012,41,19,22,163800,120400,43400,sunday,H
Mount Road ATM,08/08/2012,184,99,85,556100,363400,192700,sunday,H
Airport ATM,08/08/2012,136,104,32,610800,494200,116600,sunday,H
KK Nagar ATM,08/08/2012,242,179,63,1119600,850800,268800,sunday,H
Christ College ATM,08/08/2012,149,68,81,592800,320000,272800,sunday,H
Big Street ATM,09/08/2012,49,24,25,170700,119600,51100,sunday,H
Mount Road ATM,09/08/2012,171,76,95,510900,238000,272900,sunday,H
Airport ATM,09/08/2012,118,83,35,583000,466900,116100,sunday,H
KK Nagar ATM,09/08/2012,210,133,77,815500,509500,306000,sunday,H
Christ College ATM,09/08/2012,93,48,45,342700,219200,123500,sunday,H
Big Street ATM,10/08/2012,31,17,14,119100,91400,27700,sunday,H
Mount Road ATM,10/08/2012,190,110,80,597100,395500,201600,sunday,H
Airport ATM,10/08/2012,125,92,33,550100,452500,97600,sunday,H
KK Nagar ATM,10/08/2012,242,187,55,1198300,974800,223500,sunday,H
Christ College ATM,10/08/2012,67,37,30,319300,237400,81900,sunday,H
Big Street ATM,11/08/2012,13,6,7,30300,10900,19400,saturday,H
Mount Road ATM,11/08/2012,218,88,130,709000,392300,316700,saturday,H
Airport ATM,11/08/2012,133,100,33,632000,486700,145300,saturday,H
KK Nagar ATM,11/08/2012,291,216,75,1293000,1014600,278400,saturday,H
Christ College ATM,11/08/2012,131,46,85,622200,245900,376300,saturday,H
Big Street ATM,12/08/2012,22,4,18,67500,3100,64400,sunday,H
Mount Road ATM,12/08/2012,147,25,122,214400,25500,188900,sunday,H
Airport ATM,12/08/2012,87,63,24,386500,327000,59500,sunday,H
KK Nagar ATM,12/08/2012,119,91,28,352300,267700,84600,sunday,H
Christ College ATM,12/08/2012,75,30,45,212100,94200,117900,sunday,H
Big Street ATM,13/08/2012,33,19,14,105600,61800,43800,sunday,H
Mount Road ATM,13/08/2012,173,92,81,667100,419400,247700,sunday,H
Airport ATM,13/08/2012,113,95,18,617800,556000,61800,sunday,H
KK Nagar ATM,13/08/2012,250,207,43,1246800,1045000,201800,sunday,H
Christ College ATM,13/08/2012,80,42,38,408200,218600,189600,sunday,H
Big Street ATM,14/08/2012,43,14,29,150500,58600,91900,sunday,H
Mount Road ATM,14/08/2012,187,113,74,547500,369400,178100,sunday,H
Airport ATM,14/08/2012,124,88,36,660700,508800,151900,sunday,H
KK Nagar ATM,14/08/2012,204,166,38,855200,705400,149800,sunday,H
Christ College ATM,14/08/2012,90,37,53,319800,131700,188100,sunday,H
Big Street ATM,15/08/2012,54,16,38,200700,85100,115600,wednesday,H
Mount Road ATM,15/08/2012,169,34,135,422900,155800,267100,wednesday,H
Airport ATM,15/08/2012,82,65,17,542600,510800,31800,wednesday,H
KK Nagar ATM,15/08/2012,172,108,64,668300,414700,253600,wednesday,H
Christ College ATM,15/08/2012,79,39,40,302400,163000,139400,wednesday,H
Big Street ATM,16/08/2012,52,20,32,178900,92100,86800,wednesday,H
Mount Road ATM,16/08/2012,145,75,70,647900,459200,188700,wednesday,H
Airport ATM,16/08/2012,132,105,27,702600,611100,91500,wednesday,H
KK Nagar ATM,16/08/2012,286,218,68,1060700,801200,259500,wednesday,H
Christ College ATM,16/08/2012,85,53,32,448500,333900,114600,wednesday,H
Big Street ATM,17/08/2012,35,24,11,80400,53400,27000,wednesday,H
Mount Road ATM,17/08/2012,177,91,86,635700,417300,218400,wednesday,H
Airport ATM,17/08/2012,94,71,23,502800,429400,73400,wednesday,H
KK Nagar ATM,17/08/2012,274,201,73,1052800,763600,289200,wednesday,H
Christ College ATM,17/08/2012,116,74,42,637800,442000,195800,wednesday,H
Mount Road ATM,18/08/2012,233,107,126,709600,448300,261300,saturday,H
Airport ATM,18/08/2012,118,90,28,531900,423100,108800,saturday,H
KK Nagar ATM,18/08/2012,223,169,54,747500,533800,213700,saturday,H
Christ College ATM,18/08/2012,100,56,44,403800,282400,121400,saturday,H
Big Street ATM,19/08/2012,37,14,23,137000,67300,69700,sunday,H
Mount Road ATM,19/08/2012,1,0,1,3500,0,3500,sunday,H
Airport ATM,19/08/2012,50,45,5,176600,144600,32000,sunday,H
KK Nagar ATM,19/08/2012,120,75,45,512000,316200,195800,sunday,H
Christ College ATM,19/08/2012,50,18,32,157900,86200,71700,sunday,H
Big Street ATM,20/08/2012,55,17,38,157900,85500,72400,monday,H
Airport ATM,20/08/2012,73,56,17,396900,341000,55900,monday,H
KK Nagar ATM,20/08/2012,277,159,118,1093400,628500,464900,monday,H
Christ College ATM,20/08/2012,67,28,39,291500,132300,159200,monday,H
Big Street ATM,21/08/2012,16,7,9,8200,4800,3400,monday,H
Mount Road ATM,21/08/2012,77,45,32,263300,181200,82100,monday,H
Airport ATM,21/08/2012,113,99,14,600600,571800,28800,monday,H
KK Nagar ATM,21/08/2012,273,197,76,1225500,974800,250700,monday,H
Christ College ATM,21/08/2012,95,58,37,426400,324000,102400,monday,H
Big Street ATM,22/08/2012,48,26,22,164400,122000,42400,monday,H
Mount Road ATM,22/08/2012,129,68,61,491400,277600,213800,monday,H
Airport ATM,22/08/2012,92,72,20,447600,398900,48700,monday,H
KK Nagar ATM,22/08/2012,246,158,88,1083600,726800,356800,monday,H
Christ College ATM,22/08/2012,82,49,33,314600,235900,78700,monday,H
Big Street ATM,23/08/2012,41,20,21,136900,76100,60800,monday,H
Mount Road ATM,23/08/2012,122,63,59,490100,320900,169200,monday,H
Airport ATM,23/08/2012,74,55,19,268300,234300,34000,monday,H
KK Nagar ATM,23/08/2012,200,155,45,780300,653400,126900,monday,H
Christ College ATM,23/08/2012,93,40,53,383800,251200,132600,monday,H
Big Street ATM,24/08/2012,53,34,19,201100,183100,18000,monday,H
Mount Road ATM,24/08/2012,145,76,69,474200,313200,161000,monday,H
Airport ATM,24/08/2012,100,85,15,586000,542800,43200,monday,H
KK Nagar ATM,24/08/2012,179,138,41,729500,616400,113100,monday,H
Christ College ATM,24/08/2012,111,64,47,540800,418300,122500,monday,H
Big Street ATM,25/08/2012,56,25,31,210600,143400,67200,saturday,H
Mount Road ATM,25/08/2012,170,82,88,719900,481500,238400,saturday,H
Airport ATM,25/08/2012,131,102,29,778700,713700,65000,saturday,H
KK Nagar ATM,25/08/2012,270,215,55,1156000,989400,166600,saturday,H
Christ College ATM,25/08/2012,99,52,47,343100,203500,139600,saturday,H
Big Street ATM,26/08/2012,54,20,34,152000,114200,37800,sunday,H
Mount Road ATM,26/08/2012,111,34,77,266300,158600,107700,sunday,H
Airport ATM,26/08/2012,83,61,22,444000,368200,75800,sunday,H
KK Nagar ATM,26/08/2012,97,78,19,322800,245100,77700,sunday,H
Christ College ATM,26/08/2012,89,29,60,243900,95900,148000,sunday,H
Big Street ATM,27/08/2012,42,13,29,134100,37600,96500,sunday,H
Mount Road ATM,27/08/2012,174,93,81,575200,353300,221900,sunday,H
Airport ATM,27/08/2012,86,64,22,360500,280600,79900,sunday,H
KK Nagar ATM,27/08/2012,264,211,53,1110500,865300,245200,sunday,H
Christ College ATM,27/08/2012,95,52,43,433600,264400,169200,sunday,H
Big Street ATM,28/08/2012,34,9,25,105700,52500,53200,sunday,H
Mount Road ATM,28/08/2012,148,77,71,403400,229600,173800,sunday,H
Airport ATM,28/08/2012,93,69,24,425600,357400,68200,sunday,H
KK Nagar ATM,28/08/2012,224,175,49,700700,559200,141500,sunday,H
Christ College ATM,28/08/2012,100,41,59,418500,198300,220200,sunday,H
Big Street ATM,29/08/2012,34,16,18,154000,105700,48300,sunday,H
Mount Road ATM,29/08/2012,147,75,72,435800,254100,181700,sunday,H
Airport ATM,29/08/2012,79,62,17,354700,287800,66900,sunday,H
KK Nagar ATM,29/08/2012,236,174,62,792800,611100,181700,sunday,H
Christ College ATM,29/08/2012,91,34,57,414900,174000,240900,sunday,H
Big Street ATM,30/08/2012,40,16,24,137900,80500,57400,sunday,H
Mount Road ATM,30/08/2012,160,81,79,483900,267600,216300,sunday,H
Airport ATM,30/08/2012,97,70,27,390400,332000,58400,sunday,H
KK Nagar ATM,30/08/2012,196,148,48,874600,661100,213500,sunday,H
Christ College ATM,30/08/2012,106,39,67,412400,166700,245700,sunday,H
Big Street ATM,31/08/2012,59,19,40,146900,68700,78200,sunday,H
Mount Road ATM,31/08/2012,194,89,105,693100,432400,260700,sunday,H
Airport ATM,31/08/2012,125,98,27,606200,526400,79800,sunday,H
KK Nagar ATM,31/08/2012,251,199,52,1095200,859700,235500,sunday,H
Christ College ATM,31/08/2012,110,53,57,473900,289900,184000,sunday,H
Big Street ATM,01/09/2012,62,13,49,216400,51100,165300,saturday,H
Mount Road ATM,01/09/2012,276,129,147,1229000,721400,507600,saturday,H
Airport ATM,01/09/2012,172,123,49,878300,655700,222600,saturday,H
KK Nagar ATM,01/09/2012,414,254,160,2169400,1252200,917200,saturday,H
Christ College ATM,01/09/2012,134,64,70,768100,397200,370900,saturday,H
Big Street ATM,02/09/2012,95,19,76,365100,109300,255800,sunday,H
Mount Road ATM,02/09/2012,150,30,120,340000,99000,241000,sunday,H
Airport ATM,02/09/2012,71,46,25,346000,267400,78600,sunday,H
KK Nagar ATM,02/09/2012,197,113,84,819700,458700,361000,sunday,H
Christ College ATM,02/09/2012,136,37,99,555700,183000,372700,sunday,H
Big Street ATM,03/09/2012,62,10,52,187100,44000,143100,sunday,H
Mount Road ATM,03/09/2012,214,101,113,927800,590300,337500,sunday,H
Airport ATM,03/09/2012,104,86,18,574600,535200,39400,sunday,H
KK Nagar ATM,03/09/2012,330,244,86,1707100,1319500,387600,sunday,H
Christ College ATM,03/09/2012,124,58,66,554700,301800,252900,sunday,H
Big Street ATM,04/09/2012,48,17,31,245200,109700,135500,sunday,H
Mount Road ATM,04/09/2012,219,115,104,846300,506800,339500,sunday,H
Airport ATM,04/09/2012,133,105,28,791800,671400,120400,sunday,H
KK Nagar ATM,04/09/2012,252,196,56,1127100,883800,243300,sunday,H
Christ College ATM,04/09/2012,114,52,62,718900,407400,311500,sunday,H
Big Street ATM,05/09/2012,65,26,39,274900,145700,129200,sunday,H
Mount Road ATM,05/09/2012,223,131,92,1003600,719900,283700,sunday,H
Airport ATM,05/09/2012,111,80,31,540500,434800,105700,sunday,H
KK Nagar ATM,05/09/2012,314,250,64,1449600,1192200,257400,sunday,H
Christ College ATM,05/09/2012,118,58,60,648500,373300,275200,sunday,H
Big Street ATM,06/09/2012,68,21,47,193400,73300,120100,sunday,H
Mount Road ATM,06/09/2012,205,110,95,798700,558400,240300,sunday,H
Airport ATM,06/09/2012,102,77,25,557200,445700,111500,sunday,H
KK Nagar ATM,06/09/2012,257,191,66,1099200,868300,230900,sunday,H
Christ College ATM,06/09/2012,113,60,53,563900,367700,196200,sunday,H
Big Street ATM,07/09/2012,76,28,48,368700,169800,198900,sunday,H
Mount Road ATM,07/09/2012,187,99,88,669600,399200,270400,sunday,H
Airport ATM,07/09/2012,124,81,43,538300,412600,125700,sunday,H
KK Nagar ATM,07/09/2012,212,157,55,808400,563000,245400,sunday,H
Christ College ATM,07/09/2012,122,64,58,556800,327200,229600,sunday,H
Big Street ATM,08/09/2012,79,25,54,315100,126000,189100,saturday,H
Mount Road ATM,08/09/2012,256,104,152,786300,447300,339000,saturday,H
Airport ATM,08/09/2012,90,67,23,409700,318500,91200,saturday,H
KK Nagar ATM,08/09/2012,275,213,62,1053900,825800,228100,saturday,H
Christ College ATM,08/09/2012,128,55,73,679300,375600,303700,saturday,H
Big Street ATM,09/09/2012,97,30,67,303100,146700,156400,sunday,H
Mount Road ATM,09/09/2012,198,56,142,401100,177600,223500,sunday,H
Airport ATM,09/09/2012,76,52,24,254300,217100,37200,sunday,H
KK Nagar ATM,09/09/2012,121,83,38,537700,381600,156100,sunday,H
Christ College ATM,09/09/2012,140,35,105,430500,129500,301000,sunday,H
Big Street ATM,10/09/2012,61,26,35,182900,103700,79200,sunday,H
Mount Road ATM,10/09/2012,145,67,78,471700,290700,181000,sunday,H
Airport ATM,10/09/2012,131,98,33,695800,595600,100200,sunday,H
KK Nagar ATM,10/09/2012,254,202,52,1182500,1000600,181900,sunday,H
Christ College ATM,10/09/2012,108,47,61,463600,235900,227700,sunday,H
Big Street ATM,11/09/2012,64,20,44,202800,68200,134600,sunday,H
Mount Road ATM,11/09/2012,201,113,88,650300,479800,170500,sunday,H
Airport ATM,11/09/2012,136,93,43,671500,527000,144500,sunday,H
KK Nagar ATM,11/09/2012,235,200,35,1163300,1030600,132700,sunday,H
Christ College ATM,11/09/2012,131,40,91,654600,245700,408900,sunday,H
Big Street ATM,12/09/2012,94,27,67,419700,155300,264400,sunday,H
Mount Road ATM,12/09/2012,159,88,71,600200,420500,179700,sunday,H
Airport ATM,12/09/2012,101,84,17,451700,397600,54100,sunday,H
KK Nagar ATM,12/09/2012,232,183,49,1040300,849300,191000,sunday,H
Christ College ATM,12/09/2012,123,39,84,503600,176300,327300,sunday,H
Big Street ATM,13/09/2012,89,35,54,344100,199100,145000,sunday,H
Mount Road ATM,13/09/2012,122,86,36,421100,329800,91300,sunday,H
Airport ATM,13/09/2012,92,73,19,455500,414000,41500,sunday,H
KK Nagar ATM,13/09/2012,223,171,52,1112900,891600,221300,sunday,H
Christ College ATM,13/09/2012,120,61,59,569200,389700,179500,sunday,H
Big Street ATM,14/09/2012,86,36,50,322400,198100,124300,sunday,H
Mount Road ATM,14/09/2012,199,98,101,767600,523800,243800,sunday,H
Airport ATM,14/09/2012,96,79,17,624200,572900,51300,sunday,H
KK Nagar ATM,14/09/2012,222,171,51,899800,710900,188900,sunday,H
Christ College ATM,14/09/2012,97,48,49,472300,269700,202600,sunday,H
Big Street ATM,15/09/2012,96,21,75,217400,54700,162700,saturday,H
Mount Road ATM,15/09/2012,224,83,141,820800,492800,328000,saturday,H
Airport ATM,15/09/2012,126,82,44,589800,457100,132700,saturday,H
KK Nagar ATM,15/09/2012,213,163,50,825600,603100,222500,saturday,H
Christ College ATM,15/09/2012,106,58,48,441500,264900,176600,saturday,H
Big Street ATM,16/09/2012,112,30,82,373100,156300,216800,sunday,H
Mount Road ATM,16/09/2012,144,40,104,366700,188900,177800,sunday,H
Airport ATM,16/09/2012,88,65,23,345100,318400,26700,sunday,H
KK Nagar ATM,16/09/2012,123,100,23,356900,312700,44200,sunday,H
Christ College ATM,16/09/2012,129,43,86,442800,261200,181600,sunday,H
Big Street ATM,17/09/2012,90,27,63,343000,108400,234600,sunday,H
Mount Road ATM,17/09/2012,202,114,88,597500,425900,171600,sunday,H
Airport ATM,17/09/2012,117,88,29,544900,460300,84600,sunday,H
KK Nagar ATM,17/09/2012,276,212,64,1123900,945600,178300,sunday,H
Christ College ATM,17/09/2012,87,35,52,337400,209600,127800,sunday,H
Big Street ATM,18/09/2012,89,31,58,321000,159400,161600,sunday,H
Mount Road ATM,18/09/2012,161,87,74,551200,339400,211800,sunday,H
Airport ATM,18/09/2012,109,82,27,502800,412800,90000,sunday,H
KK Nagar ATM,18/09/2012,262,210,52,1023500,790700,232800,sunday,H
Christ College ATM,18/09/2012,109,43,66,386300,210200,176100,sunday,H
Big Street ATM,19/09/2012,91,28,63,219700,95500,124200,wednesday,H
Mount Road ATM,19/09/2012,142,42,100,430300,218400,211900,wednesday,H
Airport ATM,19/09/2012,44,29,15,217100,187300,29800,wednesday,H
KK Nagar ATM,19/09/2012,189,111,78,715500,444000,271500,wednesday,H
Christ College ATM,19/09/2012,116,33,83,368300,132800,235500,wednesday,H
Big Street ATM,20/09/2012,87,37,50,237300,146200,91100,wednesday,H
Mount Road ATM,20/09/2012,130,79,51,443900,292100,151800,wednesday,H
Airport ATM,20/09/2012,100,65,35,469200,345000,124200,wednesday,H
KK Nagar ATM,20/09/2012,188,153,35,786000,662700,123300,wednesday,H
Christ College ATM,20/09/2012,109,40,69,342400,129500,212900,wednesday,H
Big Street ATM,21/09/2012,63,24,39,216300,116900,99400,wednesday,H
Mount Road ATM,21/09/2012,165,91,74,491800,319700,172100,wednesday,H
Airport ATM,21/09/2012,90,69,21,545800,486300,59500,wednesday,H
KK Nagar ATM,21/09/2012,245,196,49,1033900,861100,172800,wednesday,H
Christ College ATM,21/09/2012,144,46,98,447100,146600,300500,wednesday,H
Big Street ATM,22/09/2012,69,20,49,130200,33300,96900,saturday,H
Mount Road ATM,22/09/2012,223,121,102,784900,551500,233400,saturday,H
Airport ATM,22/09/2012,97,78,19,546000,490300,55700,saturday,H
KK Nagar ATM,22/09/2012,250,185,65,947100,715500,231600,saturday,H
Christ College ATM,22/09/2012,125,56,69,612100,333100,279000,saturday,H
Big Street ATM,23/09/2012,72,21,51,179500,80800,98700,sunday,H
Mount Road ATM,23/09/2012,134,34,100,290900,61400,229500,sunday,H
Airport ATM,23/09/2012,96,61,35,232500,171600,60900,sunday,H
KK Nagar ATM,23/09/2012,102,71,31,350100,278400,71700,sunday,H
Christ College ATM,23/09/2012,88,39,49,301200,178700,122500,sunday,H
Big Street ATM,24/09/2012,66,26,40,148000,60900,87100,sunday,H
Mount Road ATM,24/09/2012,163,84,79,531400,327500,203900,sunday,H
Airport ATM,24/09/2012,128,96,32,503400,441200,62200,sunday,H
KK Nagar ATM,24/09/2012,229,172,57,990400,812300,178100,sunday,H
Christ College ATM,24/09/2012,99,54,45,442000,283900,158100,sunday,H
Big Street ATM,25/09/2012,76,25,51,256500,96700,159800,sunday,H
Mount Road ATM,25/09/2012,155,76,79,473400,263100,210300,sunday,H
Airport ATM,25/09/2012,98,79,19,391900,356700,35200,sunday,H
KK Nagar ATM,25/09/2012,248,183,65,1024300,784200,240100,sunday,H
Christ College ATM,25/09/2012,78,34,44,320300,170300,150000,sunday,H
Big Street ATM,26/09/2012,80,31,49,296200,166500,129700,sunday,H
Mount Road ATM,26/09/2012,168,97,71,480400,317000,163400,sunday,H
Airport ATM,26/09/2012,102,75,27,484200,400200,84000,sunday,H
KK Nagar ATM,26/09/2012,215,163,52,752100,587700,164400,sunday,H
Christ College ATM,26/09/2012,74,42,32,320200,221000,99200,sunday,H
Big Street ATM,27/09/2012,86,27,59,255000,107100,147900,sunday,H
Mount Road ATM,27/09/2012,167,104,63,509200,376800,132400,sunday,H
Airport ATM,27/09/2012,109,79,30,454000,401100,52900,sunday,H
KK Nagar ATM,27/09/2012,229,171,58,825000,639400,185600,sunday,H
Christ College ATM,27/09/2012,108,35,73,394800,158900,235900,sunday,H
Big Street ATM,28/09/2012,76,18,58,185700,65300,120400,sunday,H
Mount Road ATM,28/09/2012,111,65,46,263600,159900,103700,sunday,H
Airport ATM,28/09/2012,98,67,31,536900,412600,124300,sunday,H
KK Nagar ATM,28/09/2012,278,208,70,1239900,991900,248000,sunday,H
Christ College ATM,28/09/2012,154,40,114,696200,248000,448200,sunday,H
Big Street ATM,29/09/2012,55,25,30,167500,111900,55600,saturday,H
Mount Road ATM,29/09/2012,216,110,106,690700,465600,225100,saturday,H
Airport ATM,29/09/2012,51,41,10,213200,174300,38900,saturday,H
KK Nagar ATM,29/09/2012,254,175,79,1008000,676100,331900,saturday,H
Christ College ATM,29/09/2012,101,43,58,384400,198000,186400,saturday,H
Big Street ATM,30/09/2012,89,19,70,219800,58800,161000,sunday,H
Mount Road ATM,30/09/2012,160,34,126,335500,67400,268100,sunday,H
Airport ATM,30/09/2012,77,56,21,487300,399400,87900,sunday,H
KK Nagar ATM,30/09/2012,133,74,59,468500,255900,212600,sunday,H
Christ College ATM,30/09/2012,81,36,45,306500,191400,115100,sunday,H
Big Street ATM,01/10/2012,97,30,67,430900,199100,231800,sunday,H
Mount Road ATM,01/10/2012,211,111,100,893700,594000,299700,sunday,H
Airport ATM,01/10/2012,155,109,46,884200,710600,173600,sunday,H
KK Nagar ATM,01/10/2012,331,239,92,1580700,1175300,405400,sunday,H
Christ College ATM,01/10/2012,80,45,35,308000,155300,152700,sunday,H
Big Street ATM,02/10/2012,118,17,101,347000,70000,277000,tuesday,H
Mount Road ATM,02/10/2012,141,31,110,438100,168900,269200,tuesday,H
Airport ATM,02/10/2012,103,67,36,426900,328100,98800,tuesday,H
KK Nagar ATM,02/10/2012,147,95,52,550500,360600,189900,tuesday,H
Christ College ATM,02/10/2012,66,32,34,276700,142800,133900,tuesday,H
Big Street ATM,03/10/2012,94,25,69,339700,114700,225000,tuesday,H
Mount Road ATM,03/10/2012,230,122,108,991900,715800,276100,tuesday,H
Airport ATM,03/10/2012,130,105,25,498700,412800,85900,tuesday,H
KK Nagar ATM,03/10/2012,350,236,114,1679600,1074500,605100,tuesday,H
Christ College ATM,03/10/2012,215,46,169,822700,201100,621600,tuesday,H
Big Street ATM,04/10/2012,65,14,51,229300,38000,191300,tuesday,H
Mount Road ATM,04/10/2012,215,108,107,674400,415400,259000,tuesday,H
Airport ATM,04/10/2012,86,66,20,524900,433900,91000,tuesday,H
KK Nagar ATM,04/10/2012,309,245,64,1587800,1367200,220600,tuesday,H
Christ College ATM,04/10/2012,139,46,93,740800,275300,465500,tuesday,H
Big Street ATM,05/10/2012,74,19,55,267700,117000,150700,tuesday,H
Mount Road ATM,05/10/2012,199,80,119,748400,371500,376900,tuesday,H
Airport ATM,05/10/2012,92,62,30,566000,425900,140100,tuesday,H
KK Nagar ATM,05/10/2012,310,244,66,1338200,1096400,241800,tuesday,H
Christ College ATM,05/10/2012,157,52,105,719600,287100,432500,tuesday,H
Big Street ATM,06/10/2012,89,26,63,324600,133000,191600,saturday,H
Mount Road ATM,06/10/2012,188,81,107,717600,363200,354400,saturday,H
Airport ATM,06/10/2012,115,81,34,502700,422900,79800,saturday,H
KK Nagar ATM,06/10/2012,315,187,128,1332200,714200,618000,saturday,H
Christ College ATM,06/10/2012,170,62,108,835500,343800,491700,saturday,H
Big Street ATM,07/10/2012,94,23,71,230400,83800,146600,sunday,H
Mount Road ATM,07/10/2012,1,0,1,500,0,500,sunday,H
Airport ATM,07/10/2012,133,81,52,454400,309300,145100,sunday,H
KK Nagar ATM,07/10/2012,153,88,65,542300,366900,175400,sunday,H
Christ College ATM,07/10/2012,99,38,61,401500,178800,222700,sunday,H
Big Street ATM,08/10/2012,71,20,51,221800,95900,125900,sunday,H
Mount Road ATM,08/10/2012,220,99,121,776200,439100,337100,sunday,H
Airport ATM,08/10/2012,148,109,39,793500,652400,141100,sunday,H
KK Nagar ATM,08/10/2012,312,217,95,1393300,982000,411300,sunday,H
Christ College ATM,08/10/2012,181,54,127,729500,260500,469000,sunday,H
Big Street ATM,09/10/2012,88,27,61,281500,115300,166200,sunday,H
Mount Road ATM,09/10/2012,187,85,102,648300,356200,292100,sunday,H
Airport ATM,09/10/2012,117,75,42,621500,479100,142400,sunday,H
KK Nagar ATM,09/10/2012,255,205,50,1117400,965500,151900,sunday,H
Christ College ATM,09/10/2012,138,64,74,679300,367200,312100,sunday,H
Big Street ATM,10/10/2012,104,27,77,361100,136400,224700,sunday,H
Mount Road ATM,10/10/2012,237,101,136,873300,471400,401900,sunday,H
Airport ATM,10/10/2012,126,90,36,678200,528500,149700,sunday,H
KK Nagar ATM,10/10/2012,271,211,60,1278600,1019400,259200,sunday,H
Christ College ATM,10/10/2012,144,58,86,703600,268600,435000,sunday,H
Big Street ATM,11/10/2012,91,30,61,361400,183100,178300,sunday,H
Mount Road ATM,11/10/2012,207,104,103,752200,454200,298000,sunday,H
Airport ATM,11/10/2012,118,86,32,600000,483000,117000,sunday,H
KK Nagar ATM,11/10/2012,287,198,89,1215000,767000,448000,sunday,H
Christ College ATM,11/10/2012,129,54,75,618400,332500,285900,sunday,H
Big Street ATM,12/10/2012,70,30,40,262600,142800,119800,sunday,H
Mount Road ATM,12/10/2012,192,111,81,735500,545000,190500,sunday,H
Airport ATM,12/10/2012,36,27,9,182700,175300,7400,sunday,H
KK Nagar ATM,12/10/2012,250,183,67,923100,691600,231500,sunday,H
Christ College ATM,12/10/2012,128,59,69,564200,356300,207900,sunday,H
Big Street ATM,13/10/2012,87,30,57,270700,152700,118000,saturday,H
Mount Road ATM,13/10/2012,239,104,135,854500,496600,357900,saturday,H
Airport ATM,13/10/2012,46,37,9,267300,255200,12100,saturday,H
KK Nagar ATM,13/10/2012,307,205,102,1159100,828800,330300,saturday,H
Christ College ATM,13/10/2012,129,58,71,523800,331500,192300,saturday,H
Big Street ATM,14/10/2012,63,17,46,207800,85700,122100,sunday,H
Mount Road ATM,14/10/2012,179,66,113,400800,251400,149400,sunday,H
Airport ATM,14/10/2012,136,89,47,481500,377000,104500,sunday,H
KK Nagar ATM,14/10/2012,213,125,88,849900,517500,332400,sunday,H
Christ College ATM,14/10/2012,89,41,48,371500,232700,138800,sunday,H
Big Street ATM,15/10/2012,84,37,47,293400,217500,75900,sunday,H
Mount Road ATM,15/10/2012,197,97,100,567000,337200,229800,sunday,H
Airport ATM,15/10/2012,151,102,49,946600,717500,229100,sunday,H
KK Nagar ATM,15/10/2012,281,218,63,1449500,1185200,264300,sunday,H
Christ College ATM,15/10/2012,143,48,95,683300,322900,360400,sunday,H
Big Street ATM,16/10/2012,80,27,53,310400,184200,126200,sunday,H
Mount Road ATM,16/10/2012,162,85,77,495800,287800,208000,sunday,H
Airport ATM,16/10/2012,129,88,41,554300,375700,178600,sunday,H
KK Nagar ATM,16/10/2012,260,200,60,1168300,973800,194500,sunday,H
Christ College ATM,16/10/2012,110,57,53,478800,300700,178100,sunday,H
Big Street ATM,17/10/2012,79,27,52,252100,133400,118700,sunday,H
Mount Road ATM,17/10/2012,143,67,76,355600,160200,195400,sunday,H
Airport ATM,17/10/2012,113,86,27,526700,439300,87400,sunday,H
KK Nagar ATM,17/10/2012,266,207,59,1379900,1149800,230100,sunday,H
Christ College ATM,17/10/2012,100,50,50,464500,303500,161000,sunday,H
Big Street ATM,18/10/2012,68,20,48,244700,113500,131200,sunday,H
Mount Road ATM,18/10/2012,159,77,82,447000,249800,197200,sunday,H
Airport ATM,18/10/2012,61,48,13,236400,210400,26000,sunday,H
KK Nagar ATM,18/10/2012,176,127,49,748400,574200,174200,sunday,H
Christ College ATM,18/10/2012,90,41,49,380600,238200,142400,sunday,H
Big Street ATM,19/10/2012,69,21,48,174200,72400,101800,sunday,H
Mount Road ATM,19/10/2012,188,77,111,750300,430500,319800,sunday,H
Airport ATM,19/10/2012,68,57,11,276600,260000,16600,sunday,H
KK Nagar ATM,19/10/2012,210,158,52,752700,616200,136500,sunday,H
Christ College ATM,19/10/2012,88,53,35,487800,359700,128100,sunday,H
Big Street ATM,20/10/2012,86,24,62,264400,128400,136000,saturday,H
Mount Road ATM,20/10/2012,222,91,131,629700,383000,246700,saturday,H
Airport ATM,20/10/2012,124,84,40,564200,438400,125800,saturday,H
KK Nagar ATM,20/10/2012,267,199,68,1088600,835500,253100,saturday,H
Christ College ATM,20/10/2012,100,49,51,488800,306300,182500,saturday,H
Big Street ATM,21/10/2012,102,39,63,341100,180600,160500,sunday,H
Mount Road ATM,21/10/2012,141,38,103,316900,136100,180800,sunday,H
Airport ATM,21/10/2012,81,56,25,292200,240500,51700,sunday,H
KK Nagar ATM,21/10/2012,141,113,28,547100,468900,78200,sunday,H
Christ College ATM,21/10/2012,57,29,28,250400,168600,81800,sunday,H
Big Street ATM,22/10/2012,55,19,36,174100,76800,97300,sunday,H
Mount Road ATM,22/10/2012,192,94,98,646000,391400,254600,sunday,H
Airport ATM,22/10/2012,119,98,21,651100,597800,53300,sunday,H
KK Nagar ATM,22/10/2012,307,238,69,1437700,1216000,221700,sunday,H
Christ College ATM,22/10/2012,94,58,36,530700,424000,106700,sunday,H
Big Street ATM,23/10/2012,77,31,46,278600,169100,109500,tuesday,H
Mount Road ATM,23/10/2012,132,47,85,394600,246900,147700,tuesday,H
Airport ATM,23/10/2012,73,48,25,313400,235300,78100,tuesday,H
KK Nagar ATM,23/10/2012,124,99,25,408700,344100,64600,tuesday,H
Christ College ATM,23/10/2012,68,35,33,365700,256700,109000,tuesday,H
Big Street ATM,24/10/2012,76,30,46,221600,128300,93300,wednesday,H
Mount Road ATM,24/10/2012,143,48,95,336000,150700,185300,wednesday,H
Airport ATM,24/10/2012,88,67,21,451800,371400,80400,wednesday,H
KK Nagar ATM,24/10/2012,206,128,78,853800,537500,316300,wednesday,H
Christ College ATM,24/10/2012,67,45,22,256000,191500,64500,wednesday,H
Big Street ATM,25/10/2012,64,24,40,226400,86100,140300,wednesday,H
Mount Road ATM,25/10/2012,162,80,82,439000,245400,193600,wednesday,H
Airport ATM,25/10/2012,108,75,33,428400,351900,76500,wednesday,H
KK Nagar ATM,25/10/2012,305,204,101,1496700,1066200,430500,wednesday,H
Christ College ATM,25/10/2012,101,63,38,448300,320900,127400,wednesday,H
Big Street ATM,26/10/2012,76,26,50,297100,163400,133700,wednesday,H
Mount Road ATM,26/10/2012,181,90,91,540800,336800,204000,wednesday,H
Airport ATM,26/10/2012,101,79,22,518200,471400,46800,wednesday,H
KK Nagar ATM,26/10/2012,288,212,76,1260000,969400,290600,wednesday,H
Christ College ATM,26/10/2012,56,32,24,227400,170300,57100,wednesday,H
Big Street ATM,27/10/2012,57,21,36,148600,75800,72800,saturday,H
Mount Road ATM,27/10/2012,156,58,98,440300,274400,165900,saturday,H
Airport ATM,27/10/2012,111,87,24,494700,413800,80900,saturday,H
KK Nagar ATM,27/10/2012,227,160,67,1051000,782100,268900,saturday,H
Christ College ATM,27/10/2012,74,33,41,308700,188600,120100,saturday,H
Big Street ATM,28/10/2012,63,22,41,185600,97200,88400,sunday,H
Mount Road ATM,28/10/2012,163,39,124,464300,138600,325700,sunday,H
Airport ATM,28/10/2012,92,58,34,307000,252400,54600,sunday,H
KK Nagar ATM,28/10/2012,170,120,50,722600,529800,192800,sunday,H
Christ College ATM,28/10/2012,97,31,66,317200,174900,142300,sunday,H
Big Street ATM,29/10/2012,53,23,30,157300,85500,71800,sunday,H
Mount Road ATM,29/10/2012,77,42,35,185300,128600,56700,sunday,H
Airport ATM,29/10/2012,118,92,26,556300,467200,89100,sunday,H
KK Nagar ATM,29/10/2012,281,215,66,1001800,778500,223300,sunday,H
Christ College ATM,29/10/2012,104,37,67,343200,115000,228200,sunday,H
Big Street ATM,30/10/2012,50,23,27,150400,108700,41700,sunday,H
Mount Road ATM,30/10/2012,119,63,56,401600,268400,133200,sunday,H
Airport ATM,30/10/2012,30,20,10,112000,66500,45500,sunday,H
KK Nagar ATM,30/10/2012,151,123,28,639000,520200,118800,sunday,H
Christ College ATM,30/10/2012,99,52,47,368400,237800,130600,sunday,H
Big Street ATM,31/10/2012,80,29,51,231300,65200,166100,sunday,H
Mount Road ATM,31/10/2012,146,67,79,495000,250200,244800,sunday,H
Airport ATM,31/10/2012,62,53,9,327500,295000,32500,sunday,H
KK Nagar ATM,31/10/2012,165,131,34,803600,634400,169200,sunday,H
Christ College ATM,31/10/2012,59,21,38,321000,141300,179700,sunday,H
Big Street ATM,01/11/2012,87,32,55,353300,174400,178900,sunday,H
Mount Road ATM,01/11/2012,223,124,99,1020500,702400,318100,sunday,H
Airport ATM,01/11/2012,127,99,28,655600,540500,115100,sunday,H
KK Nagar ATM,01/11/2012,410,320,90,2382700,1907800,474900,sunday,H
Christ College ATM,01/11/2012,112,47,65,647600,285800,361800,sunday,H
Big Street ATM,02/11/2012,90,30,60,330100,169500,160600,sunday,H
Mount Road ATM,02/11/2012,208,102,106,882800,605400,277400,sunday,H
Airport ATM,02/11/2012,115,92,23,555500,444500,111000,sunday,H
KK Nagar ATM,02/11/2012,370,239,131,2010400,1346600,663800,sunday,H
Christ College ATM,02/11/2012,131,31,100,548300,151700,396600,sunday,H
Big Street ATM,03/11/2012,79,30,49,318300,150000,168300,saturday,H
Mount Road ATM,03/11/2012,262,121,141,1082400,690500,391900,saturday,H
Airport ATM,03/11/2012,107,83,24,498900,433100,65800,saturday,H
KK Nagar ATM,03/11/2012,349,256,93,1745000,1265700,479300,saturday,H
Christ College ATM,03/11/2012,141,76,65,622100,361000,261100,saturday,H
Big Street ATM,04/11/2012,76,17,59,242300,79700,162600,sunday,H
Mount Road ATM,04/11/2012,153,20,133,432400,64300,368100,sunday,H
Airport ATM,04/11/2012,115,74,41,607000,444100,162900,sunday,H
KK Nagar ATM,04/11/2012,209,108,101,973500,523000,450500,sunday,H
Christ College ATM,04/11/2012,122,45,77,558700,266800,291900,sunday,H
Big Street ATM,05/11/2012,110,30,80,394100,143900,250200,sunday,H
Mount Road ATM,05/11/2012,287,121,166,1296600,761200,535400,sunday,H
Airport ATM,05/11/2012,132,89,43,757600,545300,212300,sunday,H
KK Nagar ATM,05/11/2012,175,109,66,761000,475600,285400,sunday,H
Christ College ATM,05/11/2012,165,54,111,895300,296500,598800,sunday,H
Big Street ATM,06/11/2012,75,33,42,300200,166400,133800,sunday,H
Mount Road ATM,06/11/2012,249,127,122,891500,587900,303600,sunday,H
Airport ATM,06/11/2012,94,74,20,508900,475600,33300,sunday,H
KK Nagar ATM,06/11/2012,279,197,82,1236600,881200,355400,sunday,H
Christ College ATM,06/11/2012,135,72,63,578400,327800,250600,sunday,H
Big Street ATM,07/11/2012,109,40,69,392100,214600,177500,sunday,H
Mount Road ATM,07/11/2012,249,101,148,904500,470500,434000,sunday,H
Airport ATM,07/11/2012,155,95,60,956700,719600,237100,sunday,H
KK Nagar ATM,07/11/2012,264,196,68,1433600,1113400,320200,sunday,H
Christ College ATM,07/11/2012,208,78,130,1094800,515700,579100,sunday,H
Big Street ATM,08/11/2012,83,34,49,302800,151000,151800,sunday,H
Mount Road ATM,08/11/2012,193,98,95,638500,446300,192200,sunday,H
Airport ATM,08/11/2012,147,95,52,749100,544400,204700,sunday,H
KK Nagar ATM,08/11/2012,359,246,113,1720300,1231500,488800,sunday,H
Christ College ATM,08/11/2012,160,54,106,674200,290100,384100,sunday,H
Big Street ATM,09/11/2012,92,21,71,318100,122400,195700,sunday,H
Mount Road ATM,09/11/2012,306,96,210,992100,389300,602800,sunday,H
Airport ATM,09/11/2012,115,71,44,678100,493000,185100,sunday,H
KK Nagar ATM,09/11/2012,347,228,119,1492600,1028700,463900,sunday,H
Christ College ATM,09/11/2012,132,53,79,560900,271100,289800,sunday,H
Big Street ATM,10/11/2012,132,38,94,491800,244500,247300,saturday,H
Mount Road ATM,10/11/2012,304,105,199,1164200,509500,654700,saturday,H
Airport ATM,10/11/2012,176,120,56,965400,752700,212700,saturday,H
KK Nagar ATM,10/11/2012,373,230,143,1628800,1121500,507300,saturday,H
Christ College ATM,10/11/2012,185,67,118,825100,356800,468300,saturday,H
Big Street ATM,11/11/2012,127,41,86,466800,215400,251400,sunday,H
Mount Road ATM,11/11/2012,229,40,189,672500,192400,480100,sunday,H
Airport ATM,11/11/2012,122,79,43,558600,398700,159900,sunday,H
KK Nagar ATM,11/11/2012,409,182,227,1276700,573800,702900,sunday,H
Christ College ATM,11/11/2012,155,47,108,583700,203300,380400,sunday,H
Big Street ATM,12/11/2012,111,37,74,451200,159500,291700,sunday,H
Mount Road ATM,12/11/2012,190,99,91,617300,364400,252900,sunday,H
Airport ATM,12/11/2012,121,79,42,501600,337500,164100,sunday,H
KK Nagar ATM,12/11/2012,444,269,175,1466400,878400,588000,sunday,H
Christ College ATM,12/11/2012,104,57,47,410500,285400,125100,sunday,H
Big Street ATM,13/11/2012,105,18,87,374200,104700,269500,tuesday,H
Mount Road ATM,13/11/2012,86,29,57,283600,160200,123400,tuesday,H
Airport ATM,13/11/2012,55,34,21,140700,98500,42200,tuesday,H
KK Nagar ATM,13/11/2012,111,42,69,169800,66600,103200,tuesday,H
Christ College ATM,13/11/2012,55,22,33,179800,88700,91100,tuesday,H
Big Street ATM,14/11/2012,62,13,49,185500,48900,136600,tuesday,H
Mount Road ATM,14/11/2012,122,63,59,420500,260700,159800,tuesday,H
Airport ATM,14/11/2012,99,74,25,514100,439600,74500,tuesday,H
KK Nagar ATM,14/11/2012,243,144,99,1017500,620800,396700,tuesday,H
Christ College ATM,14/11/2012,82,42,40,267100,130100,137000,tuesday,H
Big Street ATM,15/11/2012,76,20,56,246100,116400,129700,tuesday,H
Mount Road ATM,15/11/2012,125,63,62,393700,225500,168200,tuesday,H
Airport ATM,15/11/2012,109,82,27,502700,431000,71700,tuesday,H
KK Nagar ATM,15/11/2012,270,180,90,908700,625800,282900,tuesday,H
Christ College ATM,15/11/2012,106,53,53,515600,294300,221300,tuesday,H
Big Street ATM,16/11/2012,70,29,41,346900,220500,126400,tuesday,H
Mount Road ATM,16/11/2012,120,68,52,353700,226100,127600,tuesday,H
Airport ATM,16/11/2012,83,67,16,391400,349300,42100,tuesday,H
KK Nagar ATM,16/11/2012,246,193,53,1065700,876200,189500,tuesday,H
Christ College ATM,16/11/2012,98,54,44,364600,196500,168100,tuesday,H
Big Street ATM,17/11/2012,55,19,36,232400,159000,73400,saturday,H
Mount Road ATM,17/11/2012,167,87,80,506100,320700,185400,saturday,H
Airport ATM,17/11/2012,102,76,26,420800,332300,88500,saturday,H
KK Nagar ATM,17/11/2012,286,210,76,1120800,840600,280200,saturday,H
Christ College ATM,17/11/2012,118,54,64,578800,324900,253900,saturday,H
Mount Road ATM,18/11/2012,1,1,0,400,400,0,sunday,H
Airport ATM,18/11/2012,97,75,22,436300,397900,38400,sunday,H
KK Nagar ATM,18/11/2012,114,74,40,349200,246600,102600,sunday,H
Christ College ATM,18/11/2012,77,26,51,239100,80800,158300,sunday,H
Big Street ATM,19/11/2012,86,32,54,332800,195400,137400,sunday,H
Mount Road ATM,19/11/2012,132,57,75,338300,172500,165800,sunday,H
Airport ATM,19/11/2012,107,67,40,520000,395300,124700,sunday,H
KK Nagar ATM,19/11/2012,266,178,88,980500,687100,293400,sunday,H
Christ College ATM,19/11/2012,66,27,39,202500,92800,109700,sunday,H
Big Street ATM,20/11/2012,81,29,52,277800,123900,153900,sunday,H
Mount Road ATM,20/11/2012,197,102,95,684000,448600,235400,sunday,H
Airport ATM,20/11/2012,96,69,27,334600,267400,67200,sunday,H
KK Nagar ATM,20/11/2012,239,173,66,844200,674200,170000,sunday,H
Christ College ATM,20/11/2012,81,50,31,336100,236800,99300,sunday,H
Big Street ATM,21/11/2012,86,28,58,286200,150600,135600,sunday,H
Mount Road ATM,21/11/2012,162,81,81,422900,266100,156800,sunday,H
Airport ATM,21/11/2012,93,65,28,352800,278200,74600,sunday,H
KK Nagar ATM,21/11/2012,219,156,63,874400,641600,232800,sunday,H
Christ College ATM,21/11/2012,80,52,28,426700,319400,107300,sunday,H
Big Street ATM,22/11/2012,78,27,51,234400,97500,136900,sunday,H
Mount Road ATM,22/11/2012,130,69,61,404200,305800,98400,sunday,H
Airport ATM,22/11/2012,104,85,19,553600,506100,47500,sunday,H
KK Nagar ATM,22/11/2012,250,178,72,948100,677700,270400,sunday,H
Christ College ATM,22/11/2012,82,45,37,335900,252200,83700,sunday,H
Big Street ATM,23/11/2012,85,23,62,261500,103300,158200,sunday,H
Mount Road ATM,23/11/2012,45,24,21,81300,65200,16100,sunday,H
Airport ATM,23/11/2012,92,66,26,381300,323500,57800,sunday,H
KK Nagar ATM,23/11/2012,218,157,61,832700,643000,189700,sunday,H
Christ College ATM,23/11/2012,96,54,42,427800,302300,125500,sunday,H
Big Street ATM,24/11/2012,85,20,65,252200,65100,187100,saturday,H
Mount Road ATM,24/11/2012,161,73,88,439600,261000,178600,saturday,H
Airport ATM,24/11/2012,88,69,19,432800,393600,39200,saturday,H
KK Nagar ATM,24/11/2012,293,205,88,1453800,991800,462000,saturday,H
Christ College ATM,24/11/2012,86,44,42,341900,259000,82900,saturday,H
Big Street ATM,25/11/2012,80,22,58,212700,55300,157400,sunday,H
Mount Road ATM,25/11/2012,36,13,23,95600,34800,60800,sunday,H
Airport ATM,25/11/2012,79,66,13,359600,333300,26300,sunday,H
KK Nagar ATM,25/11/2012,120,79,41,467400,317100,150300,sunday,H
Christ College ATM,25/11/2012,83,36,47,237700,89600,148100,sunday,H
Big Street ATM,26/11/2012,90,32,58,290600,182600,108000,sunday,H
Mount Road ATM,26/11/2012,126,73,53,408300,252300,156000,sunday,H
Airport ATM,26/11/2012,94,71,23,315500,263600,51900,sunday,H
KK Nagar ATM,26/11/2012,260,211,49,1213000,1063100,149900,sunday,H
Christ College ATM,26/11/2012,78,49,29,359900,270800,89100,sunday,H
Big Street ATM,27/11/2012,78,34,44,272400,135600,136800,sunday,H
Mount Road ATM,27/11/2012,131,65,66,315900,212600,103300,sunday,H
Airport ATM,27/11/2012,85,70,15,259000,219700,39300,sunday,H
KK Nagar ATM,27/11/2012,195,166,29,635800,551000,84800,sunday,H
Christ College ATM,27/11/2012,97,51,46,439800,267900,171900,sunday,H
Big Street ATM,28/11/2012,76,16,60,153100,53900,99200,sunday,H
Mount Road ATM,28/11/2012,139,71,68,408600,212200,196400,sunday,H
Airport ATM,28/11/2012,95,74,21,420300,359000,61300,sunday,H
KK Nagar ATM,28/11/2012,221,147,74,1120100,747300,372800,sunday,H
Christ College ATM,28/11/2012,97,52,45,475300,336200,139100,sunday,H
Big Street ATM,29/11/2012,81,19,62,288100,98400,189700,sunday,H
Mount Road ATM,29/11/2012,136,80,56,310300,198000,112300,sunday,H
Airport ATM,29/11/2012,50,41,9,258500,231700,26800,sunday,H
KK Nagar ATM,29/11/2012,233,173,60,972400,707300,265100,sunday,H
Christ College ATM,29/11/2012,99,53,46,409600,310500,99100,sunday,H
Big Street ATM,30/11/2012,96,25,71,340700,84700,256000,sunday,H
Mount Road ATM,30/11/2012,187,102,85,692000,439900,252100,sunday,H
Airport ATM,30/11/2012,113,85,28,475400,362300,113100,sunday,H
KK Nagar ATM,30/11/2012,259,182,77,1187300,890700,296600,sunday,H
Christ College ATM,30/11/2012,111,49,62,511600,246500,265100,sunday,H
Big Street ATM,01/12/2012,117,28,89,433100,121700,311400,saturday,H
Mount Road ATM,01/12/2012,184,85,99,704000,485300,218700,saturday,H
Airport ATM,01/12/2012,127,94,33,530900,389900,141000,saturday,H
KK Nagar ATM,01/12/2012,309,212,97,1617000,1155300,461700,saturday,H
Christ College ATM,01/12/2012,143,71,72,791300,462400,328900,saturday,H
Big Street ATM,02/12/2012,141,38,103,432600,178400,254200,sunday,H
Mount Road ATM,02/12/2012,219,53,166,856300,388600,467700,sunday,H
Airport ATM,02/12/2012,106,69,37,492900,359100,133800,sunday,H
KK Nagar ATM,02/12/2012,242,120,122,1009800,505100,504700,sunday,H
Christ College ATM,02/12/2012,181,50,131,810600,279400,531200,sunday,H
Big Street ATM,03/12/2012,105,24,81,398200,132500,265700,sunday,H
Mount Road ATM,03/12/2012,181,72,109,695300,355400,339900,sunday,H
Airport ATM,03/12/2012,95,68,27,598000,401800,196200,sunday,H
KK Nagar ATM,03/12/2012,239,173,66,1142600,850300,292300,sunday,H
Christ College ATM,03/12/2012,132,43,89,538100,174400,363700,sunday,H
Big Street ATM,04/12/2012,127,30,97,446000,127100,318900,sunday,H
Mount Road ATM,04/12/2012,212,80,132,800900,382500,418400,sunday,H
Airport ATM,04/12/2012,87,72,15,421900,368200,53700,sunday,H
KK Nagar ATM,04/12/2012,255,190,65,1177700,902700,275000,sunday,H
Christ College ATM,04/12/2012,139,60,79,678500,308900,369600,sunday,H
Big Street ATM,05/12/2012,112,32,80,383800,157900,225900,sunday,H
Mount Road ATM,05/12/2012,192,96,96,679300,352000,327300,sunday,H
Airport ATM,05/12/2012,95,66,29,548300,426900,121400,sunday,H
KK Nagar ATM,05/12/2012,296,211,85,1472200,1143900,328300,sunday,H
Christ College ATM,05/12/2012,147,56,91,800400,360600,439800,sunday,H
Big Street ATM,06/12/2012,82,24,58,268300,82200,186100,sunday,H
Mount Road ATM,06/12/2012,169,80,89,517600,277900,239700,sunday,H
Airport ATM,06/12/2012,139,88,51,627700,500200,127500,sunday,H
KK Nagar ATM,06/12/2012,263,185,78,1266700,913000,353700,sunday,H
Christ College ATM,06/12/2012,146,56,90,585300,231000,354300,sunday,H
Big Street ATM,07/12/2012,98,29,69,369100,127600,241500,sunday,H
Mount Road ATM,07/12/2012,138,74,64,486200,313200,173000,sunday,H
Airport ATM,07/12/2012,143,81,62,733400,461100,272300,sunday,H
KK Nagar ATM,07/12/2012,241,187,54,893100,715900,177200,sunday,H
Christ College ATM,07/12/2012,119,55,64,527900,304700,223200,sunday,H
Big Street ATM,08/12/2012,90,30,60,362300,210400,151900,saturday,H
Mount Road ATM,08/12/2012,234,114,120,806100,496000,310100,saturday,H
Airport ATM,08/12/2012,148,106,42,778900,599300,179600,saturday,H
KK Nagar ATM,08/12/2012,320,224,96,1357900,995900,362000,saturday,H
Christ College ATM,08/12/2012,146,81,65,768900,496000,272900,saturday,H
Big Street ATM,09/12/2012,113,24,89,327800,125500,202300,sunday,H
Mount Road ATM,09/12/2012,150,53,97,412100,179000,233100,sunday,H
Airport ATM,09/12/2012,111,62,49,453100,336700,116400,sunday,H
KK Nagar ATM,09/12/2012,56,34,22,194100,113000,81100,sunday,H
Christ College ATM,09/12/2012,108,46,62,439700,201100,238600,sunday,H
Big Street ATM,10/12/2012,95,27,68,300700,123800,176900,sunday,H
Mount Road ATM,10/12/2012,189,113,76,725900,555200,170700,sunday,H
Airport ATM,10/12/2012,95,59,36,499800,397300,102500,sunday,H
KK Nagar ATM,10/12/2012,257,179,78,1091500,809400,282100,sunday,H
Christ College ATM,10/12/2012,106,52,54,476500,267300,209200,sunday,H
Big Street ATM,11/12/2012,85,26,59,325300,139200,186100,sunday,H
Mount Road ATM,11/12/2012,119,67,52,378600,271800,106800,sunday,H
Airport ATM,11/12/2012,100,81,19,507000,455000,52000,sunday,H
KK Nagar ATM,11/12/2012,323,259,64,1441600,1183300,258300,sunday,H
Christ College ATM,11/12/2012,125,50,75,582500,253200,329300,sunday,H
Big Street ATM,12/12/2012,90,15,75,366200,86500,279700,sunday,H
Mount Road ATM,12/12/2012,167,93,74,685600,492500,193100,sunday,H
Airport ATM,12/12/2012,130,110,20,650900,593400,57500,sunday,H
KK Nagar ATM,12/12/2012,282,222,60,1160200,927600,232600,sunday,H
Christ College ATM,12/12/2012,109,44,65,406900,146000,260900,sunday,H
Big Street ATM,13/12/2012,90,29,61,338800,203800,135000,sunday,H
Mount Road ATM,13/12/2012,163,96,67,568200,394400,173800,sunday,H
Airport ATM,13/12/2012,57,43,14,254000,184200,69800,sunday,H
KK Nagar ATM,13/12/2012,201,148,53,879100,685800,193300,sunday,H
Christ College ATM,13/12/2012,116,43,73,512500,195400,317100,sunday,H
Big Street ATM,14/12/2012,76,23,53,308600,149500,159100,sunday,H
Mount Road ATM,14/12/2012,155,71,84,480200,278100,202100,sunday,H
Airport ATM,14/12/2012,94,66,28,451600,371600,80000,sunday,H
KK Nagar ATM,14/12/2012,229,187,42,863000,724000,139000,sunday,H
Christ College ATM,14/12/2012,80,43,37,366100,252800,113300,sunday,H
Big Street ATM,15/12/2012,120,23,97,406200,106400,299800,saturday,H
Mount Road ATM,15/12/2012,173,84,89,557100,366000,191100,saturday,H
Airport ATM,15/12/2012,117,94,23,568200,460900,107300,saturday,H
KK Nagar ATM,15/12/2012,271,220,51,1336600,1156400,180200,saturday,H
Christ College ATM,15/12/2012,105,53,52,568700,376800,191900,saturday,H
Big Street ATM,16/12/2012,118,23,95,349100,103000,246100,sunday,H
Mount Road ATM,16/12/2012,167,29,138,278000,43000,235000,sunday,H
Airport ATM,16/12/2012,107,77,30,430300,328600,101700,sunday,H
KK Nagar ATM,16/12/2012,108,77,31,355700,277900,77800,sunday,H
Christ College ATM,16/12/2012,119,33,86,315200,96600,218600,sunday,H
Big Street ATM,17/12/2012,95,32,63,291300,91300,200000,sunday,H
Mount Road ATM,17/12/2012,171,81,90,585600,272100,313500,sunday,H
Airport ATM,17/12/2012,110,70,40,526100,338700,187400,sunday,H
KK Nagar ATM,17/12/2012,221,182,39,1172300,1037700,134600,sunday,H
Christ College ATM,17/12/2012,94,51,43,277500,138600,138900,sunday,H
Big Street ATM,18/12/2012,76,22,54,241900,77000,164900,sunday,H
Mount Road ATM,18/12/2012,190,84,106,562600,308900,253700,sunday,H
Airport ATM,18/12/2012,101,66,35,503400,366000,137400,sunday,H
KK Nagar ATM,18/12/2012,208,174,34,936700,783300,153400,sunday,H
Christ College ATM,18/12/2012,106,52,54,428800,251400,177400,sunday,H
Big Street ATM,19/12/2012,77,19,58,226200,73900,152300,sunday,H
Mount Road ATM,19/12/2012,195,73,122,824600,383800,440800,sunday,H
Airport ATM,19/12/2012,124,84,40,548000,436400,111600,sunday,H
KK Nagar ATM,19/12/2012,244,196,48,1014400,889200,125200,sunday,H
Christ College ATM,19/12/2012,107,43,64,324400,176100,148300,sunday,H
Big Street ATM,20/12/2012,90,28,62,287200,109100,178100,sunday,H
Mount Road ATM,20/12/2012,188,84,104,535500,289300,246200,sunday,H
Airport ATM,20/12/2012,92,65,27,411700,343700,68000,sunday,H
KK Nagar ATM,20/12/2012,212,181,31,869000,813100,55900,sunday,H
Christ College ATM,20/12/2012,106,65,41,521500,382400,139100,sunday,H
Big Street ATM,21/12/2012,77,26,51,304600,191400,113200,sunday,H
Mount Road ATM,21/12/2012,116,71,45,396400,270800,125600,sunday,H
Airport ATM,21/12/2012,107,79,28,444800,357700,87100,sunday,H
KK Nagar ATM,21/12/2012,239,192,47,1092000,903600,188400,sunday,H
Christ College ATM,21/12/2012,92,64,28,353000,294800,58200,sunday,H
Big Street ATM,22/12/2012,130,31,99,436000,140900,295100,saturday,H
Mount Road ATM,22/12/2012,162,79,83,566900,344000,222900,saturday,H
Airport ATM,22/12/2012,104,72,32,479700,364800,114900,saturday,H
KK Nagar ATM,22/12/2012,291,212,79,1196900,859600,337300,saturday,H
Christ College ATM,22/12/2012,84,55,29,437200,354500,82700,saturday,H
Big Street ATM,23/12/2012,67,21,46,220700,110600,110100,sunday,H
Mount Road ATM,23/12/2012,160,42,118,416900,149200,267700,sunday,H
Airport ATM,23/12/2012,76,52,24,276500,209500,67000,sunday,H
KK Nagar ATM,23/12/2012,146,110,36,457000,339500,117500,sunday,H
Christ College ATM,23/12/2012,78,28,50,358700,152300,206400,sunday,H
Big Street ATM,24/12/2012,97,30,67,363900,151800,212100,sunday,H
Mount Road ATM,24/12/2012,144,69,75,494600,302000,192600,sunday,H
Airport ATM,24/12/2012,84,63,21,472300,427700,44600,sunday,H
KK Nagar ATM,24/12/2012,243,189,54,1175200,951000,224200,sunday,H
Christ College ATM,24/12/2012,108,49,59,359600,174900,184700,sunday,H
Big Street ATM,25/12/2012,76,26,50,235400,131600,103800,tuesday,H
Mount Road ATM,25/12/2012,85,41,44,230300,185000,45300,tuesday,H
Airport ATM,25/12/2012,76,60,16,246000,227400,18600,tuesday,H
KK Nagar ATM,25/12/2012,111,79,32,384700,277700,107000,tuesday,H
Christ College ATM,25/12/2012,68,36,32,163000,100100,62900,tuesday,H
Big Street ATM,26/12/2012,89,29,60,210800,96000,114800,tuesday,H
Mount Road ATM,26/12/2012,114,64,50,445600,306900,138700,tuesday,H
Airport ATM,26/12/2012,101,69,32,344100,276500,67600,tuesday,H
KK Nagar ATM,26/12/2012,243,169,74,969400,725500,243900,tuesday,H
Christ College ATM,26/12/2012,105,47,58,480700,214500,266200,tuesday,H
Big Street ATM,27/12/2012,94,48,46,343200,240400,102800,tuesday,H
Mount Road ATM,27/12/2012,133,70,63,398000,264800,133200,tuesday,H
Airport ATM,27/12/2012,121,88,33,362900,286300,76600,tuesday,H
KK Nagar ATM,27/12/2012,212,169,43,1088600,919600,169000,tuesday,H
Christ College ATM,27/12/2012,100,41,59,430300,213300,217000,tuesday,H
Big Street ATM,28/12/2012,109,56,53,468700,349500,119200,tuesday,H
Mount Road ATM,28/12/2012,126,69,57,486400,276500,209900,tuesday,H
Airport ATM,28/12/2012,53,37,16,177600,135200,42400,tuesday,H
KK Nagar ATM,28/12/2012,195,152,43,854200,690500,163700,tuesday,H
Christ College ATM,28/12/2012,80,41,39,244600,149600,95000,tuesday,H
Big Street ATM,29/12/2012,98,39,59,264300,104200,160100,saturday,H
Mount Road ATM,29/12/2012,85,43,42,171400,89500,81900,saturday,H
Airport ATM,29/12/2012,33,22,11,146400,101900,44500,saturday,H
KK Nagar ATM,29/12/2012,233,177,56,991400,780900,210500,saturday,H
Christ College ATM,29/12/2012,103,51,52,549300,282000,267300,saturday,H
Big Street ATM,30/12/2012,106,29,77,376000,160000,216000,sunday,H
Mount Road ATM,30/12/2012,117,45,72,262600,147400,115200,sunday,H
Airport ATM,30/12/2012,107,81,26,442800,389700,53100,sunday,H
KK Nagar ATM,30/12/2012,140,92,48,449800,285700,164100,sunday,H
Christ College ATM,30/12/2012,69,26,43,169600,42300,127300,sunday,H
Big Street ATM,31/12/2012,118,31,87,364300,139700,224600,sunday,H
Mount Road ATM,31/12/2012,251,130,121,1037800,651300,386500,sunday,H
Airport ATM,31/12/2012,155,121,34,821300,704200,117100,sunday,H
KK Nagar ATM,31/12/2012,370,275,95,1587700,1225300,362400,sunday,H
Christ College ATM,31/12/2012,105,58,47,381700,261400,120300,sunday,H
Big Street ATM,01/01/2013,125,26,99,429200,75500,353700,tuesday,H
Mount Road ATM,01/01/2013,144,49,95,377900,155200,222700,tuesday,H
Airport ATM,01/01/2013,78,58,20,315400,269100,46300,tuesday,H
KK Nagar ATM,01/01/2013,268,176,92,1290200,927700,362500,tuesday,H
Christ College ATM,01/01/2013,95,39,56,427100,235700,191400,tuesday,H
Big Street ATM,02/01/2013,108,32,76,401000,124100,276900,wednesday,W
Mount Road ATM,02/01/2013,191,97,94,772300,464200,308100,wednesday,W
Airport ATM,02/01/2013,137,109,28,670700,560900,109800,wednesday,W
KK Nagar ATM,02/01/2013,346,267,79,1710500,1314900,395600,wednesday,W
Christ College ATM,02/01/2013,106,40,66,452100,171800,280300,wednesday,W
Big Street ATM,03/01/2013,94,29,65,314800,92400,222400,thursday,W
Mount Road ATM,03/01/2013,188,92,96,738100,417300,320800,thursday,W
Airport ATM,03/01/2013,91,68,23,480700,382400,98300,thursday,W
KK Nagar ATM,03/01/2013,304,241,63,1524200,1233200,291000,thursday,W
Christ College ATM,03/01/2013,117,66,51,671600,462900,208700,thursday,W
Big Street ATM,04/01/2013,104,33,71,356900,144900,212000,friday,W
Mount Road ATM,04/01/2013,185,100,85,633100,400500,232600,friday,W
Airport ATM,04/01/2013,104,78,26,505600,425400,80200,friday,W
KK Nagar ATM,04/01/2013,305,234,71,1697700,1385500,312200,friday,W
Christ College ATM,04/01/2013,143,56,87,682900,351300,331600,friday,W
Big Street ATM,05/01/2013,47,23,24,148800,58200,90600,saturday,H
Mount Road ATM,05/01/2013,245,106,139,983100,557900,425200,saturday,H
Airport ATM,05/01/2013,169,124,45,1034000,820400,213600,saturday,H
KK Nagar ATM,05/01/2013,248,189,59,1032200,806300,225900,saturday,H
Christ College ATM,05/01/2013,160,66,94,748100,375500,372600,saturday,H
Big Street ATM,06/01/2013,95,25,70,307200,98200,209000,sunday,H
Mount Road ATM,06/01/2013,233,61,172,583500,233100,350400,sunday,H
Airport ATM,06/01/2013,105,62,43,375500,268800,106700,sunday,H
KK Nagar ATM,06/01/2013,131,94,37,542800,396300,146500,sunday,H
Christ College ATM,06/01/2013,65,34,31,293200,187200,106000,sunday,H
Big Street ATM,07/01/2013,99,28,71,273500,87000,186500,monday,W
Mount Road ATM,07/01/2013,152,86,66,424000,265500,158500,monday,W
Airport ATM,07/01/2013,152,107,45,863100,669500,193600,monday,W
KK Nagar ATM,07/01/2013,296,248,48,1368800,1178800,190000,monday,W
Christ College ATM,07/01/2013,140,56,84,763100,282000,481100,monday,W
Big Street ATM,08/01/2013,68,22,46,242600,92300,150300,tuesday,W
Mount Road ATM,08/01/2013,204,103,101,602400,351700,250700,tuesday,W
Airport ATM,08/01/2013,135,97,38,609300,512500,96800,tuesday,W
KK Nagar ATM,08/01/2013,265,219,46,1127300,954300,173000,tuesday,W
Christ College ATM,08/01/2013,114,41,73,547900,239400,308500,tuesday,W
Big Street ATM,09/01/2013,73,22,51,215300,82700,132600,wednesday,W
Mount Road ATM,09/01/2013,217,108,109,668000,418800,249200,wednesday,W
Airport ATM,09/01/2013,113,81,32,543800,412900,130900,wednesday,W
KK Nagar ATM,09/01/2013,242,192,50,1129900,943400,186500,wednesday,W
Christ College ATM,09/01/2013,152,67,85,706900,388800,318100,wednesday,W
Big Street ATM,10/01/2013,100,33,67,336000,200900,135100,thursday,W
Mount Road ATM,10/01/2013,168,92,76,741100,573800,167300,thursday,W
Airport ATM,10/01/2013,132,98,34,709300,552800,156500,thursday,W
KK Nagar ATM,10/01/2013,286,236,50,1544700,1354500,190200,thursday,W
Christ College ATM,10/01/2013,118,45,73,568900,266000,302900,thursday,W
Big Street ATM,11/01/2013,106,36,70,341600,156400,185200,friday,W
Mount Road ATM,11/01/2013,218,88,130,589800,294600,295200,friday,W
Airport ATM,11/01/2013,132,108,24,734400,651400,83000,friday,W
KK Nagar ATM,11/01/2013,311,235,76,1578700,1266600,312100,friday,W
Christ College ATM,11/01/2013,179,61,118,910800,360300,550500,friday,W
Big Street ATM,12/01/2013,111,35,76,329300,153100,176200,saturday,H
Mount Road ATM,12/01/2013,215,89,126,564000,268200,295800,saturday,H
Airport ATM,12/01/2013,140,113,27,696600,597300,99300,saturday,H
KK Nagar ATM,12/01/2013,284,190,94,1088400,783300,305100,saturday,H
Christ College ATM,12/01/2013,84,38,46,333000,169700,163300,saturday,H
Big Street ATM,13/01/2013,103,20,83,289800,67600,222200,sunday,H
Mount Road ATM,13/01/2013,138,37,101,344500,146000,198500,sunday,H
Airport ATM,13/01/2013,94,67,27,394600,288700,105900,sunday,H
KK Nagar ATM,13/01/2013,234,137,97,842200,521800,320400,sunday,H
Christ College ATM,13/01/2013,104,30,74,318800,90600,228200,sunday,H
Big Street ATM,14/01/2013,96,20,76,268900,97100,171800,monday,H
Mount Road ATM,14/01/2013,4,2,2,2600,2000,600,monday,H
Airport ATM,14/01/2013,41,30,11,174000,118200,55800,monday,H
KK Nagar ATM,14/01/2013,153,104,49,399100,272800,126300,monday,H
Christ College ATM,14/01/2013,60,18,42,166000,82300,83700,monday,H
Big Street ATM,15/01/2013,83,25,58,261100,98500,162600,tuesday,H
Mount Road ATM,15/01/2013,33,14,19,100500,25200,75300,tuesday,H
Airport ATM,15/01/2013,57,47,10,197000,151900,45100,tuesday,H
KK Nagar ATM,15/01/2013,160,98,62,442900,208600,234300,tuesday,H
Christ College ATM,15/01/2013,62,30,32,282700,127200,155500,tuesday,H
Big Street ATM,16/01/2013,120,29,91,378500,100800,277700,wednesday,H
Mount Road ATM,16/01/2013,90,23,67,237000,73900,163100,wednesday,H
Airport ATM,16/01/2013,90,56,34,298200,196200,102000,wednesday,H
KK Nagar ATM,16/01/2013,201,107,94,603300,313500,289800,wednesday,H
Christ College ATM,16/01/2013,65,36,29,152900,99800,53100,wednesday,H
Big Street ATM,17/01/2013,90,35,55,324400,195900,128500,thursday,W
Mount Road ATM,17/01/2013,151,84,67,556900,355300,201600,thursday,W
Airport ATM,17/01/2013,86,66,20,486700,415100,71600,thursday,W
KK Nagar ATM,17/01/2013,351,246,105,1517300,1194600,322700,thursday,W
Christ College ATM,17/01/2013,55,26,29,269100,197500,71600,thursday,W
Big Street ATM,18/01/2013,107,32,75,254400,96000,158400,friday,W
Mount Road ATM,18/01/2013,165,83,82,710300,430900,279400,friday,W
Airport ATM,18/01/2013,90,62,28,348600,202600,146000,friday,W
KK Nagar ATM,18/01/2013,251,192,59,1157200,928100,229100,friday,W
Christ College ATM,18/01/2013,102,58,44,411200,270600,140600,friday,W
Big Street ATM,19/01/2013,84,24,60,248100,126900,121200,saturday,H
Mount Road ATM,19/01/2013,139,57,82,408100,183400,224700,saturday,H
Airport ATM,19/01/2013,116,84,32,520000,423900,96100,saturday,H
KK Nagar ATM,19/01/2013,240,182,58,858000,668700,189300,saturday,H
Christ College ATM,19/01/2013,110,46,64,475300,221600,253700,saturday,H
Big Street ATM,20/01/2013,106,28,78,222900,108200,114700,sunday,H
Mount Road ATM,20/01/2013,130,26,104,314600,111300,203300,sunday,H
Airport ATM,20/01/2013,89,61,28,395800,316400,79400,sunday,H
KK Nagar ATM,20/01/2013,123,85,38,354800,248500,106300,sunday,H
Christ College ATM,20/01/2013,124,32,92,578800,141900,436900,sunday,H
Big Street ATM,21/01/2013,86,27,59,393900,198900,195000,monday,W
Mount Road ATM,21/01/2013,155,86,69,514100,321300,192800,monday,W
Airport ATM,21/01/2013,124,98,26,583500,538800,44700,monday,W
KK Nagar ATM,21/01/2013,225,178,47,1095900,871800,224100,monday,W
Christ College ATM,21/01/2013,147,74,73,554000,291300,262700,monday,W
Big Street ATM,22/01/2013,89,32,57,310100,208400,101700,tuesday,W
Mount Road ATM,22/01/2013,124,67,57,399500,223200,176300,tuesday,W
Airport ATM,22/01/2013,106,80,26,512000,431500,80500,tuesday,W
KK Nagar ATM,22/01/2013,239,198,41,1105500,937100,168400,tuesday,W
Christ College ATM,22/01/2013,89,52,37,369600,236200,133400,tuesday,W
Big Street ATM,23/01/2013,102,36,66,329200,206600,122600,wednesday,W
Mount Road ATM,23/01/2013,196,114,82,737300,549900,187400,wednesday,W
Airport ATM,23/01/2013,68,57,11,332800,304900,27900,wednesday,W
KK Nagar ATM,23/01/2013,246,198,48,1141300,970800,170500,wednesday,W
Christ College ATM,23/01/2013,97,53,44,336300,201300,135000,wednesday,W
Big Street ATM,24/01/2013,96,44,52,350400,212400,138000,thursday,W
Mount Road ATM,24/01/2013,199,118,81,628200,428600,199600,thursday,W
Airport ATM,24/01/2013,123,89,34,648700,572200,76500,thursday,W
KK Nagar ATM,24/01/2013,306,247,59,933800,742000,191800,thursday,W
Christ College ATM,24/01/2013,102,58,44,510300,387000,123300,thursday,W
Big Street ATM,25/01/2013,74,25,49,228200,134000,94200,friday,H
Mount Road ATM,25/01/2013,89,33,56,152600,45500,107100,friday,H
Airport ATM,25/01/2013,73,50,23,365300,309800,55500,friday,H
KK Nagar ATM,25/01/2013,152,99,53,642700,490100,152600,friday,H
Christ College ATM,25/01/2013,83,45,38,263700,150300,113400,friday,H
Big Street ATM,26/01/2013,58,19,39,128800,73000,55800,saturday,H
Mount Road ATM,26/01/2013,3,2,1,21000,12000,9000,saturday,H
Airport ATM,26/01/2013,82,67,15,396000,360500,35500,saturday,H
KK Nagar ATM,26/01/2013,155,123,32,843800,706400,137400,saturday,H
Christ College ATM,26/01/2013,68,45,23,238900,173300,65600,saturday,H
Big Street ATM,27/01/2013,98,30,68,197100,67000,130100,sunday,H
Airport ATM,27/01/2013,75,51,24,246900,205700,41200,sunday,H
KK Nagar ATM,27/01/2013,116,88,28,382200,299000,83200,sunday,H
Christ College ATM,27/01/2013,85,48,37,420200,298600,121600,sunday,H
Big Street ATM,28/01/2013,129,37,92,494200,203000,291200,monday,W
Mount Road ATM,28/01/2013,148,83,65,523300,355400,167900,monday,W
Airport ATM,28/01/2013,132,97,35,672700,567600,105100,monday,W
KK Nagar ATM,28/01/2013,272,191,81,1231100,913900,317200,monday,W
Christ College ATM,28/01/2013,113,41,72,568500,264500,304000,monday,W
Big Street ATM,29/01/2013,116,33,83,378100,88000,290100,tuesday,W
Mount Road ATM,29/01/2013,148,85,63,525300,370800,154500,tuesday,W
Airport ATM,29/01/2013,102,92,10,504800,465800,39000,tuesday,W
KK Nagar ATM,29/01/2013,220,184,36,1145800,1039300,106500,tuesday,W
Christ College ATM,29/01/2013,108,49,59,441500,231400,210100,tuesday,W
Big Street ATM,30/01/2013,85,32,53,211500,85100,126400,wednesday,W
Mount Road ATM,30/01/2013,139,70,69,520100,334600,185500,wednesday,W
Airport ATM,30/01/2013,71,51,20,371500,288800,82700,wednesday,W
KK Nagar ATM,30/01/2013,266,215,51,1251400,1037600,213800,wednesday,W
Christ College ATM,30/01/2013,98,39,59,438900,200600,238300,wednesday,W
Big Street ATM,31/01/2013,99,30,69,297000,107100,189900,thursday,W
Mount Road ATM,31/01/2013,173,86,87,625200,344800,280400,thursday,W
Airport ATM,31/01/2013,106,87,19,573900,527000,46900,thursday,W
KK Nagar ATM,31/01/2013,270,209,61,1257800,1010700,247100,thursday,W
Christ College ATM,31/01/2013,130,69,61,691300,479200,212100,thursday,W
Big Street ATM,01/02/2013,120,45,75,469500,199300,270200,friday,W
Mount Road ATM,01/02/2013,221,105,116,792900,399400,393500,friday,W
Airport ATM,01/02/2013,127,92,35,606700,469400,137300,friday,W
KK Nagar ATM,01/02/2013,282,199,83,1399300,1015300,384000,friday,W
Christ College ATM,01/02/2013,98,47,51,628000,362400,265600,friday,W
Big Street ATM,02/02/2013,122,18,104,289000,41700,247300,saturday,H
Mount Road ATM,02/02/2013,221,101,120,921900,515000,406900,saturday,H
Airport ATM,02/02/2013,134,101,33,688700,576800,111900,saturday,H
KK Nagar ATM,02/02/2013,316,233,83,1765600,1392500,373100,saturday,H
Christ College ATM,02/02/2013,126,64,62,767000,431200,335800,saturday,H
Big Street ATM,03/02/2013,94,20,74,338700,83700,255000,sunday,H
Mount Road ATM,03/02/2013,193,32,161,516400,151100,365300,sunday,H
Airport ATM,03/02/2013,122,84,38,519400,406400,113000,sunday,H
KK Nagar ATM,03/02/2013,170,101,69,640600,337600,303000,sunday,H
Christ College ATM,03/02/2013,114,42,72,583500,234700,348800,sunday,H
Big Street ATM,04/02/2013,81,28,53,231400,119200,112200,monday,W
Mount Road ATM,04/02/2013,205,95,110,887800,514000,373800,monday,W
Airport ATM,04/02/2013,135,96,39,763600,587400,176200,monday,W
KK Nagar ATM,04/02/2013,338,267,71,1709900,1426500,283400,monday,W
Christ College ATM,04/02/2013,180,62,118,909100,393500,515600,monday,W
Big Street ATM,05/02/2013,110,40,70,367000,155700,211300,tuesday,W
Mount Road ATM,05/02/2013,215,91,124,802000,437700,364300,tuesday,W
Airport ATM,05/02/2013,124,84,40,558000,456900,101100,tuesday,W
KK Nagar ATM,05/02/2013,246,182,64,1156400,867900,288500,tuesday,W
Christ College ATM,05/02/2013,175,56,119,800700,326900,473800,tuesday,W
Big Street ATM,06/02/2013,90,30,60,235900,104200,131700,wednesday,W
Mount Road ATM,06/02/2013,174,110,64,690400,497100,193300,wednesday,W
Airport ATM,06/02/2013,153,116,37,860200,697300,162900,wednesday,W
KK Nagar ATM,06/02/2013,284,234,50,1389400,1207500,181900,wednesday,W
Christ College ATM,06/02/2013,172,65,107,804300,323900,480400,wednesday,W
Big Street ATM,07/02/2013,118,42,76,597700,341400,256300,thursday,W
Mount Road ATM,07/02/2013,222,122,100,814900,483200,331700,thursday,W
Airport ATM,07/02/2013,173,135,38,915100,764300,150800,thursday,W
KK Nagar ATM,07/02/2013,282,216,66,1253800,974300,279500,thursday,W
Christ College ATM,07/02/2013,89,44,45,395900,225500,170400,thursday,W
Big Street ATM,08/02/2013,54,21,33,234200,139400,94800,friday,W
Mount Road ATM,08/02/2013,186,90,96,610800,361800,249000,friday,W
Airport ATM,08/02/2013,125,84,41,557200,433400,123800,friday,W
KK Nagar ATM,08/02/2013,278,225,53,1235700,1044600,191100,friday,W
Christ College ATM,08/02/2013,134,53,81,675100,291000,384100,friday,W
Big Street ATM,09/02/2013,54,16,38,139000,47800,91200,saturday,H
Mount Road ATM,09/02/2013,296,80,216,942400,333600,608800,saturday,H
Airport ATM,09/02/2013,146,108,38,820700,704600,116100,saturday,H
KK Nagar ATM,09/02/2013,311,223,88,1504600,1157100,347500,saturday,H
Christ College ATM,09/02/2013,116,55,61,574500,340300,234200,saturday,H
Big Street ATM,10/02/2013,122,34,88,407900,134400,273500,sunday,H
Mount Road ATM,10/02/2013,164,39,125,445500,237600,207900,sunday,H
Airport ATM,10/02/2013,76,61,15,246700,235300,11400,sunday,H
KK Nagar ATM,10/02/2013,150,93,57,587300,403400,183900,sunday,H
Christ College ATM,10/02/2013,102,49,53,333300,184100,149200,sunday,H
Big Street ATM,11/02/2013,84,25,59,292200,135400,156800,monday,W
Mount Road ATM,11/02/2013,188,94,94,624300,389400,234900,monday,W
Airport ATM,11/02/2013,148,115,33,702800,604300,98500,monday,W
KK Nagar ATM,11/02/2013,254,186,68,1109900,784500,325400,monday,W
Christ College ATM,11/02/2013,115,48,67,618200,336100,282100,monday,W
Big Street ATM,12/02/2013,127,51,76,459000,237600,221400,tuesday,W
Mount Road ATM,12/02/2013,201,95,106,665300,413800,251500,tuesday,W
Airport ATM,12/02/2013,111,89,22,526200,486100,40100,tuesday,W
KK Nagar ATM,12/02/2013,231,177,54,1093500,857500,236000,tuesday,W
Christ College ATM,12/02/2013,131,50,81,552000,319200,232800,tuesday,W
Big Street ATM,13/02/2013,90,28,62,282300,125100,157200,wednesday,W
Mount Road ATM,13/02/2013,176,77,99,575300,295600,279700,wednesday,W
Airport ATM,13/02/2013,117,95,22,638600,557100,81500,wednesday,W
KK Nagar ATM,13/02/2013,239,181,58,1107200,854800,252400,wednesday,W
Christ College ATM,13/02/2013,110,63,47,656900,466500,190400,wednesday,W
Big Street ATM,14/02/2013,91,34,57,282700,136600,146100,thursday,W
Mount Road ATM,14/02/2013,119,80,39,522200,435700,86500,thursday,W
Airport ATM,14/02/2013,124,97,27,644600,540700,103900,thursday,W
KK Nagar ATM,14/02/2013,215,173,42,889000,730900,158100,thursday,W
Christ College ATM,14/02/2013,98,52,46,443400,274000,169400,thursday,W
Big Street ATM,15/02/2013,72,23,49,297300,133700,163600,friday,W
Mount Road ATM,15/02/2013,113,45,68,363000,196900,166100,friday,W
Airport ATM,15/02/2013,117,87,30,651000,562300,88700,friday,W
KK Nagar ATM,15/02/2013,196,160,36,952300,775500,176800,friday,W
Christ College ATM,15/02/2013,143,51,92,425000,200400,224600,friday,W
Big Street ATM,16/02/2013,81,22,59,234100,95400,138700,saturday,H
Mount Road ATM,16/02/2013,150,73,77,494800,321900,172900,saturday,H
Airport ATM,16/02/2013,125,88,37,551100,446800,104300,saturday,H
KK Nagar ATM,16/02/2013,260,199,61,1123200,940700,182500,saturday,H
Christ College ATM,16/02/2013,96,49,47,410900,279500,131400,saturday,H
Big Street ATM,17/02/2013,115,31,84,381000,158500,222500,sunday,H
Mount Road ATM,17/02/2013,132,39,93,440200,239400,200800,sunday,H
Airport ATM,17/02/2013,103,63,40,484200,323200,161000,sunday,H
KK Nagar ATM,17/02/2013,111,69,42,389000,190900,198100,sunday,H
Christ College ATM,17/02/2013,75,37,38,277400,164300,113100,sunday,H
Big Street ATM,18/02/2013,72,19,53,293600,80600,213000,monday,W
Mount Road ATM,18/02/2013,170,77,93,609200,329900,279300,monday,W
Airport ATM,18/02/2013,99,69,30,484500,374800,109700,monday,W
KK Nagar ATM,18/02/2013,247,191,56,1144700,980300,164400,monday,W
Christ College ATM,18/02/2013,135,57,78,569500,297200,272300,monday,W
Big Street ATM,19/02/2013,76,17,59,241100,115100,126000,tuesday,W
Mount Road ATM,19/02/2013,229,91,138,731400,349600,381800,tuesday,W
Airport ATM,19/02/2013,106,79,27,551000,467400,83600,tuesday,W
KK Nagar ATM,19/02/2013,214,173,41,898100,739500,158600,tuesday,W
Christ College ATM,19/02/2013,134,75,59,634100,416000,218100,tuesday,W
Big Street ATM,20/02/2013,104,44,60,380200,204300,175900,wednesday,W
Mount Road ATM,20/02/2013,201,86,115,653100,446200,206900,wednesday,W
Airport ATM,20/02/2013,96,78,18,458200,431300,26900,wednesday,W
KK Nagar ATM,20/02/2013,241,203,38,1004700,870800,133900,wednesday,W
Christ College ATM,20/02/2013,63,34,29,237900,152500,85400,wednesday,W
Big Street ATM,21/02/2013,71,32,39,192900,110200,82700,thursday,W
Mount Road ATM,21/02/2013,155,68,87,557800,313500,244300,thursday,W
Airport ATM,21/02/2013,91,69,22,521800,403100,118700,thursday,W
KK Nagar ATM,21/02/2013,218,165,53,760100,537400,222700,thursday,W
Christ College ATM,21/02/2013,92,54,38,436000,288800,147200,thursday,W
Big Street ATM,22/02/2013,81,15,66,194300,29700,164600,friday,W
Mount Road ATM,22/02/2013,156,79,77,492000,304300,187700,friday,W
Airport ATM,22/02/2013,88,71,17,402100,358600,43500,friday,W
KK Nagar ATM,22/02/2013,204,156,48,833600,602800,230800,friday,W
Christ College ATM,22/02/2013,89,44,45,395500,256300,139200,friday,W
Big Street ATM,23/02/2013,96,23,73,175300,59500,115800,saturday,H
Mount Road ATM,23/02/2013,215,97,118,712500,386700,325800,saturday,H
Airport ATM,23/02/2013,99,71,28,599100,485600,113500,saturday,H
KK Nagar ATM,23/02/2013,184,154,30,920200,814800,105400,saturday,H
Christ College ATM,23/02/2013,103,44,59,504800,294900,209900,saturday,H
Big Street ATM,24/02/2013,107,28,79,243100,91800,151300,sunday,H
Mount Road ATM,24/02/2013,14,2,12,26700,2000,24700,sunday,H
Airport ATM,24/02/2013,98,71,27,358200,311900,46300,sunday,H
KK Nagar ATM,24/02/2013,76,55,21,215100,172400,42700,sunday,H
Christ College ATM,24/02/2013,78,27,51,160400,57200,103200,sunday,H
Big Street ATM,25/02/2013,91,45,46,391600,275000,116600,monday,W
Mount Road ATM,25/02/2013,162,92,70,628400,508900,119500,monday,W
Airport ATM,25/02/2013,122,98,24,572500,504900,67600,monday,W
KK Nagar ATM,25/02/2013,315,258,57,1641500,1425200,216300,monday,W
Christ College ATM,25/02/2013,121,69,52,532500,369100,163400,monday,W
Big Street ATM,26/02/2013,82,52,30,304200,217500,86700,tuesday,W
Mount Road ATM,26/02/2013,174,108,66,670300,460600,209700,tuesday,W
Airport ATM,26/02/2013,57,44,13,295000,257900,37100,tuesday,W
KK Nagar ATM,26/02/2013,212,168,44,923100,806300,116800,tuesday,W
Christ College ATM,26/02/2013,127,56,71,514400,199700,314700,tuesday,W
Big Street ATM,27/02/2013,96,38,58,338000,182800,155200,wednesday,W
Mount Road ATM,27/02/2013,133,80,53,528000,329100,198900,wednesday,W
Airport ATM,27/02/2013,101,77,24,480100,372900,107200,wednesday,W
KK Nagar ATM,27/02/2013,188,126,62,703800,516700,187100,wednesday,W
Christ College ATM,27/02/2013,114,69,45,513900,326300,187600,wednesday,W
Big Street ATM,28/02/2013,111,26,85,457200,138300,318900,thursday,W
Mount Road ATM,28/02/2013,172,107,65,606800,424900,181900,thursday,W
Airport ATM,28/02/2013,150,114,36,833600,655100,178500,thursday,W
KK Nagar ATM,28/02/2013,294,228,66,1370900,1105500,265400,thursday,W
Christ College ATM,28/02/2013,102,53,49,492000,318300,173700,thursday,W
Big Street ATM,01/03/2013,74,27,47,245300,100500,144800,friday,W
Mount Road ATM,01/03/2013,193,107,86,831400,518400,313000,friday,W
Airport ATM,01/03/2013,109,89,20,471000,420300,50700,friday,W
KK Nagar ATM,01/03/2013,269,210,59,1191800,876500,315300,friday,W
Christ College ATM,01/03/2013,122,51,71,579900,306600,273300,friday,W
Big Street ATM,02/03/2013,46,11,35,122300,34400,87900,saturday,H
Mount Road ATM,02/03/2013,229,98,131,830800,428100,402700,saturday,H
Airport ATM,02/03/2013,141,99,42,803600,646000,157600,saturday,H
KK Nagar ATM,02/03/2013,311,232,79,1385600,1061900,323700,saturday,H
Christ College ATM,02/03/2013,195,82,113,1229400,637000,592400,saturday,H
Big Street ATM,03/03/2013,74,14,60,201000,42200,158800,sunday,H
Mount Road ATM,03/03/2013,171,35,136,413300,112900,300400,sunday,H
Airport ATM,03/03/2013,120,67,53,525000,313200,211800,sunday,H
KK Nagar ATM,03/03/2013,131,86,45,517200,362700,154500,sunday,H
Christ College ATM,03/03/2013,119,50,69,476100,254300,221800,sunday,H
Big Street ATM,04/03/2013,82,34,48,319700,199200,120500,monday,W
Mount Road ATM,04/03/2013,225,101,124,988400,487900,500500,monday,W
Airport ATM,04/03/2013,118,88,30,608400,474300,134100,monday,W
KK Nagar ATM,04/03/2013,355,293,62,1867700,1629200,238500,monday,W
Christ College ATM,04/03/2013,127,61,66,620200,336000,284200,monday,W
Big Street ATM,05/03/2013,88,31,57,253100,125400,127700,tuesday,W
Mount Road ATM,05/03/2013,174,84,90,693300,432900,260400,tuesday,W
Airport ATM,05/03/2013,117,75,42,470100,369100,101000,tuesday,W
KK Nagar ATM,05/03/2013,293,232,61,1743600,1432400,311200,tuesday,W
Christ College ATM,05/03/2013,149,66,83,717000,354100,362900,tuesday,W
Big Street ATM,06/03/2013,96,28,68,286800,137000,149800,wednesday,W
Mount Road ATM,06/03/2013,190,74,116,734300,355600,378700,wednesday,W
Airport ATM,06/03/2013,135,111,24,705600,639400,66200,wednesday,W
KK Nagar ATM,06/03/2013,264,210,54,1141000,912600,228400,wednesday,W
Christ College ATM,06/03/2013,156,61,95,631300,291200,340100,wednesday,W
Big Street ATM,07/03/2013,104,39,65,308500,156100,152400,thursday,W
Mount Road ATM,07/03/2013,164,97,67,436900,325000,111900,thursday,W
Airport ATM,07/03/2013,131,95,36,568700,436600,132100,thursday,W
KK Nagar ATM,07/03/2013,240,193,47,1061700,909300,152400,thursday,W
Christ College ATM,07/03/2013,149,75,74,701400,420300,281100,thursday,W
Big Street ATM,08/03/2013,87,40,47,275000,187900,87100,friday,W
Mount Road ATM,08/03/2013,208,92,116,641000,322100,318900,friday,W
Airport ATM,08/03/2013,130,74,56,629500,416100,213400,friday,W
KK Nagar ATM,08/03/2013,242,162,80,1110000,680600,429400,friday,W
Christ College ATM,08/03/2013,128,75,53,746700,520700,226000,friday,W
Big Street ATM,09/03/2013,104,45,59,379300,227800,151500,saturday,H
Mount Road ATM,09/03/2013,115,47,68,528600,274100,254500,saturday,H
Airport ATM,09/03/2013,173,123,50,943900,785200,158700,saturday,H
KK Nagar ATM,09/03/2013,245,197,48,1073200,853400,219800,saturday,H
Christ College ATM,09/03/2013,102,52,50,659100,450400,208700,saturday,H
Big Street ATM,10/03/2013,113,31,82,304000,101600,202400,sunday,H
Airport ATM,10/03/2013,110,79,31,524800,442500,82300,sunday,H
KK Nagar ATM,10/03/2013,154,117,37,547300,442400,104900,sunday,H
Christ College ATM,10/03/2013,69,35,34,275400,176600,98800,sunday,H
Big Street ATM,11/03/2013,80,29,51,263700,128200,135500,monday,W
Mount Road ATM,11/03/2013,154,70,84,602300,354000,248300,monday,W
Airport ATM,11/03/2013,100,68,32,434200,300200,134000,monday,W
KK Nagar ATM,11/03/2013,267,201,66,1376800,1081600,295200,monday,W
Christ College ATM,11/03/2013,134,67,67,694400,490700,203700,monday,W
Big Street ATM,12/03/2013,94,41,53,426200,293900,132300,tuesday,W
Mount Road ATM,12/03/2013,163,76,87,625300,371300,254000,tuesday,W
Airport ATM,12/03/2013,130,98,32,671100,573400,97700,tuesday,W
KK Nagar ATM,12/03/2013,218,179,39,1101700,973300,128400,tuesday,W
Christ College ATM,12/03/2013,113,59,54,455700,264200,191500,tuesday,W
Big Street ATM,13/03/2013,76,34,42,286400,206900,79500,wednesday,W
Mount Road ATM,13/03/2013,124,72,52,395500,254300,141200,wednesday,W
Airport ATM,13/03/2013,122,91,31,767800,673800,94000,wednesday,W
KK Nagar ATM,13/03/2013,236,183,53,1175100,948400,226700,wednesday,W
Christ College ATM,13/03/2013,86,49,37,398200,282000,116200,wednesday,W
Big Street ATM,14/03/2013,99,34,65,337800,157300,180500,thursday,W
Mount Road ATM,14/03/2013,126,63,63,378800,211700,167100,thursday,W
Airport ATM,14/03/2013,115,96,19,593200,495800,97400,thursday,W
KK Nagar ATM,14/03/2013,214,164,50,971600,707800,263800,thursday,W
Christ College ATM,14/03/2013,95,53,42,463400,320600,142800,thursday,W
Big Street ATM,15/03/2013,97,37,60,453000,240200,212800,friday,W
Mount Road ATM,15/03/2013,170,86,84,492300,285900,206400,friday,W
Airport ATM,15/03/2013,107,75,32,447600,299100,148500,friday,W
KK Nagar ATM,15/03/2013,243,193,50,1068100,905800,162300,friday,W
Christ College ATM,15/03/2013,81,49,32,359700,248800,110900,friday,W
Big Street ATM,16/03/2013,111,35,76,331100,140900,190200,saturday,H
Mount Road ATM,16/03/2013,224,90,134,645700,328600,317100,saturday,H
Airport ATM,16/03/2013,115,90,25,555700,513500,42200,saturday,H
KK Nagar ATM,16/03/2013,286,205,81,1171900,811400,360500,saturday,H
Christ College ATM,16/03/2013,107,57,50,530600,331000,199600,saturday,H
Big Street ATM,17/03/2013,103,31,72,305200,113700,191500,sunday,H
Mount Road ATM,17/03/2013,144,33,111,289400,101000,188400,sunday,H
Airport ATM,17/03/2013,98,80,18,499200,410800,88400,sunday,H
KK Nagar ATM,17/03/2013,143,93,50,439700,334000,105700,sunday,H
Christ College ATM,17/03/2013,87,37,50,293100,169800,123300,sunday,H
Big Street ATM,18/03/2013,84,41,43,313500,209200,104300,monday,W
Mount Road ATM,18/03/2013,103,40,63,228800,90400,138400,monday,W
Airport ATM,18/03/2013,104,81,23,589700,500200,89500,monday,W
KK Nagar ATM,18/03/2013,237,196,41,1015600,846800,168800,monday,W
Christ College ATM,18/03/2013,114,39,75,356900,118200,238700,monday,W
Big Street ATM,19/03/2013,86,26,60,207400,70200,137200,tuesday,W
Mount Road ATM,19/03/2013,198,85,113,549000,305800,243200,tuesday,W
Airport ATM,19/03/2013,99,78,21,516700,457900,58800,tuesday,W
KK Nagar ATM,19/03/2013,237,191,46,1190400,952700,237700,tuesday,W
Christ College ATM,19/03/2013,110,45,65,494600,246600,248000,tuesday,W
Big Street ATM,20/03/2013,119,43,76,444200,193600,250600,wednesday,W
Mount Road ATM,20/03/2013,157,72,85,465400,209900,255500,wednesday,W
Airport ATM,20/03/2013,145,127,18,639700,607600,32100,wednesday,W
KK Nagar ATM,20/03/2013,353,308,45,1298000,1122500,175500,wednesday,W
Christ College ATM,20/03/2013,122,53,69,444900,251700,193200,wednesday,W
Big Street ATM,21/03/2013,115,41,74,272700,125100,147600,thursday,W
Mount Road ATM,21/03/2013,182,92,90,532300,328800,203500,thursday,W
Airport ATM,21/03/2013,73,62,11,392800,378400,14400,thursday,W
KK Nagar ATM,21/03/2013,238,181,57,1027900,828400,199500,thursday,W
Christ College ATM,21/03/2013,117,58,59,609700,437500,172200,thursday,W
Big Street ATM,22/03/2013,89,29,60,257000,141800,115200,friday,W
Mount Road ATM,22/03/2013,171,75,96,415700,164200,251500,friday,W
Airport ATM,22/03/2013,93,70,23,347200,304500,42700,friday,W
KK Nagar ATM,22/03/2013,196,153,43,978600,763300,215300,friday,W
Christ College ATM,22/03/2013,127,50,77,580100,275300,304800,friday,W
Big Street ATM,23/03/2013,98,36,62,219300,99700,119600,saturday,H
Mount Road ATM,23/03/2013,152,74,78,566200,270400,295800,saturday,H
Airport ATM,23/03/2013,118,86,32,501800,461400,40400,saturday,H
KK Nagar ATM,23/03/2013,321,256,65,1274800,1045300,229500,saturday,H
Christ College ATM,23/03/2013,101,60,41,391100,247200,143900,saturday,H
Big Street ATM,24/03/2013,96,33,63,269600,168900,100700,sunday,H
Mount Road ATM,24/03/2013,127,31,96,240900,69500,171400,sunday,H
Airport ATM,24/03/2013,72,56,16,197800,178200,19600,sunday,H
KK Nagar ATM,24/03/2013,121,100,21,352500,293600,58900,sunday,H
Christ College ATM,24/03/2013,79,37,42,294400,174300,120100,sunday,H
Big Street ATM,25/03/2013,85,31,54,295700,152400,143300,monday,W
Mount Road ATM,25/03/2013,135,79,56,393400,225600,167800,monday,W
Airport ATM,25/03/2013,96,62,34,475300,378500,96800,monday,W
KK Nagar ATM,25/03/2013,229,176,53,954500,770300,184200,monday,W
Christ College ATM,25/03/2013,118,53,65,487600,256600,231000,monday,W
Big Street ATM,26/03/2013,102,27,75,254200,100700,153500,tuesday,W
Mount Road ATM,26/03/2013,138,71,67,444100,233700,210400,tuesday,W
Airport ATM,26/03/2013,53,39,14,249900,229600,20300,tuesday,W
KK Nagar ATM,26/03/2013,276,207,69,1281500,1068600,212900,tuesday,W
Christ College ATM,26/03/2013,96,42,54,391200,201500,189700,tuesday,W
Big Street ATM,27/03/2013,47,12,35,91200,30000,61200,wednesday,W
Mount Road ATM,27/03/2013,162,91,71,477200,331800,145400,wednesday,W
Airport ATM,27/03/2013,79,57,22,319400,246200,73200,wednesday,W
KK Nagar ATM,27/03/2013,205,167,38,914300,800000,114300,wednesday,W
Christ College ATM,27/03/2013,118,63,55,562500,377100,185400,wednesday,W
Big Street ATM,28/03/2013,97,37,60,360000,193800,166200,thursday,W
Mount Road ATM,28/03/2013,48,27,21,122300,72900,49400,thursday,W
Airport ATM,28/03/2013,107,82,25,672400,593800,78600,thursday,W
KK Nagar ATM,28/03/2013,255,203,52,1219300,1049300,170000,thursday,W
Christ College ATM,28/03/2013,170,78,92,778100,405500,372600,thursday,W
Big Street ATM,29/03/2013,105,29,76,361100,153900,207200,friday,H
Mount Road ATM,29/03/2013,119,46,73,384200,180300,203900,friday,H
Airport ATM,29/03/2013,94,65,29,519400,454600,64800,friday,H
KK Nagar ATM,29/03/2013,202,150,52,901300,777500,123800,friday,H
Christ College ATM,29/03/2013,82,40,42,352800,216400,136400,friday,H
Big Street ATM,30/03/2013,111,35,76,388500,151100,237400,saturday,H
Mount Road ATM,30/03/2013,191,87,104,604500,398900,205600,saturday,H
Airport ATM,30/03/2013,114,76,38,444000,328800,115200,saturday,H
KK Nagar ATM,30/03/2013,264,214,50,1339300,1135200,204100,saturday,H
Christ College ATM,30/03/2013,147,58,89,722900,312000,410900,saturday,H
Big Street ATM,31/03/2013,113,22,91,379800,90400,289400,sunday,H
Mount Road ATM,31/03/2013,141,50,91,337800,156900,180900,sunday,H
Airport ATM,31/03/2013,102,70,32,456000,295100,160900,sunday,H
KK Nagar ATM,31/03/2013,126,96,30,338600,222300,116300,sunday,H
Christ College ATM,31/03/2013,98,42,56,343800,160500,183300,sunday,H
Big Street ATM,01/04/2013,102,20,82,377700,111800,265900,monday,W
Mount Road ATM,01/04/2013,134,71,63,509600,328700,180900,monday,W
Airport ATM,01/04/2013,63,58,5,269200,264800,4400,monday,W
KK Nagar ATM,01/04/2013,287,221,66,1191400,976100,215300,monday,W
Christ College ATM,01/04/2013,144,54,90,713100,370600,342500,monday,W
Big Street ATM,02/04/2013,103,31,72,404600,201200,203400,tuesday,W
Mount Road ATM,02/04/2013,179,106,73,631400,355100,276300,tuesday,W
Airport ATM,02/04/2013,139,93,46,755300,540800,214500,tuesday,W
KK Nagar ATM,02/04/2013,312,242,70,1473400,1108900,364500,tuesday,W
Christ College ATM,02/04/2013,147,62,85,518600,236500,282100,tuesday,W
Big Street ATM,03/04/2013,98,41,57,297700,130900,166800,wednesday,W
Mount Road ATM,03/04/2013,152,74,78,464100,239300,224800,wednesday,W
Airport ATM,03/04/2013,117,88,29,577300,431200,146100,wednesday,W
KK Nagar ATM,03/04/2013,307,230,77,1595000,1233300,361700,wednesday,W
Christ College ATM,03/04/2013,133,71,62,621700,362800,258900,wednesday,W
Big Street ATM,04/04/2013,100,26,74,297500,103200,194300,thursday,W
Mount Road ATM,04/04/2013,234,89,145,1019200,426900,592300,thursday,W
Airport ATM,04/04/2013,129,92,37,655000,525000,130000,thursday,W
KK Nagar ATM,04/04/2013,361,266,95,1899200,1463600,435600,thursday,W
Christ College ATM,04/04/2013,135,57,78,456700,207800,248900,thursday,W
Big Street ATM,05/04/2013,115,38,77,400200,167200,233000,friday,W
Mount Road ATM,05/04/2013,190,99,91,668600,326400,342200,friday,W
Airport ATM,05/04/2013,100,64,36,542800,422800,120000,friday,W
KK Nagar ATM,05/04/2013,344,235,109,1848400,1326400,522000,friday,W
Christ College ATM,05/04/2013,171,81,90,823300,503100,320200,friday,W
Big Street ATM,06/04/2013,86,34,52,222900,94100,128800,saturday,H
Mount Road ATM,06/04/2013,249,101,148,828000,371300,456700,saturday,H
Airport ATM,06/04/2013,151,109,42,757600,629500,128100,saturday,H
KK Nagar ATM,06/04/2013,366,258,108,1913700,1370100,543600,saturday,H
Christ College ATM,06/04/2013,169,69,100,874400,411700,462700,saturday,H
Big Street ATM,07/04/2013,124,32,92,370000,165000,205000,sunday,H
Mount Road ATM,07/04/2013,183,52,131,411700,186500,225200,sunday,H
Airport ATM,07/04/2013,128,84,44,631600,470200,161400,sunday,H
KK Nagar ATM,07/04/2013,158,84,74,749300,444800,304500,sunday,H
Christ College ATM,07/04/2013,109,39,70,419400,187800,231600,sunday,H
Big Street ATM,08/04/2013,92,25,67,295600,103500,192100,monday,W
Mount Road ATM,08/04/2013,132,83,49,480400,308800,171600,monday,W
Airport ATM,08/04/2013,107,75,32,537300,418300,119000,monday,W
KK Nagar ATM,08/04/2013,285,206,79,1157500,833200,324300,monday,W
Christ College ATM,08/04/2013,118,35,83,539400,172400,367000,monday,W
Big Street ATM,09/04/2013,88,24,64,274600,67300,207300,tuesday,W
Mount Road ATM,09/04/2013,187,86,101,672500,305700,366800,tuesday,W
Airport ATM,09/04/2013,111,86,25,652300,564300,88000,tuesday,W
KK Nagar ATM,09/04/2013,239,176,63,1074600,850000,224600,tuesday,W
Christ College ATM,09/04/2013,101,47,54,567300,332100,235200,tuesday,W
Big Street ATM,10/04/2013,118,43,75,458200,227100,231100,wednesday,W
Mount Road ATM,10/04/2013,178,90,88,609900,402800,207100,wednesday,W
Airport ATM,10/04/2013,150,123,27,957500,854400,103100,wednesday,W
KK Nagar ATM,10/04/2013,263,205,58,1178100,979800,198300,wednesday,W
Christ College ATM,10/04/2013,85,42,43,329500,190200,139300,wednesday,W
Big Street ATM,11/04/2013,122,27,95,403300,102700,300600,thursday,H
Mount Road ATM,11/04/2013,136,51,85,488800,194400,294400,thursday,H
Airport ATM,11/04/2013,102,67,35,599500,501200,98300,thursday,H
KK Nagar ATM,11/04/2013,168,123,45,743200,588200,155000,thursday,H
Christ College ATM,11/04/2013,100,40,60,342100,160600,181500,thursday,H
Big Street ATM,12/04/2013,105,22,83,319500,86300,233200,friday,W
Mount Road ATM,12/04/2013,206,83,123,527100,242600,284500,friday,W
Airport ATM,12/04/2013,88,47,41,370000,207400,162600,friday,W
KK Nagar ATM,12/04/2013,315,235,80,1192800,948700,244100,friday,W
Christ College ATM,12/04/2013,125,54,71,484900,283900,201000,friday,W
Big Street ATM,13/04/2013,109,33,76,263200,116000,147200,saturday,H
Mount Road ATM,13/04/2013,217,95,122,828700,545000,283700,saturday,H
Airport ATM,13/04/2013,114,94,20,505000,447100,57900,saturday,H
KK Nagar ATM,13/04/2013,283,216,67,1176100,930900,245200,saturday,H
Christ College ATM,13/04/2013,140,79,61,618900,405700,213200,saturday,H
Big Street ATM,14/04/2013,110,25,85,233300,75500,157800,sunday,H
Mount Road ATM,14/04/2013,132,35,97,408900,174100,234800,sunday,H
Airport ATM,14/04/2013,66,50,16,333200,263500,69700,sunday,H
KK Nagar ATM,14/04/2013,158,109,49,686800,473400,213400,sunday,H
Christ College ATM,14/04/2013,98,40,58,385100,200600,184500,sunday,H
Big Street ATM,15/04/2013,102,36,66,337000,170100,166900,monday,W
Mount Road ATM,15/04/2013,137,71,66,486800,295100,191700,monday,W
Airport ATM,15/04/2013,86,68,18,347000,284300,62700,monday,W
KK Nagar ATM,15/04/2013,308,235,73,1370300,1016100,354200,monday,W
Christ College ATM,15/04/2013,106,41,65,498600,246100,252500,monday,W
Big Street ATM,16/04/2013,115,42,73,443400,212500,230900,tuesday,W
Mount Road ATM,16/04/2013,157,85,72,619900,425800,194100,tuesday,W
Airport ATM,16/04/2013,97,87,10,461100,436400,24700,tuesday,W
KK Nagar ATM,16/04/2013,253,210,43,987100,838200,148900,tuesday,W
Christ College ATM,16/04/2013,127,63,64,478700,324900,153800,tuesday,W
Big Street ATM,17/04/2013,97,23,74,228400,83800,144600,wednesday,W
Mount Road ATM,17/04/2013,166,96,70,815400,588600,226800,wednesday,W
Airport ATM,17/04/2013,104,83,21,536600,469800,66800,wednesday,W
KK Nagar ATM,17/04/2013,110,72,38,493100,329800,163300,wednesday,W
Christ College ATM,17/04/2013,133,67,66,582400,341800,240600,wednesday,W
Big Street ATM,18/04/2013,49,19,30,148500,80400,68100,thursday,W
Mount Road ATM,18/04/2013,200,84,116,686000,358700,327300,thursday,W
Airport ATM,18/04/2013,91,66,25,341800,258200,83600,thursday,W
KK Nagar ATM,18/04/2013,266,218,48,1435700,1252000,183700,thursday,W
Christ College ATM,18/04/2013,106,44,62,406800,210200,196600,thursday,W
Big Street ATM,19/04/2013,93,27,66,332900,183000,149900,friday,W
Mount Road ATM,19/04/2013,222,84,138,769200,313600,455600,friday,W
Airport ATM,19/04/2013,116,85,31,603300,526000,77300,friday,W
KK Nagar ATM,19/04/2013,318,245,73,1356100,1054200,301900,friday,W
Christ College ATM,19/04/2013,162,69,93,569700,281100,288600,friday,W
Big Street ATM,20/04/2013,111,39,72,389200,190000,199200,saturday,H
Mount Road ATM,20/04/2013,220,89,131,1035900,445700,590200,saturday,H
Airport ATM,20/04/2013,119,94,25,590800,521000,69800,saturday,H
KK Nagar ATM,20/04/2013,382,262,120,1800300,1228900,571400,saturday,H
Christ College ATM,20/04/2013,138,64,74,525600,305100,220500,saturday,H
Big Street ATM,21/04/2013,111,38,73,240800,143900,96900,sunday,H
Mount Road ATM,21/04/2013,136,40,96,516000,175400,340600,sunday,H
Airport ATM,21/04/2013,99,72,27,548200,472000,76200,sunday,H
KK Nagar ATM,21/04/2013,182,117,65,901500,578400,323100,sunday,H
Christ College ATM,21/04/2013,91,42,49,234500,116200,118300,sunday,H
Big Street ATM,22/04/2013,84,25,59,211900,60000,151900,monday,W
Airport ATM,22/04/2013,106,82,24,548000,453200,94800,monday,W
KK Nagar ATM,22/04/2013,302,217,85,1235000,902200,332800,monday,W
Christ College ATM,22/04/2013,105,45,60,334300,143800,190500,monday,W
Big Street ATM,23/04/2013,100,39,61,360600,234900,125700,tuesday,W
Mount Road ATM,23/04/2013,131,68,63,452700,299600,153100,tuesday,W
Airport ATM,23/04/2013,99,73,26,560200,478400,81800,tuesday,W
KK Nagar ATM,23/04/2013,278,226,52,1536900,1283700,253200,tuesday,W
Christ College ATM,23/04/2013,99,53,46,417000,307900,109100,tuesday,W
Big Street ATM,24/04/2013,110,31,79,309300,64500,244800,wednesday,H
Mount Road ATM,24/04/2013,125,62,63,450300,281000,169300,wednesday,H
Airport ATM,24/04/2013,98,82,16,688900,632300,56600,wednesday,H
KK Nagar ATM,24/04/2013,211,149,62,853800,653400,200400,wednesday,H
Christ College ATM,24/04/2013,71,35,36,193800,109100,84700,wednesday,H
Big Street ATM,25/04/2013,89,25,64,282300,164100,118200,thursday,W
Mount Road ATM,25/04/2013,94,48,46,371700,217600,154100,thursday,W
Airport ATM,25/04/2013,93,70,23,454500,381800,72700,thursday,W
KK Nagar ATM,25/04/2013,222,174,48,1064500,844900,219600,thursday,W
Christ College ATM,25/04/2013,125,57,68,584400,340000,244400,thursday,W
Big Street ATM,26/04/2013,102,35,67,309600,149100,160500,friday,W
Mount Road ATM,26/04/2013,118,60,58,281900,116900,165000,friday,W
Airport ATM,26/04/2013,62,46,16,344300,307700,36600,friday,W
KK Nagar ATM,26/04/2013,265,205,60,1152400,892100,260300,friday,W
Christ College ATM,26/04/2013,120,47,73,480800,205800,275000,friday,W
Big Street ATM,27/04/2013,129,38,91,475300,230100,245200,saturday,H
Mount Road ATM,27/04/2013,179,90,89,685400,500000,185400,saturday,H
Airport ATM,27/04/2013,111,78,33,657800,531200,126600,saturday,H
KK Nagar ATM,27/04/2013,294,230,64,1472900,1168100,304800,saturday,H
Christ College ATM,27/04/2013,118,53,65,550500,318500,232000,saturday,H
Big Street ATM,28/04/2013,131,38,93,307000,142200,164800,sunday,H
Mount Road ATM,28/04/2013,153,52,101,551300,336200,215100,sunday,H
Airport ATM,28/04/2013,27,21,6,119100,114100,5000,sunday,H
KK Nagar ATM,28/04/2013,111,72,39,390000,243900,146100,sunday,H
Christ College ATM,28/04/2013,70,32,38,196200,141000,55200,sunday,H
Big Street ATM,29/04/2013,104,36,68,310500,137400,173100,monday,W
Mount Road ATM,29/04/2013,170,77,93,650400,345400,305000,monday,W
Airport ATM,29/04/2013,64,47,17,213200,152200,61000,monday,W
KK Nagar ATM,29/04/2013,285,219,66,1166300,910700,255600,monday,W
Christ College ATM,29/04/2013,116,51,65,490000,303400,186600,monday,W
Big Street ATM,30/04/2013,116,40,76,460800,220500,240300,tuesday,W
Mount Road ATM,30/04/2013,185,89,96,780000,488000,292000,tuesday,W
Airport ATM,30/04/2013,118,97,21,644500,581100,63400,tuesday,W
KK Nagar ATM,30/04/2013,342,279,63,1783600,1516800,266800,tuesday,W
Christ College ATM,30/04/2013,134,56,78,631600,318000,313600,tuesday,W
Big Street ATM,01/05/2013,100,19,81,355500,95100,260400,wednesday,H
Mount Road ATM,01/05/2013,205,44,161,635200,218300,416900,wednesday,H
Airport ATM,01/05/2013,80,66,14,458000,412000,46000,wednesday,H
KK Nagar ATM,01/05/2013,248,151,97,1235000,847100,387900,wednesday,H
Christ College ATM,01/05/2013,122,38,84,461300,167000,294300,wednesday,H
Big Street ATM,02/05/2013,74,40,34,236800,133400,103400,thursday,W
Mount Road ATM,02/05/2013,182,82,100,639600,350400,289200,thursday,W
Airport ATM,02/05/2013,110,77,33,555400,457200,98200,thursday,W
KK Nagar ATM,02/05/2013,418,290,128,2325000,1646000,679000,thursday,W
Christ College ATM,02/05/2013,143,67,76,825600,482100,343500,thursday,W
Big Street ATM,03/05/2013,138,39,99,575300,203700,371600,friday,W
Mount Road ATM,03/05/2013,243,75,168,733800,230900,502900,friday,W
Airport ATM,03/05/2013,102,74,28,491900,391900,100000,friday,W
KK Nagar ATM,03/05/2013,332,214,118,1642300,1123900,518400,friday,W
Christ College ATM,03/05/2013,142,65,77,780300,438000,342300,friday,W
Big Street ATM,04/05/2013,85,24,61,276500,108400,168100,saturday,H
Mount Road ATM,04/05/2013,260,95,165,1024000,555200,468800,saturday,H
Airport ATM,04/05/2013,118,91,27,771000,690600,80400,saturday,H
KK Nagar ATM,04/05/2013,348,240,108,1703100,1232200,470900,saturday,H
Christ College ATM,04/05/2013,156,71,85,721100,390300,330800,saturday,H
Big Street ATM,05/05/2013,139,28,111,572600,122000,450600,sunday,H
Mount Road ATM,05/05/2013,184,33,151,495600,94000,401600,sunday,H
Airport ATM,05/05/2013,113,71,42,406500,295500,111000,sunday,H
KK Nagar ATM,05/05/2013,175,116,59,540100,351900,188200,sunday,H
Christ College ATM,05/05/2013,145,62,83,527300,247800,279500,sunday,H
Big Street ATM,06/05/2013,77,29,48,197500,50500,147000,monday,W
Mount Road ATM,06/05/2013,184,83,101,691400,402600,288800,monday,W
Airport ATM,06/05/2013,86,63,23,429100,351800,77300,monday,W
KK Nagar ATM,06/05/2013,325,226,99,1668400,1272200,396200,monday,W
Christ College ATM,06/05/2013,148,57,91,528900,210300,318600,monday,W
Big Street ATM,07/05/2013,71,18,53,210700,72500,138200,tuesday,W
Mount Road ATM,07/05/2013,209,90,119,807100,436000,371100,tuesday,W
Airport ATM,07/05/2013,111,69,42,365300,228000,137300,tuesday,W
KK Nagar ATM,07/05/2013,269,210,59,1194200,912200,282000,tuesday,W
Christ College ATM,07/05/2013,156,70,86,729100,361500,367600,tuesday,W
Big Street ATM,08/05/2013,110,46,64,450400,286300,164100,wednesday,W
Mount Road ATM,08/05/2013,189,83,106,686700,367900,318800,wednesday,W
Airport ATM,08/05/2013,107,78,29,460600,341300,119300,wednesday,W
KK Nagar ATM,08/05/2013,299,228,71,1412400,1123000,289400,wednesday,W
Christ College ATM,08/05/2013,145,76,69,794000,509100,284900,wednesday,W
Big Street ATM,09/05/2013,103,26,77,348900,160700,188200,thursday,W
Mount Road ATM,09/05/2013,158,73,85,635200,340000,295200,thursday,W
Airport ATM,09/05/2013,101,72,29,453500,348500,105000,thursday,W
KK Nagar ATM,09/05/2013,200,134,66,770400,498400,272000,thursday,W
Christ College ATM,09/05/2013,104,42,62,497700,241400,256300,thursday,W
Big Street ATM,10/05/2013,92,36,56,315400,173500,141900,friday,W
Mount Road ATM,10/05/2013,197,92,105,912900,529000,383900,friday,W
Airport ATM,10/05/2013,105,80,25,590000,522200,67800,friday,W
KK Nagar ATM,10/05/2013,317,227,90,1309900,948300,361600,friday,W
Christ College ATM,10/05/2013,34,16,18,159200,103100,56100,friday,W
Big Street ATM,11/05/2013,91,38,53,338400,205200,133200,saturday,H
Mount Road ATM,11/05/2013,185,89,96,613900,421400,192500,saturday,H
Airport ATM,11/05/2013,87,65,22,351000,280800,70200,saturday,H
KK Nagar ATM,11/05/2013,314,234,80,1430400,1194200,236200,saturday,H
Christ College ATM,11/05/2013,157,56,101,668200,230200,438000,saturday,H
Big Street ATM,12/05/2013,121,37,84,329000,161900,167100,sunday,H
Mount Road ATM,12/05/2013,209,35,174,512100,127800,384300,sunday,H
Airport ATM,12/05/2013,113,83,30,447100,366600,80500,sunday,H
KK Nagar ATM,12/05/2013,193,90,103,686900,300800,386100,sunday,H
Christ College ATM,12/05/2013,139,34,105,544100,136700,407400,sunday,H
Big Street ATM,13/05/2013,109,38,71,423000,157000,266000,monday,W
Mount Road ATM,13/05/2013,186,69,117,833200,360600,472600,monday,W
Airport ATM,13/05/2013,126,101,25,645700,582800,62900,monday,W
KK Nagar ATM,13/05/2013,444,302,142,2459200,1896100,563100,monday,W
Christ College ATM,13/05/2013,190,72,118,890100,387100,503000,monday,W
Big Street ATM,14/05/2013,107,42,65,405000,223900,181100,tuesday,W
Mount Road ATM,14/05/2013,156,74,82,525500,327400,198100,tuesday,W
Airport ATM,14/05/2013,81,67,14,349200,308000,41200,tuesday,W
KK Nagar ATM,14/05/2013,272,188,84,1250600,888800,361800,tuesday,W
Christ College ATM,14/05/2013,111,53,58,470500,333600,136900,tuesday,W
Big Street ATM,15/05/2013,89,40,49,357900,212700,145200,wednesday,W
Mount Road ATM,15/05/2013,150,73,77,464500,285400,179100,wednesday,W
Airport ATM,15/05/2013,123,100,23,553300,503500,49800,wednesday,W
KK Nagar ATM,15/05/2013,247,169,78,1066100,800600,265500,wednesday,W
Christ College ATM,15/05/2013,103,50,53,616700,402500,214200,wednesday,W
Big Street ATM,16/05/2013,100,40,60,291200,128400,162800,thursday,W
Mount Road ATM,16/05/2013,115,67,48,397800,291900,105900,thursday,W
Airport ATM,16/05/2013,119,99,20,494100,425300,68800,thursday,W
KK Nagar ATM,16/05/2013,241,165,76,1180100,925900,254200,thursday,W
Christ College ATM,16/05/2013,94,46,48,507500,295800,211700,thursday,W
Big Street ATM,17/05/2013,75,33,42,169300,81100,88200,friday,W
Mount Road ATM,17/05/2013,122,53,69,440800,206300,234500,friday,W
Airport ATM,17/05/2013,71,55,16,307100,271900,35200,friday,W
KK Nagar ATM,17/05/2013,278,197,81,1162000,864300,297700,friday,W
Christ College ATM,17/05/2013,101,54,47,419400,323700,95700,friday,W
Big Street ATM,18/05/2013,118,36,82,443200,195300,247900,saturday,H
Mount Road ATM,18/05/2013,209,85,124,721500,398200,323300,saturday,H
Airport ATM,18/05/2013,106,84,22,509400,451100,58300,saturday,H
KK Nagar ATM,18/05/2013,289,208,81,1194300,910200,284100,saturday,H
Christ College ATM,18/05/2013,95,55,40,415700,240200,175500,saturday,H
Big Street ATM,19/05/2013,113,35,78,321500,174500,147000,sunday,H
Mount Road ATM,19/05/2013,144,31,113,359100,104700,254400,sunday,H
Airport ATM,19/05/2013,76,59,17,278600,228200,50400,sunday,H
KK Nagar ATM,19/05/2013,179,124,55,797200,522500,274700,sunday,H
Christ College ATM,19/05/2013,82,41,41,248700,165100,83600,sunday,H
Big Street ATM,20/05/2013,108,41,67,262300,125200,137100,monday,W
Mount Road ATM,20/05/2013,129,56,73,363700,211400,152300,monday,W
Airport ATM,20/05/2013,97,72,25,410200,322500,87700,monday,W
KK Nagar ATM,20/05/2013,275,199,76,1293000,953900,339100,monday,W
Christ College ATM,20/05/2013,104,45,59,425100,169400,255700,monday,W
Big Street ATM,21/05/2013,107,35,72,425500,181800,243700,tuesday,W
Mount Road ATM,21/05/2013,168,79,89,692100,376000,316100,tuesday,W
Airport ATM,21/05/2013,112,75,37,660200,560700,99500,tuesday,W
KK Nagar ATM,21/05/2013,307,216,91,1325800,1018700,307100,tuesday,W
Christ College ATM,21/05/2013,105,56,49,597000,379300,217700,tuesday,W
Big Street ATM,22/05/2013,120,39,81,425400,182700,242700,wednesday,W
Mount Road ATM,22/05/2013,134,67,67,460400,331000,129400,wednesday,W
Airport ATM,22/05/2013,131,108,23,709300,652500,56800,wednesday,W
KK Nagar ATM,22/05/2013,298,233,65,1404000,1149400,254600,wednesday,W
Christ College ATM,22/05/2013,108,52,56,489200,249100,240100,wednesday,W
Big Street ATM,23/05/2013,99,36,63,327100,178900,148200,thursday,W
Mount Road ATM,23/05/2013,130,71,59,476200,342400,133800,thursday,W
Airport ATM,23/05/2013,113,81,32,421300,369000,52300,thursday,W
KK Nagar ATM,23/05/2013,244,181,63,973200,789200,184000,thursday,W
Christ College ATM,23/05/2013,126,45,81,524300,217200,307100,thursday,W
Big Street ATM,24/05/2013,106,26,80,283000,103600,179400,friday,W
Mount Road ATM,24/05/2013,131,74,57,464300,307700,156600,friday,W
Airport ATM,24/05/2013,90,67,23,445100,403600,41500,friday,W
KK Nagar ATM,24/05/2013,235,182,53,1083700,900100,183600,friday,W
Christ College ATM,24/05/2013,87,43,44,309200,159200,150000,friday,W
Big Street ATM,25/05/2013,40,17,23,136900,111100,25800,saturday,H
Mount Road ATM,25/05/2013,139,70,69,540000,388900,151100,saturday,H
Airport ATM,25/05/2013,121,100,21,659400,631700,27700,saturday,H
KK Nagar ATM,25/05/2013,266,198,68,1034000,813800,220200,saturday,H
Christ College ATM,25/05/2013,124,54,70,605900,303600,302300,saturday,H
Mount Road ATM,26/05/2013,80,11,69,139500,17700,121800,sunday,H
Airport ATM,26/05/2013,98,68,30,272300,218600,53700,sunday,H
KK Nagar ATM,26/05/2013,107,77,30,428600,304300,124300,sunday,H
Christ College ATM,26/05/2013,88,41,47,293400,182400,111000,sunday,H
Big Street ATM,27/05/2013,59,14,45,102500,32200,70300,monday,W
Mount Road ATM,27/05/2013,178,102,76,637300,475200,162100,monday,W
Airport ATM,27/05/2013,113,88,25,482700,399300,83400,monday,W
KK Nagar ATM,27/05/2013,284,202,82,1288300,952500,335800,monday,W
Christ College ATM,27/05/2013,170,51,119,875800,288700,587100,monday,W
Big Street ATM,28/05/2013,75,27,48,191300,100200,91100,tuesday,W
Mount Road ATM,28/05/2013,132,70,62,326300,214500,111800,tuesday,W
Airport ATM,28/05/2013,120,83,37,497600,391200,106400,tuesday,W
KK Nagar ATM,28/05/2013,283,210,73,1152300,919200,233100,tuesday,W
Christ College ATM,28/05/2013,125,65,60,590300,296300,294000,tuesday,W
Big Street ATM,29/05/2013,90,37,53,219200,117400,101800,wednesday,W
Mount Road ATM,29/05/2013,126,54,72,355700,103100,252600,wednesday,W
Airport ATM,29/05/2013,101,78,23,638100,610100,28000,wednesday,W
KK Nagar ATM,29/05/2013,207,161,46,872200,675600,196600,wednesday,W
Christ College ATM,29/05/2013,128,51,77,645100,317600,327500,wednesday,W
Big Street ATM,30/05/2013,93,29,64,289500,133400,156100,thursday,W
Mount Road ATM,30/05/2013,136,71,65,488900,296000,192900,thursday,W
Airport ATM,30/05/2013,103,84,19,399500,368100,31400,thursday,W
KK Nagar ATM,30/05/2013,288,214,74,1317000,949900,367100,thursday,W
Christ College ATM,30/05/2013,121,52,69,445700,240700,205000,thursday,W
Big Street ATM,31/05/2013,128,43,85,401400,132100,269300,friday,W
Mount Road ATM,31/05/2013,154,76,78,501100,237700,263400,friday,W
Airport ATM,31/05/2013,102,74,28,406700,308700,98000,friday,W
KK Nagar ATM,31/05/2013,244,200,44,1158800,1006000,152800,friday,W
Christ College ATM,31/05/2013,149,51,98,756300,254600,501700,friday,W
Big Street ATM,01/06/2013,127,42,85,431100,152200,278900,saturday,H
Mount Road ATM,01/06/2013,225,101,124,839600,441800,397800,saturday,H
Airport ATM,01/06/2013,145,113,32,905800,765500,140300,saturday,H
KK Nagar ATM,01/06/2013,335,280,55,1688100,1428000,260100,saturday,H
Christ College ATM,01/06/2013,146,50,96,757500,261900,495600,saturday,H
Big Street ATM,02/06/2013,132,21,111,467400,96700,370700,sunday,H
Mount Road ATM,02/06/2013,194,32,162,653100,175000,478100,sunday,H
Airport ATM,02/06/2013,148,83,65,738900,499800,239100,sunday,H
KK Nagar ATM,02/06/2013,197,94,103,853600,414800,438800,sunday,H
Christ College ATM,02/06/2013,174,40,134,894700,182700,712000,sunday,H
Big Street ATM,03/06/2013,86,30,56,328600,150300,178300,monday,W
Mount Road ATM,03/06/2013,195,103,92,771600,393200,378400,monday,W
Airport ATM,03/06/2013,143,112,31,664900,565900,99000,monday,W
KK Nagar ATM,03/06/2013,386,238,148,1965100,1286600,678500,monday,W
Christ College ATM,03/06/2013,133,54,79,784500,461600,322900,monday,W
Big Street ATM,04/06/2013,127,48,79,408100,183800,224300,tuesday,W
Mount Road ATM,04/06/2013,198,71,127,703300,295400,407900,tuesday,W
Airport ATM,04/06/2013,114,78,36,560300,417900,142400,tuesday,W
KK Nagar ATM,04/06/2013,318,202,116,1570800,1012900,557900,tuesday,W
Christ College ATM,04/06/2013,177,56,121,958100,370400,587700,tuesday,W
Big Street ATM,05/06/2013,95,36,59,288500,119600,168900,wednesday,W
Mount Road ATM,05/06/2013,231,101,130,870500,481900,388600,wednesday,W
Airport ATM,05/06/2013,142,92,50,765500,531100,234400,wednesday,W
KK Nagar ATM,05/06/2013,404,279,125,2358200,1692800,665400,wednesday,W
Christ College ATM,05/06/2013,205,61,144,955400,280900,674500,wednesday,W
Big Street ATM,06/06/2013,96,22,74,293400,41300,252100,thursday,W
Mount Road ATM,06/06/2013,201,83,118,997300,536000,461300,thursday,W
Airport ATM,06/06/2013,134,100,34,727100,565700,161400,thursday,W
KK Nagar ATM,06/06/2013,318,226,92,1416100,982800,433300,thursday,W
Christ College ATM,06/06/2013,121,67,54,597400,358400,239000,thursday,W
Big Street ATM,07/06/2013,73,27,46,209700,88500,121200,friday,W
Mount Road ATM,07/06/2013,126,71,55,528300,312400,215900,friday,W
Airport ATM,07/06/2013,101,75,26,453200,362500,90700,friday,W
KK Nagar ATM,07/06/2013,303,220,83,1569000,1212900,356100,friday,W
Christ College ATM,07/06/2013,123,55,68,526900,257600,269300,friday,W
Big Street ATM,08/06/2013,116,34,82,473500,152600,320900,saturday,H
Mount Road ATM,08/06/2013,168,86,82,722300,472200,250100,saturday,H
Airport ATM,08/06/2013,188,111,77,893000,585500,307500,saturday,H
KK Nagar ATM,08/06/2013,396,275,121,1877000,1335700,541300,saturday,H
Christ College ATM,08/06/2013,127,68,59,652100,404500,247600,saturday,H
Big Street ATM,09/06/2013,105,28,77,379000,104500,274500,sunday,H
Mount Road ATM,09/06/2013,165,42,123,376400,177700,198700,sunday,H
Airport ATM,09/06/2013,133,84,49,532900,337400,195500,sunday,H
KK Nagar ATM,09/06/2013,194,100,94,712100,339400,372700,sunday,H
Christ College ATM,09/06/2013,94,43,51,363600,192600,171000,sunday,H
Big Street ATM,10/06/2013,95,36,59,309600,110300,199300,monday,W
Mount Road ATM,10/06/2013,174,85,89,488300,213600,274700,monday,W
Airport ATM,10/06/2013,124,86,38,572000,439900,132100,monday,W
KK Nagar ATM,10/06/2013,258,203,55,1166600,964300,202300,monday,W
Christ College ATM,10/06/2013,115,40,75,521800,170100,351700,monday,W
Big Street ATM,11/06/2013,135,37,98,484000,186300,297700,tuesday,W
Mount Road ATM,11/06/2013,190,96,94,784700,488200,296500,tuesday,W
Airport ATM,11/06/2013,108,89,19,596400,539600,56800,tuesday,W
KK Nagar ATM,11/06/2013,308,244,64,1520500,1284300,236200,tuesday,W
Christ College ATM,11/06/2013,136,43,93,584900,225700,359200,tuesday,W
Big Street ATM,12/06/2013,110,29,81,341500,109200,232300,wednesday,W
Mount Road ATM,12/06/2013,128,59,69,482400,256400,226000,wednesday,W
Airport ATM,12/06/2013,116,80,36,557900,452600,105300,wednesday,W
KK Nagar ATM,12/06/2013,246,167,79,975200,720900,254300,wednesday,W
Christ College ATM,12/06/2013,111,49,62,528100,247400,280700,wednesday,W
Big Street ATM,13/06/2013,102,27,75,325500,99600,225900,thursday,W
Mount Road ATM,13/06/2013,167,81,86,521500,283000,238500,thursday,W
Airport ATM,13/06/2013,106,81,25,566500,482300,84200,thursday,W
KK Nagar ATM,13/06/2013,159,120,39,740300,626000,114300,thursday,W
Christ College ATM,13/06/2013,76,34,42,335000,190900,144100,thursday,W
Big Street ATM,14/06/2013,104,34,70,382900,212300,170600,friday,W
Mount Road ATM,14/06/2013,151,69,82,493000,360600,132400,friday,W
Airport ATM,14/06/2013,97,73,24,551000,448400,102600,friday,W
KK Nagar ATM,14/06/2013,255,183,72,1354100,999800,354300,friday,W
Christ College ATM,14/06/2013,104,50,54,477100,255700,221400,friday,W
Big Street ATM,15/06/2013,120,43,77,421900,179700,242200,saturday,H
Mount Road ATM,15/06/2013,176,78,98,649800,389000,260800,saturday,H
Airport ATM,15/06/2013,156,116,40,799400,642000,157400,saturday,H
KK Nagar ATM,15/06/2013,310,218,92,1268600,888100,380500,saturday,H
Christ College ATM,15/06/2013,111,50,61,562000,329100,232900,saturday,H
Big Street ATM,16/06/2013,111,22,89,332700,94000,238700,sunday,H
Mount Road ATM,16/06/2013,113,26,87,223500,64800,158700,sunday,H
Airport ATM,16/06/2013,28,21,7,155800,123400,32400,sunday,H
KK Nagar ATM,16/06/2013,103,62,41,313700,203400,110300,sunday,H
Christ College ATM,16/06/2013,72,36,36,307000,194700,112300,sunday,H
Big Street ATM,17/06/2013,118,45,73,387200,167300,219900,monday,W
Mount Road ATM,17/06/2013,141,74,67,627700,412400,215300,monday,W
Airport ATM,17/06/2013,93,74,19,413300,319500,93800,monday,W
KK Nagar ATM,17/06/2013,303,240,63,1483200,1185700,297500,monday,W
Christ College ATM,17/06/2013,120,54,66,532700,272900,259800,monday,W
Big Street ATM,18/06/2013,115,32,83,397300,142400,254900,tuesday,W
Mount Road ATM,18/06/2013,191,72,119,557000,243300,313700,tuesday,W
Airport ATM,18/06/2013,117,86,31,444700,365700,79000,tuesday,W
KK Nagar ATM,18/06/2013,256,194,62,1048100,773600,274500,tuesday,W
Christ College ATM,18/06/2013,85,51,34,323700,249800,73900,tuesday,W
Big Street ATM,19/06/2013,97,40,57,344000,192100,151900,wednesday,W
Mount Road ATM,19/06/2013,173,63,110,592200,298000,294200,wednesday,W
Airport ATM,19/06/2013,123,89,34,610600,496300,114300,wednesday,W
KK Nagar ATM,19/06/2013,248,194,54,1228500,1000400,228100,wednesday,W
Christ College ATM,19/06/2013,111,61,50,615700,356900,258800,wednesday,W
Big Street ATM,20/06/2013,128,44,84,557700,231000,326700,thursday,W
Mount Road ATM,20/06/2013,145,69,76,630400,401400,229000,thursday,W
Airport ATM,20/06/2013,105,87,18,520500,465300,55200,thursday,W
KK Nagar ATM,20/06/2013,334,267,67,1336900,1073100,263800,thursday,W
Christ College ATM,20/06/2013,87,49,38,263800,150000,113800,thursday,W
Big Street ATM,21/06/2013,84,23,61,268600,85200,183400,friday,W
Mount Road ATM,21/06/2013,161,96,65,755700,567000,188700,friday,W
Airport ATM,21/06/2013,96,69,27,450900,383200,67700,friday,W
KK Nagar ATM,21/06/2013,251,170,81,1001300,712400,288900,friday,W
Christ College ATM,21/06/2013,89,39,50,447900,259200,188700,friday,W
Big Street ATM,22/06/2013,141,51,90,463800,225400,238400,saturday,H
Mount Road ATM,22/06/2013,160,83,77,520200,313900,206300,saturday,H
Airport ATM,22/06/2013,147,108,39,721800,546500,175300,saturday,H
KK Nagar ATM,22/06/2013,268,173,95,1123700,792200,331500,saturday,H
Christ College ATM,22/06/2013,154,65,89,780500,495600,284900,saturday,H
Big Street ATM,23/06/2013,98,28,70,179800,49600,130200,sunday,H
Mount Road ATM,23/06/2013,93,34,59,243500,142200,101300,sunday,H
Airport ATM,23/06/2013,122,77,45,388600,311700,76900,sunday,H
KK Nagar ATM,23/06/2013,115,94,21,359200,323600,35600,sunday,H
Christ College ATM,23/06/2013,106,29,77,298200,116800,181400,sunday,H
Big Street ATM,24/06/2013,93,29,64,218800,92400,126400,monday,W
Mount Road ATM,24/06/2013,169,94,75,606000,436200,169800,monday,W
Airport ATM,24/06/2013,113,89,24,462000,390600,71400,monday,W
KK Nagar ATM,24/06/2013,271,191,80,1153700,886200,267500,monday,W
Christ College ATM,24/06/2013,93,55,38,332200,231000,101200,monday,W
Big Street ATM,25/06/2013,68,29,39,196000,106800,89200,tuesday,W
Mount Road ATM,25/06/2013,78,39,39,206700,133100,73600,tuesday,W
Airport ATM,25/06/2013,38,25,13,145100,90600,54500,tuesday,W
KK Nagar ATM,25/06/2013,235,179,56,1120300,930200,190100,tuesday,W
Christ College ATM,25/06/2013,107,55,52,550200,290100,260100,tuesday,W
Big Street ATM,26/06/2013,55,24,31,162100,75900,86200,wednesday,W
Mount Road ATM,26/06/2013,164,77,87,672500,369400,303100,wednesday,W
Airport ATM,26/06/2013,118,92,26,574000,475800,98200,wednesday,W
KK Nagar ATM,26/06/2013,294,196,98,1264900,820500,444400,wednesday,W
Christ College ATM,26/06/2013,95,53,42,506000,365100,140900,wednesday,W
Big Street ATM,27/06/2013,100,38,62,346000,110600,235400,thursday,W
Mount Road ATM,27/06/2013,153,82,71,519900,359200,160700,thursday,W
Airport ATM,27/06/2013,94,65,29,410600,273800,136800,thursday,W
KK Nagar ATM,27/06/2013,189,154,35,816100,681800,134300,thursday,W
Christ College ATM,27/06/2013,116,52,64,451400,247900,203500,thursday,W
Big Street ATM,28/06/2013,93,29,64,320800,124400,196400,friday,W
Mount Road ATM,28/06/2013,132,65,67,495400,266400,229000,friday,W
Airport ATM,28/06/2013,97,79,18,647300,607300,40000,friday,W
KK Nagar ATM,28/06/2013,294,206,88,1351300,961000,390300,friday,W
Christ College ATM,28/06/2013,113,50,63,446100,254400,191700,friday,W
Big Street ATM,29/06/2013,128,52,76,407100,164600,242500,saturday,H
Mount Road ATM,29/06/2013,220,87,133,912600,542900,369700,saturday,H
Airport ATM,29/06/2013,128,89,39,763400,549300,214100,saturday,H
KK Nagar ATM,29/06/2013,342,257,85,1458400,1056900,401500,saturday,H
Christ College ATM,29/06/2013,157,86,71,802000,496600,305400,saturday,H
Big Street ATM,30/06/2013,133,36,97,425600,160700,264900,sunday,H
Mount Road ATM,30/06/2013,194,51,143,575700,212900,362800,sunday,H
Airport ATM,30/06/2013,170,114,56,827200,602600,224600,sunday,H
KK Nagar ATM,30/06/2013,185,103,82,644700,238400,406300,sunday,H
Christ College ATM,30/06/2013,123,25,98,477200,117700,359500,sunday,H
Big Street ATM,01/07/2013,90,48,42,273400,141200,132200,monday,W
Mount Road ATM,01/07/2013,167,114,53,741700,570400,171300,monday,W
Airport ATM,01/07/2013,141,121,20,682600,628100,54500,monday,W
KK Nagar ATM,01/07/2013,344,292,52,2091800,1802300,289500,monday,W
Christ College ATM,01/07/2013,117,80,37,679100,457800,221300,monday,W
Big Street ATM,02/07/2013,91,32,59,342500,104200,238300,tuesday,W
Mount Road ATM,02/07/2013,159,74,85,592600,327900,264700,tuesday,W
Airport ATM,02/07/2013,94,75,19,404000,329800,74200,tuesday,W
KK Nagar ATM,02/07/2013,306,247,59,1546200,1318400,227800,tuesday,W
Christ College ATM,02/07/2013,193,82,111,875100,379900,495200,tuesday,W
Big Street ATM,03/07/2013,113,29,84,426300,107400,318900,wednesday,W
Mount Road ATM,03/07/2013,241,77,164,932700,355800,576900,wednesday,W
Airport ATM,03/07/2013,137,103,34,800000,681000,119000,wednesday,W
KK Nagar ATM,03/07/2013,327,224,103,1487800,987600,500200,wednesday,W
Christ College ATM,03/07/2013,182,80,102,867000,454900,412100,wednesday,W
Big Street ATM,04/07/2013,148,35,113,568600,179500,389100,thursday,W
Mount Road ATM,04/07/2013,230,80,150,899700,384300,515400,thursday,W
Airport ATM,04/07/2013,136,83,53,666200,423600,242600,thursday,W
KK Nagar ATM,04/07/2013,345,218,127,1748300,1165200,583100,thursday,W
Christ College ATM,04/07/2013,217,76,141,1042900,403300,639600,thursday,W
Big Street ATM,05/07/2013,116,38,78,375400,112500,262900,friday,W
Mount Road ATM,05/07/2013,235,100,135,937400,475400,462000,friday,W
Airport ATM,05/07/2013,121,90,31,704400,623000,81400,friday,W
KK Nagar ATM,05/07/2013,305,204,101,1342100,930400,411700,friday,W
Christ College ATM,05/07/2013,230,93,137,1202700,498500,704200,friday,W
Big Street ATM,06/07/2013,105,29,76,334300,114400,219900,saturday,H
Mount Road ATM,06/07/2013,246,127,119,920700,599500,321200,saturday,H
Airport ATM,06/07/2013,100,67,33,517800,397700,120100,saturday,H
KK Nagar ATM,06/07/2013,345,256,89,1464000,1152400,311600,saturday,H
Christ College ATM,06/07/2013,133,69,64,696200,430600,265600,saturday,H
Big Street ATM,07/07/2013,144,38,106,531100,118800,412300,sunday,H
Mount Road ATM,07/07/2013,203,41,162,588400,191300,397100,sunday,H
Airport ATM,07/07/2013,145,92,53,593500,448100,145400,sunday,H
KK Nagar ATM,07/07/2013,169,103,66,616400,406600,209800,sunday,H
Christ College ATM,07/07/2013,93,34,59,328900,142800,186100,sunday,H
Big Street ATM,08/07/2013,100,34,66,328400,84800,243600,monday,W
Mount Road ATM,08/07/2013,156,83,73,570500,404900,165600,monday,W
Airport ATM,08/07/2013,135,101,34,624700,522000,102700,monday,W
KK Nagar ATM,08/07/2013,320,225,95,1617400,1221700,395700,monday,W
Christ College ATM,08/07/2013,165,67,98,812500,463600,348900,monday,W
Big Street ATM,09/07/2013,127,40,87,509900,135000,374900,tuesday,W
Mount Road ATM,09/07/2013,165,81,84,549600,369300,180300,tuesday,W
Airport ATM,09/07/2013,104,68,36,501600,398300,103300,tuesday,W
KK Nagar ATM,09/07/2013,306,221,85,1274500,979400,295100,tuesday,W
Christ College ATM,09/07/2013,158,68,90,617900,331300,286600,tuesday,W
Big Street ATM,10/07/2013,126,33,93,471700,150100,321600,wednesday,W
Mount Road ATM,10/07/2013,152,63,89,509700,189200,320500,wednesday,W
Airport ATM,10/07/2013,140,113,27,785000,662700,122300,wednesday,W
KK Nagar ATM,10/07/2013,319,244,75,1825600,1474100,351500,wednesday,W
Christ College ATM,10/07/2013,124,65,59,689900,450000,239900,wednesday,W
Big Street ATM,11/07/2013,115,33,82,357200,150900,206300,thursday,W
Mount Road ATM,11/07/2013,46,28,18,110300,77200,33100,thursday,W
Airport ATM,11/07/2013,135,95,40,648100,464200,183900,thursday,W
KK Nagar ATM,11/07/2013,296,212,84,1291900,915800,376100,thursday,W
Christ College ATM,11/07/2013,147,61,86,666400,370300,296100,thursday,W
Big Street ATM,12/07/2013,94,43,51,280600,170700,109900,friday,W
Mount Road ATM,12/07/2013,153,74,79,689500,407100,282400,friday,W
Airport ATM,12/07/2013,108,80,28,413700,340000,73700,friday,W
KK Nagar ATM,12/07/2013,261,199,62,1143500,892000,251500,friday,W
Christ College ATM,12/07/2013,128,51,77,547800,277500,270300,friday,W
Big Street ATM,13/07/2013,84,27,57,285500,149900,135600,saturday,H
Mount Road ATM,13/07/2013,152,81,71,399900,193600,206300,saturday,H
Airport ATM,13/07/2013,160,137,23,1027600,963300,64300,saturday,H
KK Nagar ATM,13/07/2013,302,226,76,1277100,955200,321900,saturday,H
Christ College ATM,13/07/2013,89,50,39,415200,283400,131800,saturday,H
Big Street ATM,14/07/2013,57,29,28,175200,122200,53000,sunday,H
Mount Road ATM,14/07/2013,54,27,27,108600,66600,42000,sunday,H
Airport ATM,14/07/2013,63,55,8,228700,210900,17800,sunday,H
KK Nagar ATM,14/07/2013,103,93,10,376800,354200,22600,sunday,H
Christ College ATM,14/07/2013,28,23,5,138800,123700,15100,sunday,H
Big Street ATM,15/07/2013,97,51,46,341500,217700,123800,monday,W
Mount Road ATM,15/07/2013,104,76,28,401700,335800,65900,monday,W
Airport ATM,15/07/2013,101,91,10,511300,488800,22500,monday,W
KK Nagar ATM,15/07/2013,254,208,46,1095200,883900,211300,monday,W
Christ College ATM,15/07/2013,105,74,31,588600,438200,150400,monday,W
Big Street ATM,16/07/2013,128,43,85,475300,257400,217900,tuesday,W
Mount Road ATM,16/07/2013,182,89,93,570400,328100,242300,tuesday,W
Airport ATM,16/07/2013,120,89,31,656700,561000,95700,tuesday,W
KK Nagar ATM,16/07/2013,263,188,75,1202600,881800,320800,tuesday,W
Christ College ATM,16/07/2013,106,54,52,450100,264200,185900,tuesday,W
Big Street ATM,17/07/2013,153,34,119,517800,191100,326700,wednesday,W
Mount Road ATM,17/07/2013,171,70,101,551300,301700,249600,wednesday,W
Airport ATM,17/07/2013,163,113,50,815300,643500,171800,wednesday,W
KK Nagar ATM,17/07/2013,274,177,97,1209600,855400,354200,wednesday,W
Christ College ATM,17/07/2013,160,64,96,792800,480700,312100,wednesday,W
Big Street ATM,18/07/2013,159,30,129,431200,156800,274400,thursday,W
Mount Road ATM,18/07/2013,174,48,126,482900,142100,340800,thursday,W
Airport ATM,18/07/2013,71,34,37,254700,121600,133100,thursday,W
KK Nagar ATM,18/07/2013,423,302,121,1804900,1345800,459100,thursday,W
Christ College ATM,18/07/2013,177,72,105,886900,537900,349000,thursday,W
Big Street ATM,19/07/2013,117,30,87,484700,186500,298200,friday,W
Mount Road ATM,19/07/2013,162,79,83,562700,334400,228300,friday,W
Airport ATM,19/07/2013,91,65,26,359000,282400,76600,friday,W
KK Nagar ATM,19/07/2013,239,190,49,950900,756300,194600,friday,W
Christ College ATM,19/07/2013,140,46,94,527900,228600,299300,friday,W
Big Street ATM,20/07/2013,82,38,44,227200,116800,110400,saturday,H
Mount Road ATM,20/07/2013,221,79,142,726000,352100,373900,saturday,H
Airport ATM,20/07/2013,155,113,42,775800,653800,122000,saturday,H
KK Nagar ATM,20/07/2013,312,226,86,1419600,1043700,375900,saturday,H
Christ College ATM,20/07/2013,134,47,87,583100,245400,337700,saturday,H
Big Street ATM,21/07/2013,125,53,72,379800,188600,191200,sunday,H
Mount Road ATM,21/07/2013,79,24,55,192500,84400,108100,sunday,H
Airport ATM,21/07/2013,112,78,34,365300,277800,87500,sunday,H
KK Nagar ATM,21/07/2013,120,86,34,537900,427900,110000,sunday,H
Christ College ATM,21/07/2013,75,35,40,203700,110100,93600,sunday,H
Big Street ATM,22/07/2013,87,27,60,295800,136300,159500,monday,W
Mount Road ATM,22/07/2013,133,64,69,395900,245200,150700,monday,W
Airport ATM,22/07/2013,124,94,30,663500,542400,121100,monday,W
KK Nagar ATM,22/07/2013,247,187,60,1066000,813300,252700,monday,W
Christ College ATM,22/07/2013,104,53,51,356900,213100,143800,monday,W
Big Street ATM,23/07/2013,85,27,58,218800,91700,127100,tuesday,W
Mount Road ATM,23/07/2013,145,84,61,410200,264800,145400,tuesday,W
Airport ATM,23/07/2013,109,87,22,516700,443400,73300,tuesday,W
KK Nagar ATM,23/07/2013,195,146,49,720800,571200,149600,tuesday,W
Christ College ATM,23/07/2013,106,64,42,546400,376600,169800,tuesday,W
Big Street ATM,24/07/2013,109,34,75,285600,95800,189800,wednesday,W
Mount Road ATM,24/07/2013,126,61,65,416100,242900,173200,wednesday,W
Airport ATM,24/07/2013,95,71,24,292900,230300,62600,wednesday,W
KK Nagar ATM,24/07/2013,239,180,59,1138200,936100,202100,wednesday,W
Christ College ATM,24/07/2013,41,30,11,254200,190700,63500,wednesday,W
Big Street ATM,25/07/2013,86,28,58,272700,121700,151000,thursday,W
Mount Road ATM,25/07/2013,117,69,48,267900,141700,126200,thursday,W
Airport ATM,25/07/2013,110,81,29,528400,433400,95000,thursday,W
KK Nagar ATM,25/07/2013,302,244,58,1232400,1009000,223400,thursday,W
Christ College ATM,25/07/2013,100,51,49,511700,281600,230100,thursday,W
Big Street ATM,26/07/2013,101,41,60,295200,157500,137700,friday,W
Mount Road ATM,26/07/2013,141,76,65,364500,212400,152100,friday,W
Airport ATM,26/07/2013,115,81,34,512500,451000,61500,friday,W
KK Nagar ATM,26/07/2013,250,211,39,1083500,932000,151500,friday,W
Christ College ATM,26/07/2013,107,68,39,486800,366600,120200,friday,W
Big Street ATM,27/07/2013,90,30,60,199700,72700,127000,saturday,H
Mount Road ATM,27/07/2013,172,88,84,560300,373000,187300,saturday,H
Airport ATM,27/07/2013,137,97,40,577000,462500,114500,saturday,H
KK Nagar ATM,27/07/2013,285,221,64,1093000,879100,213900,saturday,H
Christ College ATM,27/07/2013,145,69,76,628800,437200,191600,saturday,H
Big Street ATM,28/07/2013,120,39,81,324400,162500,161900,sunday,H
Mount Road ATM,28/07/2013,2,2,0,13500,13500,0,sunday,H
Airport ATM,28/07/2013,120,76,44,446000,354700,91300,sunday,H
KK Nagar ATM,28/07/2013,192,131,61,741900,568300,173600,sunday,H
Christ College ATM,28/07/2013,92,40,52,291900,194400,97500,sunday,H
Big Street ATM,29/07/2013,71,28,43,297400,132400,165000,monday,W
Mount Road ATM,29/07/2013,126,71,55,356300,236300,120000,monday,W
Airport ATM,29/07/2013,81,62,19,383000,324500,58500,monday,W
KK Nagar ATM,29/07/2013,316,238,78,1214100,929600,284500,monday,W
Christ College ATM,29/07/2013,161,51,110,606600,222400,384200,monday,W
Big Street ATM,30/07/2013,76,27,49,259700,129000,130700,tuesday,W
Mount Road ATM,30/07/2013,138,87,51,445200,319300,125900,tuesday,W
Airport ATM,30/07/2013,105,84,21,459400,402500,56900,tuesday,W
KK Nagar ATM,30/07/2013,247,184,63,1028000,750800,277200,tuesday,W
Christ College ATM,30/07/2013,120,55,65,401200,193800,207400,tuesday,W
Big Street ATM,31/07/2013,63,29,34,240500,142800,97700,wednesday,W
Mount Road ATM,31/07/2013,184,103,81,780800,482400,298400,wednesday,W
Airport ATM,31/07/2013,141,107,34,622600,550500,72100,wednesday,W
KK Nagar ATM,31/07/2013,273,225,48,1301400,1118900,182500,wednesday,W
Christ College ATM,31/07/2013,208,68,140,821800,367700,454100,wednesday,W
Big Street ATM,01/08/2013,127,46,81,495900,228100,267800,thursday,W
Mount Road ATM,01/08/2013,77,48,29,386200,260900,125300,thursday,W
Airport ATM,01/08/2013,161,119,42,824000,619900,204100,thursday,W
KK Nagar ATM,01/08/2013,348,250,98,1741900,1252100,489800,thursday,W
Christ College ATM,01/08/2013,161,69,92,750600,324300,426300,thursday,W
Big Street ATM,02/08/2013,139,36,103,586900,245900,341000,friday,W
Mount Road ATM,02/08/2013,29,18,11,48400,29900,18500,friday,W
Airport ATM,02/08/2013,175,150,25,1037400,924500,112900,friday,W
KK Nagar ATM,02/08/2013,304,223,81,1573100,1200100,373000,friday,W
Christ College ATM,02/08/2013,194,65,129,956800,371100,585700,friday,W
Big Street ATM,03/08/2013,93,24,69,292900,102500,190400,saturday,H
Mount Road ATM,03/08/2013,195,85,110,502900,206900,296000,saturday,H
Airport ATM,03/08/2013,188,136,52,1125300,918700,206600,saturday,H
KK Nagar ATM,03/08/2013,309,232,77,1427300,1100300,327000,saturday,H
Christ College ATM,03/08/2013,164,42,122,740200,167200,573000,saturday,H
Big Street ATM,04/08/2013,137,27,110,373100,63500,309600,sunday,H
Mount Road ATM,04/08/2013,232,45,187,597300,150000,447300,sunday,H
Airport ATM,04/08/2013,159,102,57,565000,375100,189900,sunday,H
KK Nagar ATM,04/08/2013,144,81,63,553400,332700,220700,sunday,H
Christ College ATM,04/08/2013,90,32,58,283000,79400,203600,sunday,H
Big Street ATM,05/08/2013,97,34,63,362800,186300,176500,monday,W
Mount Road ATM,05/08/2013,198,113,85,887000,594200,292800,monday,W
Airport ATM,05/08/2013,170,118,52,816800,587100,229700,monday,W
KK Nagar ATM,05/08/2013,316,246,70,1594900,1265600,329300,monday,W
Christ College ATM,05/08/2013,181,79,102,950000,518400,431600,monday,W
Big Street ATM,06/08/2013,97,32,65,292200,84300,207900,tuesday,W
Mount Road ATM,06/08/2013,189,90,99,733100,389000,344100,tuesday,W
Airport ATM,06/08/2013,122,81,41,617900,444100,173800,tuesday,W
KK Nagar ATM,06/08/2013,237,188,49,1201500,984200,217300,tuesday,W
Christ College ATM,06/08/2013,174,64,110,747000,249400,497600,tuesday,W
Big Street ATM,07/08/2013,111,43,68,444300,247600,196700,wednesday,W
Mount Road ATM,07/08/2013,176,103,73,672500,414200,258300,wednesday,W
Airport ATM,07/08/2013,154,97,57,820800,578500,242300,wednesday,W
KK Nagar ATM,07/08/2013,235,172,63,1302300,1027600,274700,wednesday,W
Christ College ATM,07/08/2013,37,14,23,180400,90000,90400,wednesday,W
Big Street ATM,08/08/2013,109,50,59,363300,155600,207700,thursday,W
Mount Road ATM,08/08/2013,199,117,82,638000,398400,239600,thursday,W
Airport ATM,08/08/2013,137,108,29,755200,638500,116700,thursday,W
KK Nagar ATM,08/08/2013,286,236,50,1372400,1173200,199200,thursday,W
Christ College ATM,08/08/2013,180,65,115,922300,374400,547900,thursday,W
Big Street ATM,09/08/2013,127,30,97,335700,63400,272300,friday,W
Mount Road ATM,09/08/2013,150,53,97,283400,94900,188500,friday,W
Airport ATM,09/08/2013,133,73,60,520900,358800,162100,friday,W
KK Nagar ATM,09/08/2013,208,122,86,902000,520100,381900,friday,W
Christ College ATM,09/08/2013,105,19,86,363800,60900,302900,friday,W
Big Street ATM,10/08/2013,100,39,61,439200,238000,201200,saturday,H
Mount Road ATM,10/08/2013,183,96,87,721600,474700,246900,saturday,H
Airport ATM,10/08/2013,114,89,25,536100,450400,85700,saturday,H
KK Nagar ATM,10/08/2013,296,208,88,1417100,1041000,376100,saturday,H
Christ College ATM,10/08/2013,97,49,48,449700,225600,224100,saturday,H
Big Street ATM,11/08/2013,109,44,65,428000,259900,168100,sunday,H
Mount Road ATM,11/08/2013,121,27,94,296900,72400,224500,sunday,H
Airport ATM,11/08/2013,54,31,23,192300,80600,111700,sunday,H
KK Nagar ATM,11/08/2013,127,70,57,497000,291300,205700,sunday,H
Christ College ATM,11/08/2013,139,37,102,473400,127200,346200,sunday,H
Big Street ATM,12/08/2013,97,38,59,338000,137300,200700,monday,W
Mount Road ATM,12/08/2013,159,82,77,524500,289200,235300,monday,W
Airport ATM,12/08/2013,143,108,35,766100,602600,163500,monday,W
KK Nagar ATM,12/08/2013,303,217,86,1400600,1037600,363000,monday,W
Christ College ATM,12/08/2013,158,60,98,808200,419100,389100,monday,W
Big Street ATM,13/08/2013,95,26,69,350600,111100,239500,tuesday,W
Mount Road ATM,13/08/2013,172,110,62,567600,410100,157500,tuesday,W
Airport ATM,13/08/2013,142,93,49,726800,542800,184000,tuesday,W
KK Nagar ATM,13/08/2013,263,196,67,1330200,1007800,322400,tuesday,W
Christ College ATM,13/08/2013,169,95,74,897400,583600,313800,tuesday,W
Big Street ATM,14/08/2013,150,57,93,608800,344100,264700,wednesday,W
Mount Road ATM,14/08/2013,140,83,57,455700,337200,118500,wednesday,W
Airport ATM,14/08/2013,115,81,34,461300,334800,126500,wednesday,W
KK Nagar ATM,14/08/2013,259,197,62,1140900,901400,239500,wednesday,W
Christ College ATM,14/08/2013,116,52,64,554300,296900,257400,wednesday,W
Mount Road ATM,15/08/2013,128,50,78,433100,261800,171300,thursday,H
Airport ATM,15/08/2013,109,82,27,444200,367000,77200,thursday,H
KK Nagar ATM,15/08/2013,215,161,54,759300,593000,166300,thursday,H
Christ College ATM,15/08/2013,65,20,45,198600,123200,75400,thursday,H
Big Street ATM,16/08/2013,103,45,58,306200,163600,142600,friday,W
Mount Road ATM,16/08/2013,195,127,68,750400,634200,116200,friday,W
Airport ATM,16/08/2013,116,95,21,522000,449100,72900,friday,W
KK Nagar ATM,16/08/2013,210,164,46,776200,592500,183700,friday,W
Christ College ATM,16/08/2013,134,47,87,627900,290700,337200,friday,W
Big Street ATM,17/08/2013,73,18,55,180100,46200,133900,saturday,H
Mount Road ATM,17/08/2013,202,87,115,740600,399500,341100,saturday,H
Airport ATM,17/08/2013,133,109,24,577400,454400,123000,saturday,H
KK Nagar ATM,17/08/2013,268,208,60,1015600,830200,185400,saturday,H
Christ College ATM,17/08/2013,131,55,76,671000,400700,270300,saturday,H
Big Street ATM,18/08/2013,151,35,116,440600,198900,241700,sunday,H
Mount Road ATM,18/08/2013,146,38,108,354200,170700,183500,sunday,H
Airport ATM,18/08/2013,124,83,41,459100,313300,145800,sunday,H
KK Nagar ATM,18/08/2013,115,92,23,367900,327800,40100,sunday,H
Christ College ATM,18/08/2013,86,32,54,196500,101000,95500,sunday,H
Big Street ATM,19/08/2013,129,49,80,460500,184600,275900,monday,W
Mount Road ATM,19/08/2013,168,80,88,595400,352600,242800,monday,W
Airport ATM,19/08/2013,111,82,29,552100,473200,78900,monday,W
KK Nagar ATM,19/08/2013,275,211,64,1195200,939700,255500,monday,W
Christ College ATM,19/08/2013,114,50,64,546400,282200,264200,monday,W
Big Street ATM,20/08/2013,123,38,85,343800,133300,210500,tuesday,W
Mount Road ATM,20/08/2013,180,85,95,536400,263700,272700,tuesday,W
Airport ATM,20/08/2013,125,95,30,645600,524700,120900,tuesday,W
KK Nagar ATM,20/08/2013,199,159,40,883200,784800,98400,tuesday,W
Christ College ATM,20/08/2013,140,62,78,507500,281800,225700,tuesday,W
Big Street ATM,21/08/2013,101,30,71,291700,107500,184200,wednesday,W
Mount Road ATM,21/08/2013,144,80,64,583600,357300,226300,wednesday,W
Airport ATM,21/08/2013,132,106,26,593400,516800,76600,wednesday,W
KK Nagar ATM,21/08/2013,243,204,39,1474200,1278300,195900,wednesday,W
Christ College ATM,21/08/2013,103,63,40,564100,461800,102300,wednesday,W
Big Street ATM,22/08/2013,93,32,61,220800,100200,120600,thursday,W
Mount Road ATM,22/08/2013,179,107,72,585700,379400,206300,thursday,W
Airport ATM,22/08/2013,104,81,23,512300,448500,63800,thursday,W
KK Nagar ATM,22/08/2013,206,155,51,1011700,786800,224900,thursday,W
Christ College ATM,22/08/2013,132,53,79,572600,333500,239100,thursday,W
Big Street ATM,23/08/2013,99,34,65,265000,134000,131000,friday,W
Mount Road ATM,23/08/2013,150,98,52,419400,323000,96400,friday,W
Airport ATM,23/08/2013,93,69,24,440800,355700,85100,friday,W
KK Nagar ATM,23/08/2013,221,170,51,948900,739800,209100,friday,W
Christ College ATM,23/08/2013,123,73,50,683900,460900,223000,friday,W
Big Street ATM,24/08/2013,113,40,73,331400,171700,159700,saturday,H
Mount Road ATM,24/08/2013,180,98,82,627100,470100,157000,saturday,H
Airport ATM,24/08/2013,103,84,19,391900,337600,54300,saturday,H
KK Nagar ATM,24/08/2013,232,182,50,776600,636500,140100,saturday,H
Christ College ATM,24/08/2013,51,28,23,286200,167900,118300,saturday,H
Big Street ATM,25/08/2013,138,48,90,334000,214500,119500,sunday,H
Mount Road ATM,25/08/2013,135,54,81,362400,194800,167600,sunday,H
Airport ATM,25/08/2013,136,112,24,710200,646100,64100,sunday,H
KK Nagar ATM,25/08/2013,11,9,2,25700,24500,1200,sunday,H
Big Street ATM,26/08/2013,85,28,57,342300,186300,156000,monday,W
Mount Road ATM,26/08/2013,138,81,57,360200,255800,104400,monday,W
Airport ATM,26/08/2013,145,105,40,752700,600500,152200,monday,W
KK Nagar ATM,26/08/2013,234,187,47,1215500,1050800,164700,monday,W
Christ College ATM,26/08/2013,76,32,44,233300,132900,100400,monday,W
Big Street ATM,27/08/2013,105,41,64,304700,145900,158800,tuesday,W
Mount Road ATM,27/08/2013,185,108,77,762700,506700,256000,tuesday,W
Airport ATM,27/08/2013,125,88,37,560300,432500,127800,tuesday,W
KK Nagar ATM,27/08/2013,245,184,61,1153800,949900,203900,tuesday,W
Christ College ATM,27/08/2013,139,47,92,734500,245800,488700,tuesday,W
Big Street ATM,28/08/2013,107,40,67,294600,134900,159700,wednesday,W
Mount Road ATM,28/08/2013,121,48,73,340700,208600,132100,wednesday,W
Airport ATM,28/08/2013,107,74,33,454900,365700,89200,wednesday,W
KK Nagar ATM,28/08/2013,179,126,53,754700,572100,182600,wednesday,W
Christ College ATM,28/08/2013,103,42,61,376000,191700,184300,wednesday,W
Big Street ATM,29/08/2013,89,25,64,191900,39800,152100,thursday,W
Mount Road ATM,29/08/2013,141,93,48,763300,660300,103000,thursday,W
Airport ATM,29/08/2013,122,101,21,588400,526800,61600,thursday,W
KK Nagar ATM,29/08/2013,191,157,34,924800,809500,115300,thursday,W
Christ College ATM,29/08/2013,150,68,82,608400,370300,238100,thursday,W
Big Street ATM,30/08/2013,106,40,66,347500,145100,202400,friday,W
Mount Road ATM,30/08/2013,145,77,68,429400,218600,210800,friday,W
Airport ATM,30/08/2013,84,58,26,395400,320800,74600,friday,W
KK Nagar ATM,30/08/2013,257,202,55,1402000,1213500,188500,friday,W
Christ College ATM,30/08/2013,162,53,109,673800,239800,434000,friday,W
Big Street ATM,31/08/2013,96,29,67,396300,170700,225600,saturday,H
Mount Road ATM,31/08/2013,177,101,76,728200,517200,211000,saturday,H
Airport ATM,31/08/2013,174,128,46,1024000,890700,133300,saturday,H
KK Nagar ATM,31/08/2013,319,233,86,1675800,1250000,425800,saturday,H
Christ College ATM,31/08/2013,154,58,96,736400,285400,451000,saturday,H
Big Street ATM,01/09/2013,129,47,82,417800,143100,274700,sunday,H
Mount Road ATM,01/09/2013,123,47,76,403400,175300,228100,sunday,H
Airport ATM,01/09/2013,145,100,45,829800,653800,176000,sunday,H
KK Nagar ATM,01/09/2013,219,155,64,997200,677800,319400,sunday,H
Christ College ATM,01/09/2013,140,56,84,619100,220200,398900,sunday,H
Big Street ATM,02/09/2013,85,20,65,312200,64400,247800,monday,W
Mount Road ATM,02/09/2013,180,107,73,759100,521500,237600,monday,W
Airport ATM,02/09/2013,153,107,46,735500,548900,186600,monday,W
KK Nagar ATM,02/09/2013,256,187,69,1236400,959800,276600,monday,W
Christ College ATM,02/09/2013,162,56,106,817800,305900,511900,monday,W
Big Street ATM,03/09/2013,119,39,80,368500,135600,232900,tuesday,W
Mount Road ATM,03/09/2013,208,94,114,882200,459400,422800,tuesday,W
Airport ATM,03/09/2013,160,119,41,747200,575300,171900,tuesday,W
KK Nagar ATM,03/09/2013,303,218,85,1554100,1135400,418700,tuesday,W
Christ College ATM,03/09/2013,157,59,98,838200,406700,431500,tuesday,W
Big Street ATM,04/09/2013,125,44,81,344600,136100,208500,wednesday,W
Mount Road ATM,04/09/2013,208,106,102,849500,469700,379800,wednesday,W
Airport ATM,04/09/2013,88,59,29,374000,253200,120800,wednesday,W
KK Nagar ATM,04/09/2013,360,272,88,2033200,1532500,500700,wednesday,W
Christ College ATM,04/09/2013,220,60,160,964500,342100,622400,wednesday,W
Big Street ATM,05/09/2013,121,41,80,295100,92900,202200,thursday,W
Mount Road ATM,05/09/2013,193,98,95,829100,525300,303800,thursday,W
Airport ATM,05/09/2013,135,101,34,656600,533800,122800,thursday,W
KK Nagar ATM,05/09/2013,251,184,67,1284200,953000,331200,thursday,W
Christ College ATM,05/09/2013,156,58,98,828100,417900,410200,thursday,W
Big Street ATM,06/09/2013,131,44,87,377800,118500,259300,friday,W
Mount Road ATM,06/09/2013,193,97,96,819800,528000,291800,friday,W
Airport ATM,06/09/2013,132,93,39,633100,489200,143900,friday,W
KK Nagar ATM,06/09/2013,239,175,64,1040200,807800,232400,friday,W
Christ College ATM,06/09/2013,149,64,85,494200,157700,336500,friday,W
Big Street ATM,07/09/2013,150,41,109,611700,277800,333900,saturday,H
Mount Road ATM,07/09/2013,185,90,95,622500,327700,294800,saturday,H
Airport ATM,07/09/2013,132,87,45,619800,456200,163600,saturday,H
KK Nagar ATM,07/09/2013,312,227,85,1413500,1059100,354400,saturday,H
Christ College ATM,07/09/2013,130,78,52,782400,522000,260400,saturday,H
Big Street ATM,08/09/2013,166,39,127,479300,161600,317700,sunday,H
Mount Road ATM,08/09/2013,113,33,80,290100,125700,164400,sunday,H
Airport ATM,08/09/2013,71,39,32,326400,186400,140000,sunday,H
KK Nagar ATM,08/09/2013,235,147,88,840200,503900,336300,sunday,H
Christ College ATM,08/09/2013,73,32,41,345700,179100,166600,sunday,H
Big Street ATM,09/09/2013,119,26,93,394200,128800,265400,monday,H
Mount Road ATM,09/09/2013,102,35,67,282200,144000,138200,monday,H
Airport ATM,09/09/2013,2,0,2,1000,0,1000,monday,H
KK Nagar ATM,09/09/2013,176,117,59,653900,376700,277200,monday,H
Christ College ATM,09/09/2013,96,33,63,532900,200400,332500,monday,H
Big Street ATM,10/09/2013,138,38,100,480800,182900,297900,tuesday,W
Mount Road ATM,10/09/2013,163,94,69,723000,516500,206500,tuesday,W
Airport ATM,10/09/2013,68,51,17,368100,319300,48800,tuesday,W
KK Nagar ATM,10/09/2013,333,245,88,1210900,924300,286600,tuesday,W
Christ College ATM,10/09/2013,197,66,131,932000,410000,522000,tuesday,W
Big Street ATM,11/09/2013,106,24,82,279800,39700,240100,wednesday,W
Mount Road ATM,11/09/2013,176,89,87,733800,379100,354700,wednesday,W
Airport ATM,11/09/2013,112,75,37,529100,422300,106800,wednesday,W
KK Nagar ATM,11/09/2013,252,189,63,1292300,1022600,269700,wednesday,W
Christ College ATM,11/09/2013,120,43,77,617000,280800,336200,wednesday,W
Big Street ATM,12/09/2013,123,47,76,415600,196200,219400,thursday,W
Mount Road ATM,12/09/2013,186,100,86,594500,374700,219800,thursday,W
Airport ATM,12/09/2013,144,111,33,747100,649500,97600,thursday,W
KK Nagar ATM,12/09/2013,269,193,76,1315000,945900,369100,thursday,W
Christ College ATM,12/09/2013,116,45,71,562800,268400,294400,thursday,W
Big Street ATM,13/09/2013,129,54,75,426700,210200,216500,friday,W
Mount Road ATM,13/09/2013,154,81,73,576800,400300,176500,friday,W
Airport ATM,13/09/2013,121,91,30,508100,385600,122500,friday,W
KK Nagar ATM,13/09/2013,265,199,66,1232800,952500,280300,friday,W
Christ College ATM,13/09/2013,137,60,77,753900,476800,277100,friday,W
Big Street ATM,14/09/2013,100,38,62,362200,208800,153400,saturday,H
Mount Road ATM,14/09/2013,166,87,79,590100,342500,247600,saturday,H
Airport ATM,14/09/2013,126,97,29,658800,543900,114900,saturday,H
KK Nagar ATM,14/09/2013,270,210,60,1211700,1053100,158600,saturday,H
Christ College ATM,14/09/2013,137,57,80,650400,357800,292600,saturday,H
Big Street ATM,15/09/2013,132,32,100,424200,127500,296700,sunday,H
Mount Road ATM,15/09/2013,151,51,100,324600,135900,188700,sunday,H
Airport ATM,15/09/2013,103,60,43,439700,251300,188400,sunday,H
KK Nagar ATM,15/09/2013,142,91,51,733800,488300,245500,sunday,H
Christ College ATM,15/09/2013,129,26,103,519900,106600,413300,sunday,H
Big Street ATM,16/09/2013,91,23,68,187800,51700,136100,monday,W
Mount Road ATM,16/09/2013,169,88,81,524900,327500,197400,monday,W
Airport ATM,16/09/2013,74,60,14,459300,403600,55700,monday,W
KK Nagar ATM,16/09/2013,178,150,28,820100,722100,98000,monday,W
Christ College ATM,16/09/2013,123,35,88,411400,144500,266900,monday,W
Big Street ATM,17/09/2013,114,41,73,315700,177400,138300,tuesday,W
Mount Road ATM,17/09/2013,151,86,65,584500,407300,177200,tuesday,W
Airport ATM,17/09/2013,113,79,34,468300,385200,83100,tuesday,W
KK Nagar ATM,17/09/2013,183,133,50,752700,587800,164900,tuesday,W
Christ College ATM,17/09/2013,216,62,154,825300,272000,553300,tuesday,W
Big Street ATM,18/09/2013,84,38,46,275600,146500,129100,wednesday,W
Mount Road ATM,18/09/2013,25,21,4,32200,19600,12600,wednesday,W
Airport ATM,18/09/2013,121,80,41,623700,421200,202500,wednesday,W
KK Nagar ATM,18/09/2013,186,147,39,829900,711900,118000,wednesday,W
Christ College ATM,18/09/2013,118,52,66,498800,278500,220300,wednesday,W
Big Street ATM,19/09/2013,129,44,85,338300,146000,192300,thursday,W
Mount Road ATM,19/09/2013,195,111,84,695300,477800,217500,thursday,W
Airport ATM,19/09/2013,111,84,27,558300,462100,96200,thursday,W
KK Nagar ATM,19/09/2013,229,177,52,1087400,877700,209700,thursday,W
Christ College ATM,19/09/2013,129,65,64,530800,324100,206700,thursday,W
Big Street ATM,20/09/2013,98,35,63,160700,69400,91300,friday,W
Mount Road ATM,20/09/2013,142,90,52,512700,383900,128800,friday,W
Airport ATM,20/09/2013,92,70,22,343900,276900,67000,friday,W
KK Nagar ATM,20/09/2013,186,146,40,623400,496000,127400,friday,W
Christ College ATM,20/09/2013,127,58,69,584100,336800,247300,friday,W
Big Street ATM,21/09/2013,73,27,46,223800,110400,113400,saturday,H
Mount Road ATM,21/09/2013,173,94,79,507100,347300,159800,saturday,H
Airport ATM,21/09/2013,125,94,31,538800,468000,70800,saturday,H
KK Nagar ATM,21/09/2013,203,166,37,798200,732600,65600,saturday,H
Christ College ATM,21/09/2013,119,52,67,523800,263200,260600,saturday,H
Big Street ATM,22/09/2013,115,38,77,261000,125700,135300,sunday,H
Mount Road ATM,22/09/2013,113,38,75,245900,92800,153100,sunday,H
Airport ATM,22/09/2013,61,41,20,147000,119600,27400,sunday,H
KK Nagar ATM,22/09/2013,107,90,17,457300,409600,47700,sunday,H
Christ College ATM,22/09/2013,74,31,43,262400,67200,195200,sunday,H
Big Street ATM,23/09/2013,116,34,82,289600,137300,152300,monday,W
Mount Road ATM,23/09/2013,177,100,77,517500,358300,159200,monday,W
Airport ATM,23/09/2013,100,78,22,426800,354500,72300,monday,W
KK Nagar ATM,23/09/2013,256,187,69,1152700,952000,200700,monday,W
Christ College ATM,23/09/2013,136,56,80,499300,204100,295200,monday,W
Big Street ATM,24/09/2013,102,46,56,319000,188100,130900,tuesday,W
Mount Road ATM,24/09/2013,132,77,55,354000,189800,164200,tuesday,W
Airport ATM,24/09/2013,133,102,31,504200,419000,85200,tuesday,W
KK Nagar ATM,24/09/2013,209,159,50,797700,636600,161100,tuesday,W
Christ College ATM,24/09/2013,130,60,70,575300,260900,314400,tuesday,W
Big Street ATM,25/09/2013,106,48,58,323900,195100,128800,wednesday,W
Mount Road ATM,25/09/2013,149,88,61,493300,346100,147200,wednesday,W
Airport ATM,25/09/2013,102,77,25,384000,296300,87700,wednesday,W
KK Nagar ATM,25/09/2013,221,179,42,1196100,1057300,138800,wednesday,W
Christ College ATM,25/09/2013,119,75,44,472000,295000,177000,wednesday,W
Big Street ATM,26/09/2013,112,42,70,283700,102900,180800,thursday,W
Mount Road ATM,26/09/2013,133,89,44,354200,258700,95500,thursday,W
Airport ATM,26/09/2013,114,91,23,515000,426300,88700,thursday,W
KK Nagar ATM,26/09/2013,230,182,48,1208800,1023500,185300,thursday,W
Christ College ATM,26/09/2013,137,85,52,774200,571100,203100,thursday,W
Big Street ATM,27/09/2013,120,46,74,346900,165700,181200,friday,W
Mount Road ATM,27/09/2013,135,86,49,375400,239400,136000,friday,W
Airport ATM,27/09/2013,105,85,20,345700,275900,69800,friday,W
KK Nagar ATM,27/09/2013,236,185,51,1302100,1060700,241400,friday,W
Christ College ATM,27/09/2013,108,46,62,346200,133200,213000,friday,W
Big Street ATM,28/09/2013,107,48,59,462600,274100,188500,saturday,H
Mount Road ATM,28/09/2013,196,122,74,724600,547700,176900,saturday,H
Airport ATM,28/09/2013,130,101,29,796200,696700,99500,saturday,H
KK Nagar ATM,28/09/2013,256,191,65,923500,732400,191100,saturday,H
Christ College ATM,28/09/2013,109,69,40,773300,611400,161900,saturday,H
Big Street ATM,29/09/2013,151,47,104,536200,213900,322300,sunday,H
Mount Road ATM,29/09/2013,73,32,41,204100,95800,108300,sunday,H
Airport ATM,29/09/2013,133,75,58,489000,367300,121700,sunday,H
KK Nagar ATM,29/09/2013,137,100,37,506200,408100,98100,sunday,H
Christ College ATM,29/09/2013,127,52,75,517200,311700,205500,sunday,H
Big Street ATM,30/09/2013,110,39,71,371000,132200,238800,monday,W
Mount Road ATM,30/09/2013,166,109,57,561500,403400,158100,monday,W
Airport ATM,30/09/2013,127,105,22,742600,668800,73800,monday,W
KK Nagar ATM,30/09/2013,227,178,49,1105500,904800,200700,monday,W
Christ College ATM,30/09/2013,116,68,48,515100,289000,226100,monday,W
Big Street ATM,01/10/2013,106,40,66,391300,150800,240500,tuesday,W
Mount Road ATM,01/10/2013,205,125,80,875100,551200,323900,tuesday,W
Airport ATM,01/10/2013,138,102,36,666700,544600,122100,tuesday,W
KK Nagar ATM,01/10/2013,234,172,62,1212400,946300,266100,tuesday,W
Christ College ATM,01/10/2013,116,55,61,674500,351200,323300,tuesday,W
Big Street ATM,02/10/2013,119,26,93,436500,124300,312200,wednesday,H
Mount Road ATM,02/10/2013,220,67,153,705400,282100,423300,wednesday,H
Airport ATM,02/10/2013,130,86,44,606100,422000,184100,wednesday,H
KK Nagar ATM,02/10/2013,237,153,84,1079600,741400,338200,wednesday,H
Christ College ATM,02/10/2013,172,46,126,868500,341700,526800,wednesday,H
Big Street ATM,03/10/2013,116,29,87,400000,91200,308800,thursday,W
Mount Road ATM,03/10/2013,232,107,125,908900,556600,352300,thursday,W
Airport ATM,03/10/2013,151,112,39,813200,700900,112300,thursday,W
KK Nagar ATM,03/10/2013,315,194,121,1659000,1043300,615700,thursday,W
Christ College ATM,03/10/2013,161,74,87,713600,332400,381200,thursday,W
Big Street ATM,04/10/2013,117,45,72,366400,145100,221300,friday,W
Mount Road ATM,04/10/2013,238,113,125,930400,488700,441700,friday,W
Airport ATM,04/10/2013,150,116,34,723100,595100,128000,friday,W
KK Nagar ATM,04/10/2013,230,175,55,1215500,948300,267200,friday,W
Christ College ATM,04/10/2013,192,66,126,823700,254400,569300,friday,W
Big Street ATM,05/10/2013,128,36,92,395200,126000,269200,saturday,H
Mount Road ATM,05/10/2013,242,114,128,858900,440100,418800,saturday,H
Airport ATM,05/10/2013,173,133,40,954500,772800,181700,saturday,H
KK Nagar ATM,05/10/2013,249,188,61,1285800,1036400,249400,saturday,H
Christ College ATM,05/10/2013,224,73,151,996000,338800,657200,saturday,H
Big Street ATM,06/10/2013,149,32,117,474200,136900,337300,sunday,H
Mount Road ATM,06/10/2013,187,70,117,593800,374700,219100,sunday,H
Airport ATM,06/10/2013,77,55,22,351300,317500,33800,sunday,H
KK Nagar ATM,06/10/2013,136,97,39,645300,479300,166000,sunday,H
Christ College ATM,06/10/2013,135,57,78,526300,218200,308100,sunday,H
Big Street ATM,07/10/2013,119,40,79,366400,156000,210400,monday,W
Mount Road ATM,07/10/2013,194,118,76,865500,604700,260800,monday,W
Airport ATM,07/10/2013,137,100,37,707700,557600,150100,monday,W
KK Nagar ATM,07/10/2013,269,204,65,1338700,1055300,283400,monday,W
Christ College ATM,07/10/2013,195,53,142,864900,260400,604500,monday,W
Big Street ATM,08/10/2013,124,44,80,509600,228400,281200,tuesday,W
Mount Road ATM,08/10/2013,171,89,82,651200,428600,222600,tuesday,W
Airport ATM,08/10/2013,135,95,40,815800,636500,179300,tuesday,W
KK Nagar ATM,08/10/2013,253,185,68,1092700,829600,263100,tuesday,W
Christ College ATM,08/10/2013,132,66,66,538200,274500,263700,tuesday,W
Big Street ATM,09/10/2013,110,44,66,334900,141700,193200,wednesday,W
Mount Road ATM,09/10/2013,195,108,87,553200,339900,213300,wednesday,W
Airport ATM,09/10/2013,140,101,39,582100,438400,143700,wednesday,W
KK Nagar ATM,09/10/2013,261,192,69,1270200,918600,351600,wednesday,W
Christ College ATM,09/10/2013,216,64,152,1035000,409800,625200,wednesday,W
Big Street ATM,10/10/2013,106,42,64,446800,268300,178500,thursday,W
Mount Road ATM,10/10/2013,185,99,86,755500,506600,248900,thursday,W
Airport ATM,10/10/2013,142,105,37,801900,615100,186800,thursday,W
KK Nagar ATM,10/10/2013,220,159,61,1228200,1032200,196000,thursday,W
Christ College ATM,10/10/2013,185,64,121,881300,336100,545200,thursday,W
Big Street ATM,11/10/2013,100,45,55,343900,213600,130300,friday,W
Mount Road ATM,11/10/2013,193,106,87,736000,416400,319600,friday,W
Airport ATM,11/10/2013,133,95,38,618900,486300,132600,friday,W
KK Nagar ATM,11/10/2013,249,190,59,1201200,918200,283000,friday,W
Christ College ATM,11/10/2013,132,61,71,509300,306900,202400,friday,W
Big Street ATM,12/10/2013,136,35,101,451700,140500,311200,saturday,H
Mount Road ATM,12/10/2013,199,89,110,709900,389600,320300,saturday,H
Airport ATM,12/10/2013,158,107,51,725400,553200,172200,saturday,H
KK Nagar ATM,12/10/2013,224,166,58,1105400,844200,261200,saturday,H
Christ College ATM,12/10/2013,120,54,66,489200,253200,236000,saturday,H
Big Street ATM,13/10/2013,158,36,122,488800,200800,288000,sunday,H
Mount Road ATM,13/10/2013,161,39,122,450800,160300,290500,sunday,H
Airport ATM,13/10/2013,98,68,30,354100,280900,73200,sunday,H
KK Nagar ATM,13/10/2013,114,78,36,362700,264700,98000,sunday,H
Christ College ATM,13/10/2013,127,31,96,595600,259400,336200,sunday,H
Big Street ATM,14/10/2013,146,42,104,622400,278900,343500,monday,H
Mount Road ATM,14/10/2013,125,30,95,292400,162000,130400,monday,H
Airport ATM,14/10/2013,110,80,30,602100,514200,87900,monday,H
KK Nagar ATM,14/10/2013,274,169,105,1070600,598800,471800,monday,H
Christ College ATM,14/10/2013,126,34,92,488900,154700,334200,monday,H
Big Street ATM,15/10/2013,125,43,82,456800,221100,235700,tuesday,W
Mount Road ATM,15/10/2013,120,63,57,385500,246100,139400,tuesday,W
Airport ATM,15/10/2013,120,101,19,716100,637600,78500,tuesday,W
KK Nagar ATM,15/10/2013,284,208,76,1323000,1035800,287200,tuesday,W
Christ College ATM,15/10/2013,126,66,60,530300,290700,239600,tuesday,W
Big Street ATM,16/10/2013,80,29,51,234100,129400,104700,wednesday,W
Mount Road ATM,16/10/2013,109,51,58,366600,181500,185100,wednesday,W
Airport ATM,16/10/2013,93,72,21,468800,442600,26200,wednesday,W
KK Nagar ATM,16/10/2013,248,137,111,1218900,750800,468100,wednesday,W
Christ College ATM,16/10/2013,95,31,64,369900,141600,228300,wednesday,W
Big Street ATM,17/10/2013,101,39,62,277900,137100,140800,thursday,W
Mount Road ATM,17/10/2013,134,77,57,471000,301300,169700,thursday,W
Airport ATM,17/10/2013,119,98,21,693900,646100,47800,thursday,W
KK Nagar ATM,17/10/2013,233,183,50,1371800,1140900,230900,thursday,W
Christ College ATM,17/10/2013,109,65,44,567600,466200,101400,thursday,W
Big Street ATM,18/10/2013,128,43,85,456800,191200,265600,friday,W
Mount Road ATM,18/10/2013,174,77,97,601800,389000,212800,friday,W
Airport ATM,18/10/2013,90,76,14,324700,291600,33100,friday,W
KK Nagar ATM,18/10/2013,209,157,52,1014800,783100,231700,friday,W
Christ College ATM,18/10/2013,79,51,28,397200,306800,90400,friday,W
Big Street ATM,19/10/2013,103,36,67,371300,197700,173600,saturday,H
Mount Road ATM,19/10/2013,195,81,114,676500,404900,271600,saturday,H
Airport ATM,19/10/2013,72,62,10,340100,316100,24000,saturday,H
KK Nagar ATM,19/10/2013,214,171,43,993400,850900,142500,saturday,H
Christ College ATM,19/10/2013,120,52,68,568500,296000,272500,saturday,H
Big Street ATM,20/10/2013,132,29,103,367100,71600,295500,sunday,H
Mount Road ATM,20/10/2013,183,37,146,400600,134200,266400,sunday,H
Airport ATM,20/10/2013,88,70,18,412400,359300,53100,sunday,H
KK Nagar ATM,20/10/2013,163,97,66,643500,391200,252300,sunday,H
Christ College ATM,20/10/2013,109,36,73,424800,162800,262000,sunday,H
Big Street ATM,21/10/2013,88,23,65,288000,135400,152600,monday,W
Mount Road ATM,21/10/2013,152,68,84,463100,189500,273600,monday,W
Airport ATM,21/10/2013,103,83,20,415400,393800,21600,monday,W
KK Nagar ATM,21/10/2013,173,131,42,859100,671300,187800,monday,W
Christ College ATM,21/10/2013,117,47,70,562700,294300,268400,monday,W
Big Street ATM,22/10/2013,106,37,69,234100,109300,124800,tuesday,W
Mount Road ATM,22/10/2013,156,81,75,508100,357600,150500,tuesday,W
Airport ATM,22/10/2013,129,78,51,593900,420500,173400,tuesday,W
KK Nagar ATM,22/10/2013,213,173,40,1018600,859200,159400,tuesday,W
Christ College ATM,22/10/2013,155,50,105,611900,258100,353800,tuesday,W
Big Street ATM,23/10/2013,92,34,58,325800,162100,163700,wednesday,W
Mount Road ATM,23/10/2013,171,77,94,616400,334300,282100,wednesday,W
Airport ATM,23/10/2013,122,83,39,526200,401100,125100,wednesday,W
KK Nagar ATM,23/10/2013,204,159,45,844300,650700,193600,wednesday,W
Christ College ATM,23/10/2013,104,47,57,356000,218800,137200,wednesday,W
Big Street ATM,24/10/2013,98,38,60,363400,175900,187500,thursday,W
Mount Road ATM,24/10/2013,213,97,116,929100,516100,413000,thursday,W
Airport ATM,24/10/2013,125,97,28,592200,531900,60300,thursday,W
KK Nagar ATM,24/10/2013,221,162,59,900400,678700,221700,thursday,W
Christ College ATM,24/10/2013,97,46,51,455600,258900,196700,thursday,W
Big Street ATM,25/10/2013,108,34,74,330900,109600,221300,friday,W
Mount Road ATM,25/10/2013,170,78,92,658700,319400,339300,friday,W
Airport ATM,25/10/2013,112,90,22,587200,480400,106800,friday,W
KK Nagar ATM,25/10/2013,215,164,51,959000,761300,197700,friday,W
Christ College ATM,25/10/2013,119,44,75,520800,198900,321900,friday,W
Big Street ATM,26/10/2013,100,27,73,417500,176300,241200,saturday,H
Mount Road ATM,26/10/2013,173,85,88,650400,416500,233900,saturday,H
Airport ATM,26/10/2013,156,119,37,634500,528700,105800,saturday,H
KK Nagar ATM,26/10/2013,268,197,71,1182500,929200,253300,saturday,H
Christ College ATM,26/10/2013,152,53,99,560700,150500,410200,saturday,H
Big Street ATM,27/10/2013,111,30,81,239500,76500,163000,sunday,H
Mount Road ATM,27/10/2013,219,67,152,470800,183300,287500,sunday,H
Airport ATM,27/10/2013,114,91,23,313200,278200,35000,sunday,H
KK Nagar ATM,27/10/2013,262,190,72,980200,720100,260100,sunday,H
Christ College ATM,27/10/2013,133,34,99,389700,135500,254200,sunday,H
Big Street ATM,28/10/2013,105,42,63,272600,95300,177300,monday,W
Mount Road ATM,28/10/2013,188,101,87,891700,690700,201000,monday,W
Airport ATM,28/10/2013,141,107,34,646500,500000,146500,monday,W
KK Nagar ATM,28/10/2013,274,229,45,1331100,1178200,152900,monday,W
Christ College ATM,28/10/2013,111,62,49,471000,344300,126700,monday,W
Big Street ATM,29/10/2013,124,47,77,540600,341300,199300,tuesday,W
Mount Road ATM,29/10/2013,187,99,88,651200,462500,188700,tuesday,W
Airport ATM,29/10/2013,163,133,30,737100,606200,130900,tuesday,W
KK Nagar ATM,29/10/2013,260,202,58,1104900,879000,225900,tuesday,W
Christ College ATM,29/10/2013,155,68,87,772300,377000,395300,tuesday,W
Big Street ATM,30/10/2013,108,39,69,381000,155200,225800,wednesday,W
Mount Road ATM,30/10/2013,197,111,86,631300,423500,207800,wednesday,W
Airport ATM,30/10/2013,162,134,28,863000,737700,125300,wednesday,W
KK Nagar ATM,30/10/2013,381,299,82,1598700,1264500,334200,wednesday,W
Christ College ATM,30/10/2013,235,80,155,1096400,415400,681000,wednesday,W
Big Street ATM,31/10/2013,118,47,71,495100,229300,265800,thursday,W
Mount Road ATM,31/10/2013,194,104,90,715500,441400,274100,thursday,W
Airport ATM,31/10/2013,150,120,30,761000,642800,118200,thursday,W
KK Nagar ATM,31/10/2013,348,259,89,1432500,1081200,351300,thursday,W
Christ College ATM,31/10/2013,192,92,100,912000,471600,440400,thursday,W
Big Street ATM,01/11/2013,133,50,83,572700,262900,309800,friday,W
Mount Road ATM,01/11/2013,204,110,94,789300,451200,338100,friday,W
Airport ATM,01/11/2013,144,115,29,528900,428500,100400,friday,W
KK Nagar ATM,01/11/2013,408,274,134,1418000,984900,433100,friday,W
Christ College ATM,01/11/2013,167,72,95,820600,369500,451100,friday,W
Big Street ATM,02/11/2013,150,38,112,449800,120000,329800,saturday,H
Mount Road ATM,02/11/2013,79,21,58,233000,81900,151100,saturday,H
Airport ATM,02/11/2013,68,35,33,297400,189100,108300,saturday,H
KK Nagar ATM,02/11/2013,144,84,60,302300,157800,144500,saturday,H
Christ College ATM,02/11/2013,70,18,52,349900,73600,276300,saturday,H
Big Street ATM,03/11/2013,121,26,95,387200,112500,274700,sunday,H
Mount Road ATM,03/11/2013,45,24,21,158000,107700,50300,sunday,H
Airport ATM,03/11/2013,100,74,26,562800,445200,117600,sunday,H
KK Nagar ATM,03/11/2013,146,77,69,668800,339400,329400,sunday,H
Christ College ATM,03/11/2013,53,18,35,191400,86900,104500,sunday,H
Big Street ATM,04/11/2013,92,23,69,220900,49400,171500,monday,W
Mount Road ATM,04/11/2013,161,106,55,845400,649300,196100,monday,W
Airport ATM,04/11/2013,160,127,33,870400,743500,126900,monday,W
KK Nagar ATM,04/11/2013,250,173,77,1363500,1018100,345400,monday,W
Christ College ATM,04/11/2013,169,66,103,914500,342500,572000,monday,W
Big Street ATM,05/11/2013,98,43,55,273500,143700,129800,tuesday,H
Mount Road ATM,05/11/2013,165,85,80,879100,548700,330400,tuesday,H
Airport ATM,05/11/2013,143,108,35,894500,682700,211800,tuesday,H
KK Nagar ATM,05/11/2013,221,152,69,1246800,895700,351100,tuesday,H
Christ College ATM,05/11/2013,184,76,108,834500,376800,457700,tuesday,H
Big Street ATM,06/11/2013,104,26,78,375900,161200,214700,wednesday,W
Mount Road ATM,06/11/2013,178,78,100,646400,324400,322000,wednesday,W
Airport ATM,06/11/2013,146,111,35,953900,822200,131700,wednesday,W
KK Nagar ATM,06/11/2013,353,251,102,1892400,1488300,404100,wednesday,W
Christ College ATM,06/11/2013,146,54,92,724400,295300,429100,wednesday,W
Big Street ATM,07/11/2013,116,31,85,426000,129000,297000,thursday,W
Mount Road ATM,07/11/2013,182,90,92,840500,511500,329000,thursday,W
Airport ATM,07/11/2013,137,105,32,693400,595900,97500,thursday,W
KK Nagar ATM,07/11/2013,243,162,81,1132900,809000,323900,thursday,W
Christ College ATM,07/11/2013,152,53,99,686800,267300,419500,thursday,W
Big Street ATM,08/11/2013,110,40,70,361100,178500,182600,friday,W
Mount Road ATM,08/11/2013,172,81,91,707200,422100,285100,friday,W
Airport ATM,08/11/2013,117,87,30,562800,460400,102400,friday,W
KK Nagar ATM,08/11/2013,217,164,53,1059800,813700,246100,friday,W
Christ College ATM,08/11/2013,127,53,74,664500,292300,372200,friday,W
Big Street ATM,09/11/2013,95,35,60,326500,186500,140000,saturday,H
Mount Road ATM,09/11/2013,189,88,101,755900,465400,290500,saturday,H
Airport ATM,09/11/2013,148,105,43,907800,730100,177700,saturday,H
KK Nagar ATM,09/11/2013,250,174,76,1273100,941100,332000,saturday,H
Christ College ATM,09/11/2013,191,57,134,956500,426100,530400,saturday,H
Big Street ATM,10/11/2013,113,23,90,361600,102400,259200,sunday,H
Mount Road ATM,10/11/2013,119,37,82,350300,146300,204000,sunday,H
Airport ATM,10/11/2013,109,86,23,509100,441000,68100,sunday,H
KK Nagar ATM,10/11/2013,102,66,36,385600,268700,116900,sunday,H
Christ College ATM,10/11/2013,164,44,120,709000,273700,435300,sunday,H
Big Street ATM,11/11/2013,101,31,70,273800,113000,160800,monday,W
Mount Road ATM,11/11/2013,185,88,97,811200,587000,224200,monday,W
Airport ATM,11/11/2013,118,78,40,612800,466000,146800,monday,W
KK Nagar ATM,11/11/2013,277,187,90,1367500,954400,413100,monday,W
Christ College ATM,11/11/2013,245,58,187,899900,231300,668600,monday,W
Big Street ATM,12/11/2013,100,28,72,343200,72000,271200,tuesday,W
Mount Road ATM,12/11/2013,176,89,87,887400,626200,261200,tuesday,W
Airport ATM,12/11/2013,114,77,37,558700,424300,134400,tuesday,W
KK Nagar ATM,12/11/2013,255,176,79,1208000,891500,316500,tuesday,W
Christ College ATM,12/11/2013,145,55,90,666700,334500,332200,tuesday,W
Big Street ATM,13/11/2013,107,34,73,487300,284400,202900,wednesday,W
Mount Road ATM,13/11/2013,79,35,44,285600,148000,137600,wednesday,W
Airport ATM,13/11/2013,125,90,35,512600,422600,90000,wednesday,W
KK Nagar ATM,13/11/2013,236,182,54,1060400,843000,217400,wednesday,W
Christ College ATM,13/11/2013,142,49,93,548600,260100,288500,wednesday,W
Big Street ATM,14/11/2013,115,28,87,353300,108800,244500,thursday,W
Mount Road ATM,14/11/2013,185,87,98,806900,514500,292400,thursday,W
Airport ATM,14/11/2013,116,87,29,553100,505600,47500,thursday,W
KK Nagar ATM,14/11/2013,233,142,91,1051100,689600,361500,thursday,W
Christ College ATM,14/11/2013,160,46,114,610100,210100,400000,thursday,W
Big Street ATM,15/11/2013,127,39,88,491200,293200,198000,friday,W
Mount Road ATM,15/11/2013,120,50,70,325200,168800,156400,friday,W
Airport ATM,15/11/2013,40,28,12,209200,152400,56800,friday,W
KK Nagar ATM,15/11/2013,193,116,77,699200,340500,358700,friday,W
Christ College ATM,15/11/2013,163,46,117,756800,294100,462700,friday,W
Big Street ATM,16/11/2013,133,43,90,468600,233400,235200,saturday,H
Mount Road ATM,16/11/2013,145,60,85,499400,279000,220400,saturday,H
Airport ATM,16/11/2013,48,28,20,214000,164900,49100,saturday,H
KK Nagar ATM,16/11/2013,140,88,52,585300,367500,217800,saturday,H
Christ College ATM,16/11/2013,118,41,77,572800,265700,307100,saturday,H
Big Street ATM,17/11/2013,116,33,83,394700,176900,217800,sunday,H
Mount Road ATM,17/11/2013,114,27,87,260600,78900,181700,sunday,H
Airport ATM,17/11/2013,78,50,28,263200,177700,85500,sunday,H
KK Nagar ATM,17/11/2013,122,80,42,496800,339200,157600,sunday,H
Christ College ATM,17/11/2013,212,37,175,694200,139200,555000,sunday,H
Big Street ATM,18/11/2013,93,38,55,313800,200500,113300,monday,W
Mount Road ATM,18/11/2013,194,92,102,712000,433200,278800,monday,W
Airport ATM,18/11/2013,110,92,18,592300,493800,98500,monday,W
KK Nagar ATM,18/11/2013,205,152,53,901700,703900,197800,monday,W
Christ College ATM,18/11/2013,142,50,92,406300,142700,263600,monday,W
Big Street ATM,19/11/2013,97,45,52,329400,201900,127500,tuesday,W
Mount Road ATM,19/11/2013,180,107,73,775300,620800,154500,tuesday,W
Airport ATM,19/11/2013,112,87,25,526200,442700,83500,tuesday,W
KK Nagar ATM,19/11/2013,235,186,49,1140400,957300,183100,tuesday,W
Christ College ATM,19/11/2013,119,52,67,464600,171900,292700,tuesday,W
Big Street ATM,20/11/2013,91,19,72,267600,47800,219800,wednesday,W
Mount Road ATM,20/11/2013,140,78,62,492400,304800,187600,wednesday,W
Airport ATM,20/11/2013,106,80,26,564400,424200,140200,wednesday,W
KK Nagar ATM,20/11/2013,217,161,56,955300,774900,180400,wednesday,W
Christ College ATM,20/11/2013,163,53,110,652800,251000,401800,wednesday,W
Big Street ATM,21/11/2013,116,36,80,379700,190900,188800,thursday,W
Mount Road ATM,21/11/2013,179,76,103,621700,402000,219700,thursday,W
Airport ATM,21/11/2013,127,95,32,719000,605300,113700,thursday,W
KK Nagar ATM,21/11/2013,238,163,75,914600,629400,285200,thursday,W
Christ College ATM,21/11/2013,183,45,138,562400,139500,422900,thursday,W
Big Street ATM,22/11/2013,117,31,86,358100,178600,179500,friday,W
Mount Road ATM,22/11/2013,152,76,76,652700,428300,224400,friday,W
Airport ATM,22/11/2013,109,77,32,489300,388800,100500,friday,W
KK Nagar ATM,22/11/2013,219,163,56,832700,677300,155400,friday,W
Christ College ATM,22/11/2013,139,46,93,473300,154600,318700,friday,W
Big Street ATM,23/11/2013,118,49,69,408600,236200,172400,saturday,H
Mount Road ATM,23/11/2013,145,63,82,460500,276000,184500,saturday,H
Airport ATM,23/11/2013,130,99,31,584000,489900,94100,saturday,H
KK Nagar ATM,23/11/2013,214,165,49,915000,737300,177700,saturday,H
Christ College ATM,23/11/2013,176,65,111,728600,380200,348400,saturday,H
Big Street ATM,24/11/2013,71,25,46,191100,96500,94600,sunday,H
Mount Road ATM,24/11/2013,84,23,61,165100,42800,122300,sunday,H
Airport ATM,24/11/2013,70,44,26,252300,183300,69000,sunday,H
KK Nagar ATM,24/11/2013,70,44,26,239700,176900,62800,sunday,H
Christ College ATM,24/11/2013,124,31,93,416000,94300,321700,sunday,H
Big Street ATM,25/11/2013,119,42,77,411300,230000,181300,monday,W
Mount Road ATM,25/11/2013,144,81,63,444300,349500,94800,monday,W
Airport ATM,25/11/2013,111,82,29,499900,412500,87400,monday,W
KK Nagar ATM,25/11/2013,206,167,39,780600,662900,117700,monday,W
Christ College ATM,25/11/2013,212,60,152,793400,253400,540000,monday,W
Big Street ATM,26/11/2013,131,58,73,431100,274300,156800,tuesday,W
Mount Road ATM,26/11/2013,137,77,60,512600,429000,83600,tuesday,W
Airport ATM,26/11/2013,113,82,31,391500,338800,52700,tuesday,W
KK Nagar ATM,26/11/2013,199,160,39,722200,581600,140600,tuesday,W
Christ College ATM,26/11/2013,161,44,117,547200,162400,384800,tuesday,W
Big Street ATM,27/11/2013,79,26,53,219700,97100,122600,wednesday,W
Mount Road ATM,27/11/2013,138,81,57,510600,396600,114000,wednesday,W
Airport ATM,27/11/2013,67,49,18,334300,264800,69500,wednesday,W
KK Nagar ATM,27/11/2013,214,163,51,974900,809100,165800,wednesday,W
Christ College ATM,27/11/2013,169,64,105,651300,363000,288300,wednesday,W
Big Street ATM,28/11/2013,114,44,70,450400,226500,223900,thursday,W
Mount Road ATM,28/11/2013,142,64,78,433800,238800,195000,thursday,W
Airport ATM,28/11/2013,105,80,25,518600,460400,58200,thursday,W
KK Nagar ATM,28/11/2013,237,178,59,1013700,760600,253100,thursday,W
Christ College ATM,28/11/2013,164,64,100,769600,448500,321100,thursday,W
Big Street ATM,29/11/2013,124,38,86,430600,175000,255600,friday,W
Mount Road ATM,29/11/2013,162,84,78,850600,574500,276100,friday,W
Airport ATM,29/11/2013,112,76,36,565800,366600,199200,friday,W
KK Nagar ATM,29/11/2013,289,219,70,1118300,881800,236500,friday,W
Christ College ATM,29/11/2013,173,51,122,638900,247400,391500,friday,W
Big Street ATM,30/11/2013,85,35,50,290800,113700,177100,saturday,H
Mount Road ATM,30/11/2013,200,100,100,756400,445500,310900,saturday,H
Airport ATM,30/11/2013,51,41,10,326300,280500,45800,saturday,H
KK Nagar ATM,30/11/2013,273,211,62,1150600,895700,254900,saturday,H
Christ College ATM,30/11/2013,171,77,94,787400,387800,399600,saturday,H
Big Street ATM,01/12/2013,119,37,82,358500,132200,226300,sunday,H
Mount Road ATM,01/12/2013,128,42,86,419400,206900,212500,sunday,H
Airport ATM,01/12/2013,127,101,26,648300,565100,83200,sunday,H
KK Nagar ATM,01/12/2013,138,101,37,569300,409200,160100,sunday,H
Christ College ATM,01/12/2013,211,51,160,800100,170000,630100,sunday,H
Big Street ATM,02/12/2013,114,39,75,443800,211100,232700,monday,W
Mount Road ATM,02/12/2013,162,105,57,653500,485000,168500,monday,W
Airport ATM,02/12/2013,133,95,38,658000,497600,160400,monday,W
KK Nagar ATM,02/12/2013,226,188,38,1303300,1135400,167900,monday,W
Christ College ATM,02/12/2013,200,65,135,898300,292300,606000,monday,W
Big Street ATM,03/12/2013,107,42,65,484600,247600,237000,tuesday,W
Mount Road ATM,03/12/2013,202,99,103,869800,533800,336000,tuesday,W
Airport ATM,03/12/2013,150,115,35,826700,669800,156900,tuesday,W
KK Nagar ATM,03/12/2013,240,181,59,1161000,894000,267000,tuesday,W
Christ College ATM,03/12/2013,222,76,146,1044200,403000,641200,tuesday,W
Big Street ATM,04/12/2013,121,39,82,479500,204600,274900,wednesday,W
Mount Road ATM,04/12/2013,240,106,134,893400,515000,378400,wednesday,W
Airport ATM,04/12/2013,122,88,34,614500,472400,142100,wednesday,W
KK Nagar ATM,04/12/2013,253,182,71,1705700,1378600,327100,wednesday,W
Christ College ATM,04/12/2013,208,86,122,1050900,522200,528700,wednesday,W
Big Street ATM,05/12/2013,117,45,72,451200,221900,229300,thursday,W
Mount Road ATM,05/12/2013,202,98,104,910300,626700,283600,thursday,W
Airport ATM,05/12/2013,143,104,39,794600,628700,165900,thursday,W
KK Nagar ATM,05/12/2013,274,182,92,1434400,950100,484300,thursday,W
Christ College ATM,05/12/2013,186,66,120,855200,324400,530800,thursday,W
Big Street ATM,06/12/2013,127,50,77,585200,293400,291800,friday,W
Mount Road ATM,06/12/2013,200,99,101,775300,412100,363200,friday,W
Airport ATM,06/12/2013,46,26,20,234500,135600,98900,friday,W
KK Nagar ATM,06/12/2013,252,179,73,1201900,896800,305100,friday,W
Christ College ATM,06/12/2013,151,40,111,508000,114600,393400,friday,W
Big Street ATM,07/12/2013,121,45,76,479600,244700,234900,saturday,H
Mount Road ATM,07/12/2013,185,79,106,761800,438300,323500,saturday,H
Airport ATM,07/12/2013,128,95,33,570800,408900,161900,saturday,H
KK Nagar ATM,07/12/2013,266,213,53,1209300,1033200,176100,saturday,H
Christ College ATM,07/12/2013,148,70,78,683600,430000,253600,saturday,H
Big Street ATM,08/12/2013,106,33,73,321300,129700,191600,sunday,H
Mount Road ATM,08/12/2013,146,52,94,473200,252400,220800,sunday,H
Airport ATM,08/12/2013,102,72,30,401800,317900,83900,sunday,H
KK Nagar ATM,08/12/2013,148,118,30,622300,514600,107700,sunday,H
Christ College ATM,08/12/2013,94,36,58,320700,156600,164100,sunday,H
Big Street ATM,09/12/2013,98,39,59,377700,210300,167400,monday,W
Mount Road ATM,09/12/2013,203,105,98,883100,562500,320600,monday,W
Airport ATM,09/12/2013,135,107,28,762500,658900,103600,monday,W
KK Nagar ATM,09/12/2013,236,185,51,1134800,934700,200100,monday,W
Christ College ATM,09/12/2013,125,63,62,734900,452600,282300,monday,W
Big Street ATM,10/12/2013,101,40,61,308800,151900,156900,tuesday,W
Mount Road ATM,10/12/2013,176,91,85,631400,376500,254900,tuesday,W
Airport ATM,10/12/2013,116,82,34,440800,333600,107200,tuesday,W
KK Nagar ATM,10/12/2013,240,197,43,1217700,1048000,169700,tuesday,W
Christ College ATM,10/12/2013,130,48,82,452600,215900,236700,tuesday,W
Big Street ATM,11/12/2013,107,43,64,413200,232900,180300,wednesday,W
Mount Road ATM,11/12/2013,152,92,60,546500,413200,133300,wednesday,W
Airport ATM,11/12/2013,126,96,30,593000,490700,102300,wednesday,W
KK Nagar ATM,11/12/2013,267,205,62,1531300,1282800,248500,wednesday,W
Christ College ATM,11/12/2013,157,61,96,726500,330100,396400,wednesday,W
Big Street ATM,12/12/2013,107,40,67,352400,153100,199300,thursday,W
Mount Road ATM,12/12/2013,125,71,54,452100,303500,148600,thursday,W
Airport ATM,12/12/2013,68,42,26,352200,256100,96100,thursday,W
KK Nagar ATM,12/12/2013,152,114,38,697700,553900,143800,thursday,W
Christ College ATM,12/12/2013,137,57,80,510500,338900,171600,thursday,W
Big Street ATM,23/12/2013,17,13,4,92500,69600,22900,monday,W
Mount Road ATM,23/12/2013,25,13,12,175600,109500,66100,monday,W
Airport ATM,23/12/2013,64,60,4,325000,299500,25500,monday,W
KK Nagar ATM,23/12/2013,118,109,9,468300,444300,24000,monday,W
Christ College ATM,23/12/2013,22,14,8,104000,81800,22200,monday,W
Big Street ATM,24/12/2013,44,27,17,147300,98400,48900,tuesday,W
Mount Road ATM,24/12/2013,60,60,0,245200,245200,0,tuesday,W
Airport ATM,24/12/2013,38,33,5,106100,103600,2500,tuesday,W
KK Nagar ATM,24/12/2013,226,221,5,775300,760400,14900,tuesday,W
Christ College ATM,24/12/2013,110,94,16,522200,458900,63300,tuesday,W
Big Street ATM,25/12/2013,129,45,84,330400,130700,199700,wednesday,H
Mount Road ATM,25/12/2013,87,29,58,254500,76100,178400,wednesday,H
Airport ATM,25/12/2013,19,10,9,21200,11500,9700,wednesday,H
KK Nagar ATM,25/12/2013,177,147,30,745500,645300,100200,wednesday,H
Christ College ATM,25/12/2013,76,38,38,233100,184400,48700,wednesday,H
Big Street ATM,26/12/2013,77,33,44,340800,148800,192000,thursday,W
Mount Road ATM,26/12/2013,167,100,67,659100,481900,177200,thursday,W
KK Nagar ATM,26/12/2013,220,185,35,956200,840200,116000,thursday,W
Christ College ATM,26/12/2013,92,52,40,520800,363300,157500,thursday,W
Big Street ATM,27/12/2013,73,41,32,273000,213300,59700,friday,W
Mount Road ATM,27/12/2013,125,87,38,550300,463700,86600,friday,W
KK Nagar ATM,27/12/2013,165,146,19,579000,506200,72800,friday,W
Christ College ATM,27/12/2013,46,22,24,82400,48200,34200,friday,W
Big Street ATM,28/12/2013,100,33,67,353900,133200,220700,saturday,H
Mount Road ATM,28/12/2013,168,79,89,469000,269500,199500,saturday,H
Airport ATM,28/12/2013,43,32,11,156300,134500,21800,saturday,H
KK Nagar ATM,28/12/2013,280,195,85,1132600,840100,292500,saturday,H
Christ College ATM,28/12/2013,116,54,62,525600,330200,195400,saturday,H
Big Street ATM,29/12/2013,101,28,73,312900,150600,162300,sunday,H
Mount Road ATM,29/12/2013,89,35,54,184100,77600,106500,sunday,H
Airport ATM,29/12/2013,103,70,33,445400,341600,103800,sunday,H
KK Nagar ATM,29/12/2013,123,75,48,438600,264500,174100,sunday,H
Christ College ATM,29/12/2013,65,41,24,233300,175600,57700,sunday,H
Big Street ATM,30/12/2013,98,39,59,328700,188600,140100,monday,W
Mount Road ATM,30/12/2013,145,92,53,534800,395600,139200,monday,W
Airport ATM,30/12/2013,101,85,16,465200,435900,29300,monday,W
KK Nagar ATM,30/12/2013,227,182,45,1065700,885100,180600,monday,W
Christ College ATM,30/12/2013,111,65,46,576800,391900,184900,monday,W
Big Street ATM,31/12/2013,144,48,96,607900,325100,282800,tuesday,W
Mount Road ATM,31/12/2013,221,130,91,922400,666600,255800,tuesday,W
Airport ATM,31/12/2013,119,96,23,721900,623000,98900,tuesday,W
KK Nagar ATM,31/12/2013,335,257,78,1506400,1225000,281400,tuesday,W
Christ College ATM,31/12/2013,110,59,51,376400,270400,106000,tuesday,W
Big Street ATM,01/01/2014,101,44,57,360800,173400,187400,wednesday,H
Mount Road ATM,01/01/2014,90,31,59,268800,113400,155400,wednesday,H
Airport ATM,01/01/2014,68,55,13,349500,320800,28700,wednesday,H
KK Nagar ATM,01/01/2014,235,170,65,1083400,808000,275400,wednesday,H
Christ College ATM,01/01/2014,85,35,50,318400,164100,154300,wednesday,H
Big Street ATM,02/01/2014,80,32,48,257500,97600,159900,thursday,W
Mount Road ATM,02/01/2014,193,133,60,1031000,813400,217600,thursday,W
Airport ATM,02/01/2014,49,40,9,221600,203900,17700,thursday,W
KK Nagar ATM,02/01/2014,295,222,73,1604500,1238600,365900,thursday,W
Christ College ATM,02/01/2014,183,77,106,836100,347800,488300,thursday,W
Big Street ATM,03/01/2014,105,31,74,336400,144000,192400,friday,W
Mount Road ATM,03/01/2014,171,94,77,653800,400800,253000,friday,W
Airport ATM,03/01/2014,122,100,22,552600,473000,79600,friday,W
KK Nagar ATM,03/01/2014,246,174,72,1202000,862400,339600,friday,W
Christ College ATM,03/01/2014,158,55,103,831500,330500,501000,friday,W
Big Street ATM,04/01/2014,108,42,66,352600,159300,193300,saturday,H
Mount Road ATM,04/01/2014,197,95,102,769900,511500,258400,saturday,H
Airport ATM,04/01/2014,57,39,18,291700,251100,40600,saturday,H
KK Nagar ATM,04/01/2014,278,221,57,1398600,1189900,208700,saturday,H
Christ College ATM,04/01/2014,168,91,77,960600,527800,432800,saturday,H
Big Street ATM,05/01/2014,140,38,102,516200,199300,316900,sunday,H
Mount Road ATM,05/01/2014,164,47,117,395000,117000,278000,sunday,H
Airport ATM,05/01/2014,127,87,40,510200,394100,116100,sunday,H
KK Nagar ATM,05/01/2014,175,117,58,697700,489200,208500,sunday,H
Christ College ATM,05/01/2014,155,62,93,523900,223800,300100,sunday,H
Big Street ATM,06/01/2014,112,30,82,420700,147400,273300,monday,W
Mount Road ATM,06/01/2014,264,112,152,1187800,713900,473900,monday,W
Airport ATM,06/01/2014,48,30,18,233400,172300,61100,monday,W
KK Nagar ATM,06/01/2014,319,205,114,1244700,819100,425600,monday,W
Christ College ATM,06/01/2014,218,89,129,1087000,530200,556800,monday,W
Big Street ATM,07/01/2014,147,48,99,593100,236700,356400,tuesday,W
Mount Road ATM,07/01/2014,246,136,110,1243400,901300,342100,tuesday,W
Airport ATM,07/01/2014,124,96,28,605400,503700,101700,tuesday,W
KK Nagar ATM,07/01/2014,228,167,61,1064000,838400,225600,tuesday,W
Christ College ATM,07/01/2014,159,53,106,760600,258300,502300,tuesday,W
Big Street ATM,08/01/2014,119,39,80,463800,172900,290900,wednesday,W
Mount Road ATM,08/01/2014,189,79,110,685600,333500,352100,wednesday,W
Airport ATM,08/01/2014,130,93,37,556800,456200,100600,wednesday,W
KK Nagar ATM,08/01/2014,248,160,88,1114800,683600,431200,wednesday,W
Christ College ATM,08/01/2014,214,52,162,1028300,300500,727800,wednesday,W
Big Street ATM,09/01/2014,141,42,99,508700,226400,282300,thursday,W
Mount Road ATM,09/01/2014,180,90,90,769500,470200,299300,thursday,W
Airport ATM,09/01/2014,138,96,42,588300,470000,118300,thursday,W
KK Nagar ATM,09/01/2014,261,183,78,1193200,850600,342600,thursday,W
Christ College ATM,09/01/2014,138,52,86,577000,253300,323700,thursday,W
Big Street ATM,10/01/2014,116,34,82,420900,164900,256000,friday,W
Mount Road ATM,10/01/2014,214,92,122,786500,275300,511200,friday,W
Airport ATM,10/01/2014,118,92,26,717300,631700,85600,friday,W
KK Nagar ATM,10/01/2014,256,169,87,1193500,804300,389200,friday,W
Christ College ATM,10/01/2014,174,71,103,785300,431400,353900,friday,W
Big Street ATM,11/01/2014,115,29,86,435200,129000,306200,saturday,H
Mount Road ATM,11/01/2014,190,82,108,649500,339500,310000,saturday,H
Airport ATM,11/01/2014,158,121,37,784300,664800,119500,saturday,H
KK Nagar ATM,11/01/2014,250,180,70,1161000,944200,216800,saturday,H
Christ College ATM,11/01/2014,136,76,60,710000,487000,223000,saturday,H
Big Street ATM,12/01/2014,128,30,98,340600,103200,237400,sunday,H
Mount Road ATM,12/01/2014,146,64,82,509000,377600,131400,sunday,H
Airport ATM,12/01/2014,122,81,41,553100,440200,112900,sunday,H
KK Nagar ATM,12/01/2014,175,121,54,734800,511900,222900,sunday,H
Christ College ATM,12/01/2014,99,40,59,353600,186800,166800,sunday,H
Big Street ATM,13/01/2014,84,27,57,287100,125400,161700,monday,W
Mount Road ATM,13/01/2014,186,75,111,580100,237500,342600,monday,W
Airport ATM,13/01/2014,120,75,45,498300,329300,169000,monday,W
KK Nagar ATM,13/01/2014,260,157,103,1038300,680900,357400,monday,W
Christ College ATM,13/01/2014,155,47,108,664000,227300,436700,monday,W
Big Street ATM,14/01/2014,115,23,92,252600,91000,161600,tuesday,H
Mount Road ATM,14/01/2014,108,18,90,293000,73400,219600,tuesday,H
Airport ATM,14/01/2014,50,24,26,231000,154100,76900,tuesday,H
KK Nagar ATM,14/01/2014,129,59,70,444200,252600,191600,tuesday,H
Christ College ATM,14/01/2014,91,36,55,294400,96400,198000,tuesday,H
Big Street ATM,15/01/2014,135,40,95,461600,197600,264000,wednesday,H
Mount Road ATM,15/01/2014,96,29,67,377200,176400,200800,wednesday,H
Airport ATM,15/01/2014,69,44,25,313100,223600,89500,wednesday,H
KK Nagar ATM,15/01/2014,139,74,65,522100,323700,198400,wednesday,H
Christ College ATM,15/01/2014,78,39,39,313800,217600,96200,wednesday,H
Big Street ATM,16/01/2014,130,43,87,438400,216400,222000,thursday,H
Mount Road ATM,16/01/2014,127,43,84,352600,159800,192800,thursday,H
Airport ATM,16/01/2014,90,64,26,217900,169600,48300,thursday,H
KK Nagar ATM,16/01/2014,195,99,96,771000,315300,455700,thursday,H
Christ College ATM,16/01/2014,116,36,80,354500,119900,234600,thursday,H
Big Street ATM,17/01/2014,112,40,72,342800,176600,166200,friday,W
Mount Road ATM,17/01/2014,155,83,72,660800,462500,198300,friday,W
Airport ATM,17/01/2014,97,74,23,514700,458700,56000,friday,W
KK Nagar ATM,17/01/2014,260,171,89,1184400,847600,336800,friday,W
Christ College ATM,17/01/2014,239,58,181,1042800,248900,793900,friday,W
Big Street ATM,18/01/2014,120,20,100,404500,144400,260100,saturday,H
Mount Road ATM,18/01/2014,152,62,90,598900,337500,261400,saturday,H
Airport ATM,18/01/2014,105,81,24,570700,515500,55200,saturday,H
KK Nagar ATM,18/01/2014,200,144,56,775300,569000,206300,saturday,H
Christ College ATM,18/01/2014,170,54,116,741600,337800,403800,saturday,H
Big Street ATM,19/01/2014,123,27,96,389500,138800,250700,sunday,H
Mount Road ATM,19/01/2014,103,27,76,266000,89400,176600,sunday,H
Airport ATM,19/01/2014,127,97,30,530300,404900,125400,sunday,H
KK Nagar ATM,19/01/2014,113,80,33,411500,323900,87600,sunday,H
Christ College ATM,19/01/2014,148,36,112,461600,96300,365300,sunday,H
Big Street ATM,20/01/2014,85,40,45,310400,186400,124000,monday,W
Mount Road ATM,20/01/2014,168,87,81,550500,353600,196900,monday,W
Airport ATM,20/01/2014,119,96,23,793400,740800,52600,monday,W
KK Nagar ATM,20/01/2014,232,177,55,1411100,1160500,250600,monday,W
Christ College ATM,20/01/2014,187,70,117,762100,327300,434800,monday,W
Big Street ATM,21/01/2014,85,34,51,319800,182400,137400,tuesday,W
Mount Road ATM,21/01/2014,128,68,60,373800,196100,177700,tuesday,W
Airport ATM,21/01/2014,79,67,12,244500,222500,22000,tuesday,W
KK Nagar ATM,21/01/2014,196,154,42,1005000,892900,112100,tuesday,W
Christ College ATM,21/01/2014,175,59,116,801900,340400,461500,tuesday,W
Big Street ATM,22/01/2014,96,29,67,220000,100400,119600,wednesday,W
Mount Road ATM,22/01/2014,163,86,77,572800,372200,200600,wednesday,W
Airport ATM,22/01/2014,127,95,32,615800,506700,109100,wednesday,W
KK Nagar ATM,22/01/2014,202,154,48,1030800,858400,172400,wednesday,W
Christ College ATM,22/01/2014,157,67,90,705700,444300,261400,wednesday,W
Big Street ATM,23/01/2014,81,40,41,264600,166900,97700,thursday,W
Mount Road ATM,23/01/2014,130,67,63,564300,384500,179800,thursday,W
Airport ATM,23/01/2014,103,80,23,547200,509100,38100,thursday,W
KK Nagar ATM,23/01/2014,181,143,38,736400,577500,158900,thursday,W
Christ College ATM,23/01/2014,110,69,41,461800,308500,153300,thursday,W
Big Street ATM,24/01/2014,118,45,73,385300,244400,140900,friday,W
Mount Road ATM,24/01/2014,175,81,94,591200,396000,195200,friday,W
Airport ATM,24/01/2014,78,63,15,380500,354600,25900,friday,W
KK Nagar ATM,24/01/2014,162,119,43,704200,530400,173800,friday,W
Christ College ATM,24/01/2014,86,45,41,362700,285300,77400,friday,W
Big Street ATM,25/01/2014,97,37,60,258500,106300,152200,saturday,H
Mount Road ATM,25/01/2014,166,89,77,579700,399300,180400,saturday,H
Airport ATM,25/01/2014,70,54,16,386900,341700,45200,saturday,H
KK Nagar ATM,25/01/2014,272,202,70,1450300,1146500,303800,saturday,H
Christ College ATM,25/01/2014,144,61,83,636700,339900,296800,saturday,H
Big Street ATM,26/01/2014,118,31,87,415800,182400,233400,sunday,H
Mount Road ATM,26/01/2014,149,44,105,365800,131200,234600,sunday,H
Airport ATM,26/01/2014,97,74,23,435900,406800,29100,sunday,H
KK Nagar ATM,26/01/2014,110,76,34,492500,388000,104500,sunday,H
Christ College ATM,26/01/2014,137,35,102,349900,137100,212800,sunday,H
Big Street ATM,27/01/2014,92,29,63,279800,124800,155000,monday,W
Mount Road ATM,27/01/2014,133,66,67,511600,318500,193100,monday,W
Airport ATM,27/01/2014,112,92,20,524800,494600,30200,monday,W
KK Nagar ATM,27/01/2014,208,161,47,1032800,843000,189800,monday,W
Christ College ATM,27/01/2014,127,46,81,467400,216200,251200,monday,W
Big Street ATM,28/01/2014,107,47,60,398200,251800,146400,tuesday,W
Mount Road ATM,28/01/2014,106,58,48,367500,278800,88700,tuesday,W
Airport ATM,28/01/2014,86,74,12,494900,487200,7700,tuesday,W
KK Nagar ATM,28/01/2014,209,170,39,836400,743000,93400,tuesday,W
Christ College ATM,28/01/2014,139,33,106,444200,152500,291700,tuesday,W
Big Street ATM,29/01/2014,84,31,53,234200,148800,85400,wednesday,W
Mount Road ATM,29/01/2014,130,79,51,606900,391100,215800,wednesday,W
Airport ATM,29/01/2014,91,73,18,372900,311000,61900,wednesday,W
KK Nagar ATM,29/01/2014,206,162,44,988900,836200,152700,wednesday,W
Christ College ATM,29/01/2014,148,46,102,549600,257200,292400,wednesday,W
Big Street ATM,30/01/2014,67,33,34,274700,177600,97100,thursday,W
Mount Road ATM,30/01/2014,126,71,55,487200,292800,194400,thursday,W
Airport ATM,30/01/2014,129,101,28,715300,644800,70500,thursday,W
KK Nagar ATM,30/01/2014,237,181,56,1443400,1176100,267300,thursday,W
Christ College ATM,30/01/2014,126,43,83,592100,267700,324400,thursday,W
Big Street ATM,31/01/2014,120,48,72,401100,210000,191100,friday,W
Mount Road ATM,31/01/2014,191,103,88,692200,396300,295900,friday,W
Airport ATM,31/01/2014,132,100,32,643500,511800,131700,friday,W
KK Nagar ATM,31/01/2014,259,214,45,1245300,1076000,169300,friday,W
Christ College ATM,31/01/2014,231,67,164,980200,298000,682200,friday,W
Big Street ATM,01/02/2014,93,46,47,384700,264200,120500,saturday,H
Mount Road ATM,01/02/2014,154,99,55,651400,415800,235600,saturday,H
Airport ATM,01/02/2014,133,112,21,654500,598600,55900,saturday,H
KK Nagar ATM,01/02/2014,296,220,76,1588000,1181000,407000,saturday,H
Christ College ATM,01/02/2014,195,57,138,937600,323600,614000,saturday,H
Big Street ATM,02/02/2014,128,45,83,543000,288000,255000,sunday,H
Mount Road ATM,02/02/2014,162,50,112,556200,222800,333400,sunday,H
Airport ATM,02/02/2014,119,79,40,419200,291600,127600,sunday,H
KK Nagar ATM,02/02/2014,144,77,67,726800,335400,391400,sunday,H
Christ College ATM,02/02/2014,267,50,217,1201400,274000,927400,sunday,H
Big Street ATM,03/02/2014,95,30,65,344200,146200,198000,monday,W
Mount Road ATM,03/02/2014,188,106,82,643200,349400,293800,monday,W
Airport ATM,03/02/2014,136,112,24,666500,539400,127100,monday,W
KK Nagar ATM,03/02/2014,315,216,99,1831700,1361200,470500,monday,W
Christ College ATM,03/02/2014,140,42,98,498600,173600,325000,monday,W
Big Street ATM,04/02/2014,154,43,111,540000,110700,429300,tuesday,W
Mount Road ATM,04/02/2014,195,89,106,727100,394600,332500,tuesday,W
Airport ATM,04/02/2014,117,96,21,742200,626700,115500,tuesday,W
KK Nagar ATM,04/02/2014,254,161,93,1362500,880600,481900,tuesday,W
Christ College ATM,04/02/2014,192,71,121,981600,405400,576200,tuesday,W
Big Street ATM,05/02/2014,119,50,69,354500,157500,197000,wednesday,W
Mount Road ATM,05/02/2014,194,72,122,741900,332100,409800,wednesday,W
Airport ATM,05/02/2014,96,79,17,437800,402200,35600,wednesday,W
KK Nagar ATM,05/02/2014,289,195,94,1558600,1131500,427100,wednesday,W
Christ College ATM,05/02/2014,173,74,99,708600,242600,466000,wednesday,W
Big Street ATM,06/02/2014,101,41,60,335000,206600,128400,thursday,W
Mount Road ATM,06/02/2014,201,101,100,876300,531300,345000,thursday,W
Airport ATM,06/02/2014,115,75,40,621500,495600,125900,thursday,W
KK Nagar ATM,06/02/2014,265,196,69,1331900,1053600,278300,thursday,W
Christ College ATM,06/02/2014,220,68,152,866200,380400,485800,thursday,W
Big Street ATM,07/02/2014,111,44,67,545900,316200,229700,friday,W
Mount Road ATM,07/02/2014,188,88,100,710100,393900,316200,friday,W
Airport ATM,07/02/2014,104,77,27,483300,376500,106800,friday,W
KK Nagar ATM,07/02/2014,215,161,54,1049600,869500,180100,friday,W
Christ College ATM,07/02/2014,183,46,137,643800,205900,437900,friday,W
Big Street ATM,08/02/2014,97,34,63,385900,225000,160900,saturday,H
Mount Road ATM,08/02/2014,194,110,84,773700,574800,198900,saturday,H
Airport ATM,08/02/2014,128,93,35,607300,515100,92200,saturday,H
KK Nagar ATM,08/02/2014,263,183,80,1212800,843400,369400,saturday,H
Christ College ATM,08/02/2014,236,80,156,1087300,473700,613600,saturday,H
Big Street ATM,09/02/2014,48,23,25,175500,100100,75400,sunday,H
Mount Road ATM,09/02/2014,73,38,35,197100,120400,76700,sunday,H
Airport ATM,09/02/2014,94,82,12,430300,387100,43200,sunday,H
KK Nagar ATM,09/02/2014,114,88,26,467200,394900,72300,sunday,H
Christ College ATM,09/02/2014,81,37,44,357400,181100,176300,sunday,H
Big Street ATM,10/02/2014,86,26,60,316100,139600,176500,monday,W
Mount Road ATM,10/02/2014,196,95,101,881600,630200,251400,monday,W
Airport ATM,10/02/2014,117,83,34,576200,459700,116500,monday,W
KK Nagar ATM,10/02/2014,209,141,68,904300,596700,307600,monday,W
Christ College ATM,10/02/2014,212,58,154,1127700,318000,809700,monday,W
Big Street ATM,11/02/2014,112,35,77,396100,199600,196500,tuesday,W
Mount Road ATM,11/02/2014,178,72,106,649600,298500,351100,tuesday,W
Airport ATM,11/02/2014,102,66,36,423900,272600,151300,tuesday,W
KK Nagar ATM,11/02/2014,278,164,114,1303000,718200,584800,tuesday,W
Christ College ATM,11/02/2014,236,62,174,841100,230800,610300,tuesday,W
Big Street ATM,12/02/2014,128,36,92,485800,183700,302100,wednesday,W
Mount Road ATM,12/02/2014,204,99,105,787200,395500,391700,wednesday,W
Airport ATM,12/02/2014,60,36,24,313300,224800,88500,wednesday,W
KK Nagar ATM,12/02/2014,183,132,51,1027100,791100,236000,wednesday,W
Christ College ATM,12/02/2014,179,61,118,933600,397300,536300,wednesday,W
Big Street ATM,13/02/2014,118,25,93,361600,62900,298700,thursday,W
Mount Road ATM,13/02/2014,163,85,78,575400,355100,220300,thursday,W
Airport ATM,13/02/2014,6,2,4,14700,4600,10100,thursday,W
KK Nagar ATM,13/02/2014,213,163,50,1054900,823800,231100,thursday,W
Christ College ATM,13/02/2014,132,54,78,613800,293800,320000,thursday,W
Big Street ATM,14/02/2014,132,43,89,559300,257700,301600,friday,W
Mount Road ATM,14/02/2014,158,67,91,484200,257400,226800,friday,W
Airport ATM,14/02/2014,103,76,27,420800,348900,71900,friday,W
KK Nagar ATM,14/02/2014,247,163,84,930400,594900,335500,friday,W
Christ College ATM,14/02/2014,154,65,89,768100,365300,402800,friday,W
Big Street ATM,15/02/2014,136,34,102,400300,113000,287300,saturday,H
Mount Road ATM,15/02/2014,230,85,145,832500,432900,399600,saturday,H
Airport ATM,15/02/2014,140,102,38,793000,671300,121700,saturday,H
KK Nagar ATM,15/02/2014,235,164,71,1068700,742700,326000,saturday,H
Christ College ATM,15/02/2014,162,63,99,658000,281600,376400,saturday,H
Big Street ATM,16/02/2014,127,38,89,376100,104200,271900,sunday,H
Mount Road ATM,16/02/2014,116,41,75,434600,281000,153600,sunday,H
Airport ATM,16/02/2014,132,83,49,506900,378500,128400,sunday,H
KK Nagar ATM,16/02/2014,116,75,41,402700,249300,153400,sunday,H
Christ College ATM,16/02/2014,182,44,138,525000,119400,405600,sunday,H
Big Street ATM,17/02/2014,77,33,44,259100,181400,77700,monday,W
Mount Road ATM,17/02/2014,132,84,48,565600,474600,91000,monday,W
Airport ATM,17/02/2014,90,69,21,451400,410700,40700,monday,W
KK Nagar ATM,17/02/2014,224,183,41,1175400,1024800,150600,monday,W
Christ College ATM,17/02/2014,111,50,61,378700,205300,173400,monday,W
Big Street ATM,18/02/2014,89,34,55,377600,229100,148500,tuesday,W
Mount Road ATM,18/02/2014,131,68,63,423600,213200,210400,tuesday,W
Airport ATM,18/02/2014,122,97,25,570700,516200,54500,tuesday,W
KK Nagar ATM,18/02/2014,190,151,39,909200,731200,178000,tuesday,W
Christ College ATM,18/02/2014,102,57,45,484000,315200,168800,tuesday,W
Big Street ATM,19/02/2014,121,36,85,401700,181600,220100,wednesday,W
Mount Road ATM,19/02/2014,177,70,107,548000,280400,267600,wednesday,W
Airport ATM,19/02/2014,77,45,32,359400,281800,77600,wednesday,W
KK Nagar ATM,19/02/2014,199,144,55,830800,637000,193800,wednesday,W
Christ College ATM,19/02/2014,160,67,93,666100,388600,277500,wednesday,W
Big Street ATM,20/02/2014,130,42,88,363200,149800,213400,thursday,W
Mount Road ATM,20/02/2014,150,87,63,771500,601900,169600,thursday,W
Airport ATM,20/02/2014,99,78,21,449200,394700,54500,thursday,W
KK Nagar ATM,20/02/2014,233,171,62,1031000,820100,210900,thursday,W
Christ College ATM,20/02/2014,150,54,96,680200,335000,345200,thursday,W
Big Street ATM,21/02/2014,147,42,105,484400,250200,234200,friday,W
Mount Road ATM,21/02/2014,164,83,81,562700,351300,211400,friday,W
Airport ATM,21/02/2014,103,64,39,335400,251400,84000,friday,W
KK Nagar ATM,21/02/2014,230,161,69,1174600,908300,266300,friday,W
Christ College ATM,21/02/2014,196,66,130,731200,315200,416000,friday,W
Big Street ATM,22/02/2014,123,37,86,316300,151700,164600,saturday,H
Mount Road ATM,22/02/2014,171,69,102,511800,268900,242900,saturday,H
Airport ATM,22/02/2014,93,67,26,320300,245000,75300,saturday,H
KK Nagar ATM,22/02/2014,216,152,64,830600,603200,227400,saturday,H
Christ College ATM,22/02/2014,126,68,58,582700,378200,204500,saturday,H
Big Street ATM,23/02/2014,134,47,87,310700,167700,143000,sunday,H
Mount Road ATM,23/02/2014,94,34,60,208000,95400,112600,sunday,H
Airport ATM,23/02/2014,93,69,24,353200,292000,61200,sunday,H
KK Nagar ATM,23/02/2014,111,81,30,305700,214100,91600,sunday,H
Christ College ATM,23/02/2014,146,46,100,482700,118200,364500,sunday,H
Big Street ATM,24/02/2014,102,35,67,301000,99000,202000,monday,W
Mount Road ATM,24/02/2014,173,90,83,617700,407800,209900,monday,W
Airport ATM,24/02/2014,105,82,23,508200,430200,78000,monday,W
KK Nagar ATM,24/02/2014,216,157,59,974000,704400,269600,monday,W
Christ College ATM,24/02/2014,192,44,148,639800,197900,441900,monday,W
Big Street ATM,25/02/2014,94,29,65,271300,122400,148900,tuesday,W
Mount Road ATM,25/02/2014,155,95,60,565700,415400,150300,tuesday,W
Airport ATM,25/02/2014,85,66,19,449300,391000,58300,tuesday,W
KK Nagar ATM,25/02/2014,234,194,40,1116500,940100,176400,tuesday,W
Christ College ATM,25/02/2014,254,71,183,867100,342700,524400,tuesday,W
Big Street ATM,26/02/2014,94,34,60,222100,97600,124500,wednesday,W
Mount Road ATM,26/02/2014,117,70,47,408500,245000,163500,wednesday,W
Airport ATM,26/02/2014,93,66,27,367100,288200,78900,wednesday,W
KK Nagar ATM,26/02/2014,215,162,53,873700,674900,198800,wednesday,W
Christ College ATM,26/02/2014,159,56,103,693700,329900,363800,wednesday,W
Big Street ATM,27/02/2014,91,42,49,266000,180200,85800,thursday,W
Mount Road ATM,27/02/2014,137,75,62,506500,333200,173300,thursday,W
Airport ATM,27/02/2014,85,58,27,342500,277400,65100,thursday,W
KK Nagar ATM,27/02/2014,211,165,46,1107900,923600,184300,thursday,W
Christ College ATM,27/02/2014,186,72,114,824500,417500,407000,thursday,W
Big Street ATM,28/02/2014,123,45,78,453000,261300,191700,friday,W
Mount Road ATM,28/02/2014,160,85,75,540900,264400,276500,friday,W
Airport ATM,28/02/2014,106,76,30,504700,376900,127800,friday,W
KK Nagar ATM,28/02/2014,196,134,62,1088900,861800,227100,friday,W
Christ College ATM,28/02/2014,194,54,140,747200,220100,527100,friday,W
Big Street ATM,01/03/2014,130,47,83,573800,272800,301000,saturday,H
Mount Road ATM,01/03/2014,175,93,82,805400,524300,281100,saturday,H
Airport ATM,01/03/2014,101,74,27,341600,284300,57300,saturday,H
KK Nagar ATM,01/03/2014,280,209,71,1456300,1049500,406800,saturday,H
Christ College ATM,01/03/2014,225,66,159,1119600,370100,749500,saturday,H
Big Street ATM,02/03/2014,154,44,110,478400,153600,324800,sunday,H
Mount Road ATM,02/03/2014,147,48,99,435300,136200,299100,sunday,H
Airport ATM,02/03/2014,143,98,45,845300,709600,135700,sunday,H
KK Nagar ATM,02/03/2014,151,94,57,675400,441200,234200,sunday,H
Christ College ATM,02/03/2014,251,70,181,1017100,301400,715700,sunday,H
Big Street ATM,03/03/2014,143,58,85,547600,325300,222300,monday,W
Mount Road ATM,03/03/2014,194,101,93,811400,526100,285300,monday,W
Airport ATM,03/03/2014,72,57,15,355400,323000,32400,monday,W
KK Nagar ATM,03/03/2014,325,203,122,1491900,944000,547900,monday,W
Christ College ATM,03/03/2014,373,63,310,1670800,292000,1378800,monday,W
Big Street ATM,04/03/2014,128,52,76,563500,332000,231500,tuesday,W
Mount Road ATM,04/03/2014,175,83,92,761000,468100,292900,tuesday,W
Airport ATM,04/03/2014,127,97,30,604200,477900,126300,tuesday,W
KK Nagar ATM,04/03/2014,244,166,78,1120800,838700,282100,tuesday,W
Christ College ATM,04/03/2014,301,84,217,1487000,553100,933900,tuesday,W
Big Street ATM,05/03/2014,131,46,85,460500,193700,266800,wednesday,W
Mount Road ATM,05/03/2014,189,92,97,922700,571200,351500,wednesday,W
Airport ATM,05/03/2014,133,93,40,619500,465300,154200,wednesday,W
KK Nagar ATM,05/03/2014,299,209,90,1752800,1346200,406600,wednesday,W
Christ College ATM,05/03/2014,294,80,214,1447400,512100,935300,wednesday,W
Big Street ATM,06/03/2014,96,48,48,391000,238500,152500,thursday,W
Mount Road ATM,06/03/2014,184,117,67,794400,617300,177100,thursday,W
Airport ATM,06/03/2014,137,107,30,660400,522800,137600,thursday,W
KK Nagar ATM,06/03/2014,250,189,61,1460700,1217600,243100,thursday,W
Christ College ATM,06/03/2014,189,60,129,945900,243200,702700,thursday,W
Big Street ATM,07/03/2014,121,33,88,428200,179000,249200,friday,W
Mount Road ATM,07/03/2014,163,79,84,586700,352500,234200,friday,W
Airport ATM,07/03/2014,86,58,28,379600,295300,84300,friday,W
KK Nagar ATM,07/03/2014,205,150,55,951900,724300,227600,friday,W
Christ College ATM,07/03/2014,211,41,170,908700,204600,704100,friday,W
Big Street ATM,08/03/2014,159,68,91,683500,347700,335800,saturday,H
Mount Road ATM,08/03/2014,243,107,136,949600,588000,361600,saturday,H
Airport ATM,08/03/2014,133,98,35,758300,618700,139600,saturday,H
KK Nagar ATM,08/03/2014,302,209,93,1378700,1029800,348900,saturday,H
Christ College ATM,08/03/2014,272,69,203,1252500,362800,889700,saturday,H
Big Street ATM,09/03/2014,117,31,86,350000,110100,239900,sunday,H
Mount Road ATM,09/03/2014,160,55,105,493400,210200,283200,sunday,H
Airport ATM,09/03/2014,90,60,30,314900,236700,78200,sunday,H
KK Nagar ATM,09/03/2014,121,74,47,507600,356500,151100,sunday,H
Christ College ATM,09/03/2014,136,35,101,529800,199000,330800,sunday,H
Big Street ATM,10/03/2014,82,39,43,423900,273200,150700,monday,W
Mount Road ATM,10/03/2014,180,110,70,834100,595500,238600,monday,W
Airport ATM,10/03/2014,67,57,10,469300,403400,65900,monday,W
KK Nagar ATM,10/03/2014,276,216,60,1434200,1158300,275900,monday,W
Christ College ATM,10/03/2014,208,71,137,994200,385600,608600,monday,W
Big Street ATM,11/03/2014,114,40,74,339300,132100,207200,tuesday,W
Mount Road ATM,11/03/2014,174,63,111,684000,295800,388200,tuesday,W
Airport ATM,11/03/2014,110,68,42,551100,378300,172800,tuesday,W
KK Nagar ATM,11/03/2014,248,169,79,1166700,807800,358900,tuesday,W
Christ College ATM,11/03/2014,200,54,146,762800,251100,511700,tuesday,W
Big Street ATM,12/03/2014,119,43,76,406600,180700,225900,wednesday,W
Mount Road ATM,12/03/2014,139,72,67,629600,425100,204500,wednesday,W
Airport ATM,12/03/2014,136,100,36,742100,620000,122100,wednesday,W
KK Nagar ATM,12/03/2014,212,137,75,1100500,732500,368000,wednesday,W
Christ College ATM,12/03/2014,127,48,79,685700,342300,343400,wednesday,W
Big Street ATM,13/03/2014,110,36,74,305100,83200,221900,thursday,W
Mount Road ATM,13/03/2014,104,58,46,388500,268000,120500,thursday,W
Airport ATM,13/03/2014,113,92,21,504500,458000,46500,thursday,W
KK Nagar ATM,13/03/2014,223,169,54,1105900,865300,240600,thursday,W
Christ College ATM,13/03/2014,118,55,63,530100,282000,248100,thursday,W
Big Street ATM,14/03/2014,94,31,63,333300,183200,150100,friday,W
Mount Road ATM,14/03/2014,173,94,79,620800,385200,235600,friday,W
Airport ATM,14/03/2014,121,91,30,645700,539400,106300,friday,W
KK Nagar ATM,14/03/2014,240,182,58,1180600,919300,261300,friday,W
Christ College ATM,14/03/2014,100,53,47,442200,293700,148500,friday,W
Big Street ATM,15/03/2014,127,59,68,489000,359900,129100,saturday,H
Mount Road ATM,15/03/2014,158,75,83,492800,271800,221000,saturday,H
Airport ATM,15/03/2014,100,75,25,473200,431800,41400,saturday,H
KK Nagar ATM,15/03/2014,318,254,64,1654400,1363800,290600,saturday,H
Christ College ATM,15/03/2014,132,69,63,582300,332100,250200,saturday,H
Big Street ATM,16/03/2014,137,51,86,368300,119400,248900,sunday,H
Mount Road ATM,16/03/2014,167,39,128,376300,78900,297400,sunday,H
Airport ATM,16/03/2014,84,54,30,287000,201800,85200,sunday,H
KK Nagar ATM,16/03/2014,125,70,55,565100,368500,196600,sunday,H
Christ College ATM,16/03/2014,143,40,103,586200,208400,377800,sunday,H
Big Street ATM,17/03/2014,71,19,52,118800,44500,74300,monday,W
Mount Road ATM,17/03/2014,229,126,103,1235000,924300,310700,monday,W
Airport ATM,17/03/2014,118,91,27,525500,457400,68100,monday,W
KK Nagar ATM,17/03/2014,233,166,67,1099700,892600,207100,monday,W
Christ College ATM,17/03/2014,204,68,136,819800,369300,450500,monday,W
Big Street ATM,18/03/2014,104,37,67,360200,213100,147100,tuesday,W
Mount Road ATM,18/03/2014,150,80,70,498900,325000,173900,tuesday,W
Airport ATM,18/03/2014,101,72,29,494800,401100,93700,tuesday,W
KK Nagar ATM,18/03/2014,243,192,51,827400,655300,172100,tuesday,W
Christ College ATM,18/03/2014,206,64,142,924000,426100,497900,tuesday,W
Big Street ATM,19/03/2014,119,47,72,455000,308700,146300,wednesday,W
Mount Road ATM,19/03/2014,173,89,84,788000,485600,302400,wednesday,W
Airport ATM,19/03/2014,117,84,33,576500,463400,113100,wednesday,W
KK Nagar ATM,19/03/2014,246,176,70,990700,673000,317700,wednesday,W
Christ College ATM,19/03/2014,127,66,61,699700,468700,231000,wednesday,W
Big Street ATM,20/03/2014,110,29,81,422700,139400,283300,thursday,W
Mount Road ATM,20/03/2014,159,93,66,638300,439700,198600,thursday,W
Airport ATM,20/03/2014,104,81,23,412900,323400,89500,thursday,W
KK Nagar ATM,20/03/2014,283,208,75,1254800,1024200,230600,thursday,W
Christ College ATM,20/03/2014,128,52,76,474400,240600,233800,thursday,W
Big Street ATM,21/03/2014,107,39,68,357500,179400,178100,friday,W
Mount Road ATM,21/03/2014,169,119,50,709800,582200,127600,friday,W
Airport ATM,21/03/2014,102,75,27,577700,505300,72400,friday,W
KK Nagar ATM,21/03/2014,209,159,50,964100,775400,188700,friday,W
Christ College ATM,21/03/2014,128,51,77,591900,227300,364600,friday,W
Big Street ATM,22/03/2014,114,41,73,238300,119900,118400,saturday,H
Mount Road ATM,22/03/2014,232,114,118,992500,645500,347000,saturday,H
Airport ATM,22/03/2014,108,77,31,521600,411100,110500,saturday,H
KK Nagar ATM,22/03/2014,217,179,38,918700,753300,165400,saturday,H
Christ College ATM,22/03/2014,164,59,105,737000,382500,354500,saturday,H
Big Street ATM,23/03/2014,113,29,84,288900,109800,179100,sunday,H
Mount Road ATM,23/03/2014,143,57,86,377300,196900,180400,sunday,H
Airport ATM,23/03/2014,129,88,41,448400,333000,115400,sunday,H
KK Nagar ATM,23/03/2014,106,77,29,364200,282500,81700,sunday,H
Christ College ATM,23/03/2014,120,28,92,465700,190800,274900,sunday,H
Big Street ATM,24/03/2014,91,44,47,338200,208000,130200,monday,W
Mount Road ATM,24/03/2014,143,92,51,568400,458900,109500,monday,W
Airport ATM,24/03/2014,103,89,14,448800,384900,63900,monday,W
KK Nagar ATM,24/03/2014,171,151,20,767100,705600,61500,monday,W
Christ College ATM,24/03/2014,88,65,23,468100,393700,74400,monday,W
Big Street ATM,25/03/2014,101,38,63,372700,201000,171700,tuesday,W
Mount Road ATM,25/03/2014,175,87,88,609300,341400,267900,tuesday,W
Airport ATM,25/03/2014,111,85,26,448900,379200,69700,tuesday,W
KK Nagar ATM,25/03/2014,221,162,59,1265300,954000,311300,tuesday,W
Christ College ATM,25/03/2014,128,75,53,732500,550500,182000,tuesday,W
Big Street ATM,26/03/2014,144,40,104,468900,152400,316500,wednesday,W
Mount Road ATM,26/03/2014,200,114,86,833700,645000,188700,wednesday,W
Airport ATM,26/03/2014,96,68,28,511400,404500,106900,wednesday,W
KK Nagar ATM,26/03/2014,292,200,92,1725700,1286000,439700,wednesday,W
Christ College ATM,26/03/2014,152,59,93,701200,383700,317500,wednesday,W
Big Street ATM,27/03/2014,137,49,88,510400,222000,288400,thursday,W
Mount Road ATM,27/03/2014,156,89,67,567800,464600,103200,thursday,W
Airport ATM,27/03/2014,150,108,42,759700,608000,151700,thursday,W
KK Nagar ATM,27/03/2014,256,187,69,1306500,1001100,305400,thursday,W
Christ College ATM,27/03/2014,142,57,85,506800,243900,262900,thursday,W
Big Street ATM,28/03/2014,126,48,78,378700,185400,193300,friday,W
Mount Road ATM,28/03/2014,137,81,56,373400,287300,86100,friday,W
Airport ATM,28/03/2014,120,98,22,627400,552900,74500,friday,W
KK Nagar ATM,28/03/2014,233,161,72,1292400,1000100,292300,friday,W
Christ College ATM,28/03/2014,203,71,132,773000,349900,423100,friday,W
Big Street ATM,29/03/2014,105,38,67,356900,145200,211700,saturday,H
Mount Road ATM,29/03/2014,240,113,127,1126600,749300,377300,saturday,H
Airport ATM,29/03/2014,175,136,39,936400,790400,146000,saturday,H
KK Nagar ATM,29/03/2014,288,211,77,1528600,1219400,309200,saturday,H
Christ College ATM,29/03/2014,221,82,139,1086100,516000,570100,saturday,H
Big Street ATM,30/03/2014,131,25,106,340100,96500,243600,sunday,H
Mount Road ATM,30/03/2014,139,60,79,415300,275200,140100,sunday,H
Airport ATM,30/03/2014,118,88,30,519600,411200,108400,sunday,H
KK Nagar ATM,30/03/2014,146,107,39,655300,502500,152800,sunday,H
Christ College ATM,30/03/2014,111,64,47,439800,331500,108300,sunday,H
Big Street ATM,31/03/2014,198,65,133,765300,307100,458200,monday,H
Mount Road ATM,31/03/2014,260,171,89,1272400,1025900,246500,monday,H
Airport ATM,31/03/2014,178,154,24,746400,654400,92000,monday,H
KK Nagar ATM,31/03/2014,475,345,130,2271100,1622900,648200,monday,H
Christ College ATM,31/03/2014,105,41,64,581100,222300,358800,monday,H
Big Street ATM,02/04/2014,76,25,51,313900,165000,148900,wednesday,W
Mount Road ATM,02/04/2014,52,34,18,192700,139800,52900,wednesday,W
Airport ATM,02/04/2014,58,43,15,206200,190500,15700,wednesday,W
KK Nagar ATM,02/04/2014,271,194,77,1385700,997700,388000,wednesday,W
Christ College ATM,02/04/2014,138,68,70,820300,495800,324500,wednesday,W
Big Street ATM,03/04/2014,99,43,56,423800,257000,166800,thursday,W
Mount Road ATM,03/04/2014,212,126,86,1006500,654900,351600,thursday,W
Airport ATM,03/04/2014,31,23,8,141100,127700,13400,thursday,W
KK Nagar ATM,03/04/2014,270,186,84,1758300,1283500,474800,thursday,W
Christ College ATM,03/04/2014,235,81,154,1153500,482100,671400,thursday,W
Big Street ATM,04/04/2014,130,47,83,478100,267100,211000,friday,W
Mount Road ATM,04/04/2014,177,103,74,948100,647900,300200,friday,W
Airport ATM,04/04/2014,1,0,1,500,0,500,friday,W
KK Nagar ATM,04/04/2014,280,179,101,1532300,925800,606500,friday,W
Christ College ATM,04/04/2014,131,49,82,605800,224000,381800,friday,W
Big Street ATM,05/04/2014,112,44,68,401700,197100,204600,saturday,H
Mount Road ATM,05/04/2014,182,109,73,772600,545100,227500,saturday,H
KK Nagar ATM,05/04/2014,317,236,81,1900700,1470200,430500,saturday,H
Christ College ATM,05/04/2014,140,71,69,831700,456100,375600,saturday,H
Big Street ATM,06/04/2014,120,35,85,360500,158200,202300,sunday,H
Mount Road ATM,06/04/2014,164,84,80,605100,410300,194800,sunday,H
KK Nagar ATM,06/04/2014,126,71,55,436600,232000,204600,sunday,H
Christ College ATM,06/04/2014,186,59,127,735300,243700,491600,sunday,H
Big Street ATM,07/04/2014,115,43,72,462300,216700,245600,monday,W
Mount Road ATM,07/04/2014,181,109,72,721300,521600,199700,monday,W
Airport ATM,07/04/2014,4,0,4,11800,0,11800,monday,W
KK Nagar ATM,07/04/2014,236,167,69,1149300,878300,271000,monday,W
Christ College ATM,07/04/2014,227,73,154,1154300,440200,714100,monday,W
Big Street ATM,08/04/2014,124,44,80,476200,209600,266600,tuesday,W
Mount Road ATM,08/04/2014,222,103,119,814200,448300,365900,tuesday,W
KK Nagar ATM,08/04/2014,257,167,90,1253800,858700,395100,tuesday,W
Christ College ATM,08/04/2014,248,75,173,1163100,468600,694500,tuesday,W
Big Street ATM,09/04/2014,125,42,83,408700,149200,259500,wednesday,W
Mount Road ATM,09/04/2014,157,89,68,741800,469400,272400,wednesday,W
KK Nagar ATM,09/04/2014,267,183,84,1626000,1199700,426300,wednesday,W
Christ College ATM,09/04/2014,160,59,101,803400,366600,436800,wednesday,W
Big Street ATM,10/04/2014,140,42,98,637200,305600,331600,thursday,W
Mount Road ATM,10/04/2014,172,95,77,668000,394900,273100,thursday,W
KK Nagar ATM,10/04/2014,249,172,77,1289700,964100,325600,thursday,W
Christ College ATM,10/04/2014,166,63,103,910400,505300,405100,thursday,W
Big Street ATM,11/04/2014,130,37,93,441100,159900,281200,friday,W
Mount Road ATM,11/04/2014,167,77,90,535900,322200,213700,friday,W
KK Nagar ATM,11/04/2014,300,221,79,1388300,1057800,330500,friday,W
Christ College ATM,11/04/2014,157,46,111,916200,323000,593200,friday,W
Big Street ATM,12/04/2014,114,42,72,439100,243100,196000,saturday,H
Mount Road ATM,12/04/2014,188,104,84,768600,505300,263300,saturday,H
Airport ATM,12/04/2014,46,41,5,268400,264900,3500,saturday,H
KK Nagar ATM,12/04/2014,270,201,69,1268200,975000,293200,saturday,H
Christ College ATM,12/04/2014,215,75,140,915700,401300,514400,saturday,H
Big Street ATM,13/04/2014,69,23,46,257900,134300,123600,sunday,H
Mount Road ATM,13/04/2014,171,41,130,546200,150200,396000,sunday,H
Airport ATM,13/04/2014,105,66,39,458000,370700,87300,sunday,H
KK Nagar ATM,13/04/2014,172,95,77,635600,381400,254200,sunday,H
Christ College ATM,13/04/2014,117,12,105,458200,49300,408900,sunday,H
Big Street ATM,14/04/2014,35,0,35,126200,0,126200,monday,H
Mount Road ATM,14/04/2014,116,39,77,356800,152700,204100,monday,H
Airport ATM,14/04/2014,36,28,8,176400,157900,18500,monday,H
KK Nagar ATM,14/04/2014,258,123,135,1047900,422300,625600,monday,H
Christ College ATM,14/04/2014,71,0,71,314100,0,314100,monday,H
Big Street ATM,15/04/2014,73,18,55,200600,54400,146200,tuesday,W
Mount Road ATM,15/04/2014,179,82,97,706700,387800,318900,tuesday,W
Airport ATM,15/04/2014,15,8,7,77000,61400,15600,tuesday,W
KK Nagar ATM,15/04/2014,282,171,111,1367400,893100,474300,tuesday,W
Christ College ATM,15/04/2014,137,34,103,449100,151300,297800,tuesday,W
Big Street ATM,16/04/2014,125,39,86,499800,281600,218200,wednesday,W
Mount Road ATM,16/04/2014,147,85,62,525700,371700,154000,wednesday,W
Airport ATM,16/04/2014,2,2,0,20400,20400,0,wednesday,W
KK Nagar ATM,16/04/2014,263,171,92,1327800,941600,386200,wednesday,W
Christ College ATM,16/04/2014,180,81,99,1102200,589700,512500,wednesday,W
Big Street ATM,17/04/2014,123,42,81,472100,239600,232500,thursday,W
Mount Road ATM,17/04/2014,189,105,84,706300,496500,209800,thursday,W
Airport ATM,17/04/2014,23,14,9,28100,5600,22500,thursday,W
KK Nagar ATM,17/04/2014,295,181,114,1553800,1049800,504000,thursday,W
Christ College ATM,17/04/2014,157,71,86,770000,471800,298200,thursday,W
Big Street ATM,18/04/2014,106,32,74,413600,181800,231800,friday,H
Mount Road ATM,18/04/2014,130,43,87,560300,306900,253400,friday,H
Airport ATM,18/04/2014,88,62,26,239900,190700,49200,friday,H
KK Nagar ATM,18/04/2014,190,114,76,759000,448400,310600,friday,H
Christ College ATM,18/04/2014,91,33,58,457600,176100,281500,friday,H
Big Street ATM,19/04/2014,105,50,55,372300,246100,126200,saturday,H
Mount Road ATM,19/04/2014,157,87,70,604900,459500,145400,saturday,H
Airport ATM,19/04/2014,89,61,28,398200,251300,146900,saturday,H
KK Nagar ATM,19/04/2014,198,128,70,931600,582800,348800,saturday,H
Christ College ATM,19/04/2014,111,57,54,630200,456900,173300,saturday,H
Big Street ATM,20/04/2014,93,44,49,361100,250300,110800,sunday,H
Mount Road ATM,20/04/2014,101,48,53,405500,293300,112200,sunday,H
Airport ATM,20/04/2014,99,77,22,587100,548300,38800,sunday,H
KK Nagar ATM,20/04/2014,87,57,30,317600,222800,94800,sunday,H
Christ College ATM,20/04/2014,64,33,31,214700,150200,64500,sunday,H
Big Street ATM,21/04/2014,94,31,63,322500,155900,166600,monday,W
Mount Road ATM,21/04/2014,213,108,105,1057300,709300,348000,monday,W
Airport ATM,21/04/2014,84,72,12,512100,455000,57100,monday,W
KK Nagar ATM,21/04/2014,291,222,69,1372000,1110200,261800,monday,W
Christ College ATM,21/04/2014,109,59,50,469100,308000,161100,monday,W
Big Street ATM,22/04/2014,128,46,82,439100,237600,201500,tuesday,W
Mount Road ATM,22/04/2014,162,70,92,641300,448300,193000,tuesday,W
Airport ATM,22/04/2014,117,90,27,606600,530400,76200,tuesday,W
KK Nagar ATM,22/04/2014,245,163,82,980900,700900,280000,tuesday,W
Christ College ATM,22/04/2014,125,43,82,510700,190800,319900,tuesday,W
Big Street ATM,23/04/2014,103,41,62,371700,217300,154400,wednesday,W
Mount Road ATM,23/04/2014,121,75,46,383300,258800,124500,wednesday,W
Airport ATM,23/04/2014,152,121,31,748700,685700,63000,wednesday,W
KK Nagar ATM,23/04/2014,285,230,55,1332600,1145200,187400,wednesday,W
Christ College ATM,23/04/2014,108,58,50,618700,450800,167900,wednesday,W
Big Street ATM,24/04/2014,7,7,0,29300,29300,0,thursday,W
Mount Road ATM,24/04/2014,81,27,54,177300,105000,72300,thursday,W
Airport ATM,24/04/2014,74,54,20,453800,396900,56900,thursday,W
KK Nagar ATM,24/04/2014,123,97,26,219100,168300,50800,thursday,W
Christ College ATM,24/04/2014,54,35,19,143400,83300,60100,thursday,W
Big Street ATM,25/04/2014,103,39,64,331000,175000,156000,friday,W
Mount Road ATM,25/04/2014,155,86,69,699700,501700,198000,friday,W
Airport ATM,25/04/2014,103,72,31,494100,417300,76800,friday,W
KK Nagar ATM,25/04/2014,297,220,77,1369200,1097400,271800,friday,W
Christ College ATM,25/04/2014,116,50,66,502200,262100,240100,friday,W
Big Street ATM,26/04/2014,137,46,91,511300,248800,262500,saturday,H
Mount Road ATM,26/04/2014,153,65,88,427600,204500,223100,saturday,H
Airport ATM,26/04/2014,143,104,39,846700,684400,162300,saturday,H
KK Nagar ATM,26/04/2014,373,265,108,2010200,1548400,461800,saturday,H
Christ College ATM,26/04/2014,118,59,59,619000,373900,245100,saturday,H
Big Street ATM,27/04/2014,136,43,93,254000,104400,149600,sunday,H
Mount Road ATM,27/04/2014,127,43,84,428500,204500,224000,sunday,H
Airport ATM,27/04/2014,88,73,15,394000,342600,51400,sunday,H
KK Nagar ATM,27/04/2014,122,82,40,468300,316800,151500,sunday,H
Christ College ATM,27/04/2014,68,29,39,248300,84200,164100,sunday,H
Big Street ATM,28/04/2014,98,35,63,295200,161000,134200,monday,W
Mount Road ATM,28/04/2014,168,85,83,531600,306000,225600,monday,W
Airport ATM,28/04/2014,94,74,20,313200,287300,25900,monday,W
KK Nagar ATM,28/04/2014,275,218,57,1420100,1187000,233100,monday,W
Christ College ATM,28/04/2014,117,71,46,703700,489100,214600,monday,W
Big Street ATM,29/04/2014,92,42,50,374100,214900,159200,tuesday,W
Mount Road ATM,29/04/2014,116,66,50,344600,211900,132700,tuesday,W
Airport ATM,29/04/2014,123,97,26,618200,563000,55200,tuesday,W
KK Nagar ATM,29/04/2014,218,153,65,1044500,791300,253200,tuesday,W
Christ College ATM,29/04/2014,100,51,49,419900,208300,211600,tuesday,W
Big Street ATM,30/04/2014,95,34,61,361500,153800,207700,wednesday,W
Mount Road ATM,30/04/2014,200,115,85,1063800,762100,301700,wednesday,W
Airport ATM,30/04/2014,153,112,41,772800,633500,139300,wednesday,W
KK Nagar ATM,30/04/2014,381,267,114,2010800,1441400,569400,wednesday,W
Christ College ATM,30/04/2014,169,70,99,880100,406300,473800,wednesday,W
Big Street ATM,01/05/2014,70,24,46,349200,161200,188000,thursday,H
Mount Road ATM,01/05/2014,102,60,42,438300,283600,154700,thursday,H
Airport ATM,01/05/2014,67,59,8,443600,427600,16000,thursday,H
KK Nagar ATM,01/05/2014,215,152,63,973000,659500,313500,thursday,H
Christ College ATM,01/05/2014,80,39,41,478600,211700,266900,thursday,H
Big Street ATM,02/05/2014,109,45,64,473000,206900,266100,friday,W
Mount Road ATM,02/05/2014,165,117,48,883100,709900,173200,friday,W
Airport ATM,02/05/2014,103,83,20,455200,379400,75800,friday,W
KK Nagar ATM,02/05/2014,366,253,113,2221600,1706300,515300,friday,W
Christ College ATM,02/05/2014,138,66,72,718600,376200,342400,friday,W
Big Street ATM,03/05/2014,83,31,52,248200,89200,159000,saturday,H
Mount Road ATM,03/05/2014,200,130,70,925300,680300,245000,saturday,H
Airport ATM,03/05/2014,153,138,15,978600,919800,58800,saturday,H
KK Nagar ATM,03/05/2014,268,191,77,1449100,1083300,365800,saturday,H
Christ College ATM,03/05/2014,155,75,80,797800,426900,370900,saturday,H
Big Street ATM,04/05/2014,99,42,57,340500,180400,160100,sunday,H
Mount Road ATM,04/05/2014,95,44,51,459500,272300,187200,sunday,H
Airport ATM,04/05/2014,103,87,16,494900,426100,68800,sunday,H
KK Nagar ATM,04/05/2014,116,88,28,485300,368300,117000,sunday,H
Christ College ATM,04/05/2014,112,41,71,533700,200200,333500,sunday,H
Big Street ATM,05/05/2014,48,19,29,190900,126600,64300,monday,W
Mount Road ATM,05/05/2014,192,111,81,1022100,701500,320600,monday,W
Airport ATM,05/05/2014,96,84,12,502400,460000,42400,monday,W
KK Nagar ATM,05/05/2014,298,198,100,1687100,1206500,480600,monday,W
Christ College ATM,05/05/2014,129,43,86,676900,286800,390100,monday,W
Big Street ATM,06/05/2014,61,19,42,155700,19200,136500,tuesday,W
Mount Road ATM,06/05/2014,159,85,74,604500,415200,189300,tuesday,W
Airport ATM,06/05/2014,87,62,25,595400,477900,117500,tuesday,W
KK Nagar ATM,06/05/2014,349,223,126,1725400,1131300,594100,tuesday,W
Christ College ATM,06/05/2014,152,67,85,821400,329500,491900,tuesday,W
Big Street ATM,07/05/2014,99,28,71,376700,136800,239900,wednesday,W
Mount Road ATM,07/05/2014,171,90,81,740300,443500,296800,wednesday,W
Airport ATM,07/05/2014,134,101,33,724200,603000,121200,wednesday,W
KK Nagar ATM,07/05/2014,254,151,103,1270600,782200,488400,wednesday,W
Christ College ATM,07/05/2014,139,50,89,626000,210700,415300,wednesday,W
Big Street ATM,08/05/2014,101,35,66,298800,118300,180500,thursday,W
Mount Road ATM,08/05/2014,183,92,91,850400,498300,352100,thursday,W
Airport ATM,08/05/2014,111,86,25,561900,442400,119500,thursday,W
KK Nagar ATM,08/05/2014,299,184,115,1510400,961200,549200,thursday,W
Christ College ATM,08/05/2014,130,53,77,684200,367700,316500,thursday,W
Big Street ATM,09/05/2014,40,14,26,145900,77700,68200,friday,W
Mount Road ATM,09/05/2014,147,70,77,493300,221500,271800,friday,W
Airport ATM,09/05/2014,81,69,12,563300,513000,50300,friday,W
KK Nagar ATM,09/05/2014,289,201,88,1589300,1221400,367900,friday,W
Christ College ATM,09/05/2014,138,63,75,675100,283700,391400,friday,W
Big Street ATM,10/05/2014,90,39,51,369500,202500,167000,saturday,H
Mount Road ATM,10/05/2014,243,111,132,916900,539400,377500,saturday,H
Airport ATM,10/05/2014,104,98,6,599700,571500,28200,saturday,H
KK Nagar ATM,10/05/2014,286,220,66,1243000,1001000,242000,saturday,H
Christ College ATM,10/05/2014,113,51,62,619400,333000,286400,saturday,H
Big Street ATM,11/05/2014,77,28,49,203300,73900,129400,sunday,H
Mount Road ATM,11/05/2014,113,52,61,286500,108700,177800,sunday,H
Airport ATM,11/05/2014,84,84,0,407400,407400,0,sunday,H
KK Nagar ATM,11/05/2014,108,83,25,454600,387500,67100,sunday,H
Christ College ATM,11/05/2014,60,39,21,254600,206200,48400,sunday,H
Big Street ATM,12/05/2014,71,24,47,269600,91200,178400,monday,W
Mount Road ATM,12/05/2014,168,90,78,660100,419400,240700,monday,W
Airport ATM,12/05/2014,96,93,3,494400,475400,19000,monday,W
KK Nagar ATM,12/05/2014,255,188,67,1247400,1025500,221900,monday,W
Christ College ATM,12/05/2014,117,57,60,570800,324400,246400,monday,W
Big Street ATM,13/05/2014,100,43,57,404800,245700,159100,tuesday,W
Mount Road ATM,13/05/2014,169,82,87,782500,536800,245700,tuesday,W
Airport ATM,13/05/2014,101,88,13,550500,509300,41200,tuesday,W
KK Nagar ATM,13/05/2014,239,171,68,1088100,847500,240600,tuesday,W
Christ College ATM,13/05/2014,138,47,91,684000,289700,394300,tuesday,W
Big Street ATM,14/05/2014,94,32,62,398400,237500,160900,wednesday,W
Mount Road ATM,14/05/2014,137,82,55,613100,426900,186200,wednesday,W
Airport ATM,14/05/2014,94,89,5,578900,543400,35500,wednesday,W
KK Nagar ATM,14/05/2014,206,157,49,1074900,824700,250200,wednesday,W
Christ College ATM,14/05/2014,147,36,111,689300,204200,485100,wednesday,W
Big Street ATM,15/05/2014,78,26,52,208600,90200,118400,thursday,W
Mount Road ATM,15/05/2014,128,66,62,475200,308000,167200,thursday,W
Airport ATM,15/05/2014,83,77,6,422400,411100,11300,thursday,W
KK Nagar ATM,15/05/2014,233,165,68,1016000,735900,280100,thursday,W
Christ College ATM,15/05/2014,175,72,103,901200,423400,477800,thursday,W
Big Street ATM,16/05/2014,92,31,61,381900,203200,178700,friday,W
Mount Road ATM,16/05/2014,133,59,74,370000,206400,163600,friday,W
Airport ATM,16/05/2014,100,78,22,521800,481000,40800,friday,W
KK Nagar ATM,16/05/2014,198,139,59,911900,635000,276900,friday,W
Christ College ATM,16/05/2014,152,46,106,591000,210800,380200,friday,W
Big Street ATM,17/05/2014,80,32,48,314500,183600,130900,saturday,H
Mount Road ATM,17/05/2014,198,101,97,713800,427600,286200,saturday,H
Airport ATM,17/05/2014,93,71,22,536700,462300,74400,saturday,H
KK Nagar ATM,17/05/2014,287,208,79,1339000,1022600,316400,saturday,H
Christ College ATM,17/05/2014,161,52,109,782600,272800,509800,saturday,H
Big Street ATM,18/05/2014,124,31,93,402100,160100,242000,sunday,H
Mount Road ATM,18/05/2014,129,38,91,326600,105300,221300,sunday,H
Airport ATM,18/05/2014,107,71,36,354200,274800,79400,sunday,H
KK Nagar ATM,18/05/2014,118,64,54,448600,259300,189300,sunday,H
Christ College ATM,18/05/2014,141,33,108,477200,75300,401900,sunday,H
Big Street ATM,19/05/2014,113,36,77,317200,148100,169100,monday,W
Mount Road ATM,19/05/2014,211,115,96,926800,657300,269500,monday,W
Airport ATM,19/05/2014,107,83,24,506100,462800,43300,monday,W
KK Nagar ATM,19/05/2014,258,175,83,1219100,813000,406100,monday,W
Christ College ATM,19/05/2014,206,67,139,861200,379500,481700,monday,W
Big Street ATM,20/05/2014,92,33,59,359700,196400,163300,tuesday,W
Mount Road ATM,20/05/2014,171,81,90,683100,461000,222100,tuesday,W
Airport ATM,20/05/2014,112,78,34,677200,536500,140700,tuesday,W
KK Nagar ATM,20/05/2014,250,186,64,1134100,915600,218500,tuesday,W
Christ College ATM,20/05/2014,171,59,112,881000,386000,495000,tuesday,W
Big Street ATM,21/05/2014,105,34,71,415100,233800,181300,wednesday,W
Mount Road ATM,21/05/2014,165,72,93,520800,281900,238900,wednesday,W
Airport ATM,21/05/2014,111,88,23,606700,551700,55000,wednesday,W
KK Nagar ATM,21/05/2014,335,237,98,1476000,1140200,335800,wednesday,W
Christ College ATM,21/05/2014,160,46,114,827000,263500,563500,wednesday,W
Big Street ATM,22/05/2014,92,26,66,277200,122000,155200,thursday,W
Mount Road ATM,22/05/2014,176,82,94,642300,314300,328000,thursday,W
Airport ATM,22/05/2014,132,104,28,694500,597400,97100,thursday,W
KK Nagar ATM,22/05/2014,338,246,92,1571700,1228200,343500,thursday,W
Christ College ATM,22/05/2014,181,58,123,882000,286800,595200,thursday,W
Big Street ATM,23/05/2014,91,28,63,205200,61500,143700,friday,W
Mount Road ATM,23/05/2014,163,85,78,603700,380500,223200,friday,W
Airport ATM,23/05/2014,84,68,16,401700,333000,68700,friday,W
KK Nagar ATM,23/05/2014,185,129,56,1091000,837300,253700,friday,W
Christ College ATM,23/05/2014,143,55,88,627800,263000,364800,friday,W
Big Street ATM,24/05/2014,131,43,88,480300,251700,228600,saturday,H
Mount Road ATM,24/05/2014,175,83,92,625900,395800,230100,saturday,H
Airport ATM,24/05/2014,119,96,23,645800,597700,48100,saturday,H
KK Nagar ATM,24/05/2014,155,95,60,607600,374400,233200,saturday,H
Christ College ATM,24/05/2014,143,54,89,619000,267600,351400,saturday,H
Big Street ATM,25/05/2014,149,40,109,418700,148300,270400,sunday,H
Mount Road ATM,25/05/2014,150,35,115,353100,111700,241400,sunday,H
Airport ATM,25/05/2014,94,62,32,383200,257100,126100,sunday,H
KK Nagar ATM,25/05/2014,99,63,36,403600,258900,144700,sunday,H
Christ College ATM,25/05/2014,101,39,62,368900,152100,216800,sunday,H
Big Street ATM,26/05/2014,130,30,100,421500,138000,283500,monday,W
Mount Road ATM,26/05/2014,180,66,114,515500,234100,281400,monday,W
Airport ATM,26/05/2014,129,88,41,543500,443900,99600,monday,W
KK Nagar ATM,26/05/2014,267,174,93,1377200,977600,399600,monday,W
Christ College ATM,26/05/2014,207,77,130,1085600,466400,619200,monday,W
Big Street ATM,27/05/2014,128,45,83,492600,232400,260200,tuesday,W
Mount Road ATM,27/05/2014,180,74,106,594300,297000,297300,tuesday,W
Airport ATM,27/05/2014,115,86,29,580700,479400,101300,tuesday,W
KK Nagar ATM,27/05/2014,220,145,75,1091300,775700,315600,tuesday,W
Christ College ATM,27/05/2014,152,60,92,574300,261200,313100,tuesday,W
Big Street ATM,28/05/2014,123,28,95,321100,137200,183900,wednesday,W
Mount Road ATM,28/05/2014,203,84,119,744800,397100,347700,wednesday,W
Airport ATM,28/05/2014,65,50,15,317800,285200,32600,wednesday,W
KK Nagar ATM,28/05/2014,344,216,128,1875700,1393500,482200,wednesday,W
Christ College ATM,28/05/2014,138,50,88,733600,273800,459800,wednesday,W
Big Street ATM,29/05/2014,177,48,129,561100,255200,305900,thursday,W
Mount Road ATM,29/05/2014,279,92,187,1033900,523400,510500,thursday,W
Airport ATM,29/05/2014,129,92,37,753900,640400,113500,thursday,W
KK Nagar ATM,29/05/2014,317,164,153,1351500,765500,586000,thursday,W
Christ College ATM,29/05/2014,297,60,237,1269500,322900,946600,thursday,W
Big Street ATM,30/05/2014,113,33,80,341900,105500,236400,friday,W
Mount Road ATM,30/05/2014,196,110,86,899300,582700,316600,friday,W
Airport ATM,30/05/2014,113,72,41,545300,422200,123100,friday,W
KK Nagar ATM,30/05/2014,307,217,90,1392600,1050900,341700,friday,W
Christ College ATM,30/05/2014,124,47,77,676300,271500,404800,friday,W
Big Street ATM,31/05/2014,103,30,73,340000,100200,239800,saturday,H
Mount Road ATM,31/05/2014,270,126,144,1089200,651800,437400,saturday,H
Airport ATM,31/05/2014,132,104,28,784400,686000,98400,saturday,H
KK Nagar ATM,31/05/2014,491,240,251,2303800,1088500,1215300,saturday,H
Christ College ATM,31/05/2014,219,53,166,1025200,246000,779200,saturday,H
Big Street ATM,01/06/2014,142,39,103,395500,132700,262800,sunday,H
Mount Road ATM,01/06/2014,193,60,133,773100,293700,479400,sunday,H
Airport ATM,01/06/2014,96,71,25,404100,355300,48800,sunday,H
KK Nagar ATM,01/06/2014,303,127,176,1362100,567300,794800,sunday,H
Christ College ATM,01/06/2014,240,46,194,934400,226200,708200,sunday,H
Big Street ATM,02/06/2014,147,47,100,639000,263500,375500,monday,W
Mount Road ATM,02/06/2014,236,111,125,1130100,698400,431700,monday,W
Airport ATM,02/06/2014,142,100,42,610400,480100,130300,monday,W
KK Nagar ATM,02/06/2014,426,210,216,2388000,1296700,1091300,monday,W
Christ College ATM,02/06/2014,170,37,133,951900,245400,706500,monday,W
Big Street ATM,03/06/2014,92,32,60,364400,181800,182600,tuesday,W
Mount Road ATM,03/06/2014,154,91,63,766600,549700,216900,tuesday,W
Airport ATM,03/06/2014,132,99,33,661200,544300,116900,tuesday,W
KK Nagar ATM,03/06/2014,359,239,120,1830000,1262400,567600,tuesday,W
Christ College ATM,03/06/2014,191,56,135,1082200,352200,730000,tuesday,W
Big Street ATM,04/06/2014,85,32,53,334900,168300,166600,wednesday,W
Mount Road ATM,04/06/2014,171,93,78,869800,574400,295400,wednesday,W
Airport ATM,04/06/2014,111,86,25,663900,566700,97200,wednesday,W
KK Nagar ATM,04/06/2014,329,199,130,1625800,1064500,561300,wednesday,W
Christ College ATM,04/06/2014,212,57,155,1238700,381600,857100,wednesday,W
Big Street ATM,05/06/2014,129,42,87,519100,164300,354800,thursday,W
Mount Road ATM,05/06/2014,147,75,72,614700,383000,231700,thursday,W
Airport ATM,05/06/2014,123,107,16,773200,718300,54900,thursday,W
KK Nagar ATM,05/06/2014,332,203,129,1735600,1114300,621300,thursday,W
Christ College ATM,05/06/2014,225,68,157,1132200,432900,699300,thursday,W
Big Street ATM,06/06/2014,103,29,74,442000,138500,303500,friday,W
Mount Road ATM,06/06/2014,221,95,126,945300,522700,422600,friday,W
Airport ATM,06/06/2014,110,78,32,632300,529300,103000,friday,W
KK Nagar ATM,06/06/2014,255,148,107,1333300,820500,512800,friday,W
Christ College ATM,06/06/2014,197,57,140,1091900,392900,699000,friday,W
Big Street ATM,07/06/2014,137,52,85,566200,332600,233600,saturday,H
Mount Road ATM,07/06/2014,236,88,148,898900,491800,407100,saturday,H
Airport ATM,07/06/2014,134,106,28,778400,649700,128700,saturday,H
KK Nagar ATM,07/06/2014,431,226,205,2120500,1133300,987200,saturday,H
Christ College ATM,07/06/2014,201,75,126,1221000,564800,656200,saturday,H
Big Street ATM,08/06/2014,118,24,94,302600,74900,227700,sunday,H
Mount Road ATM,08/06/2014,177,70,107,689500,384200,305300,sunday,H
Airport ATM,08/06/2014,124,78,46,632900,475700,157200,sunday,H
KK Nagar ATM,08/06/2014,255,107,148,878100,383100,495000,sunday,H
Christ College ATM,08/06/2014,105,41,64,569700,280200,289500,sunday,H
Big Street ATM,09/06/2014,110,42,68,482500,291100,191400,monday,W
Mount Road ATM,09/06/2014,179,93,86,722800,410700,312100,monday,W
Airport ATM,09/06/2014,92,76,16,393800,368700,25100,monday,W
KK Nagar ATM,09/06/2014,365,212,153,1768300,1083700,684600,monday,W
Christ College ATM,09/06/2014,178,48,130,844400,225800,618600,monday,W
Big Street ATM,10/06/2014,133,41,92,544900,237400,307500,tuesday,W
Mount Road ATM,10/06/2014,167,79,88,629800,364800,265000,tuesday,W
Airport ATM,10/06/2014,124,101,23,584900,514900,70000,tuesday,W
KK Nagar ATM,10/06/2014,331,227,104,1520600,1101700,418900,tuesday,W
Christ College ATM,10/06/2014,124,51,73,617600,293500,324100,tuesday,W
Big Street ATM,11/06/2014,120,42,78,452800,166600,286200,wednesday,W
Mount Road ATM,11/06/2014,177,84,93,685300,413400,271900,wednesday,W
Airport ATM,11/06/2014,134,101,33,710900,570900,140000,wednesday,W
KK Nagar ATM,11/06/2014,411,270,141,2085400,1479600,605800,wednesday,W
Christ College ATM,11/06/2014,169,62,107,839200,327000,512200,wednesday,W
Big Street ATM,12/06/2014,98,36,62,374100,194300,179800,thursday,W
Mount Road ATM,12/06/2014,159,89,70,635800,456000,179800,thursday,W
Airport ATM,12/06/2014,108,86,22,716800,595400,121400,thursday,W
KK Nagar ATM,12/06/2014,289,206,83,1429700,1169200,260500,thursday,W
Christ College ATM,12/06/2014,111,56,55,466200,262200,204000,thursday,W
Big Street ATM,13/06/2014,106,38,68,337400,144800,192600,friday,W
Mount Road ATM,13/06/2014,143,65,78,547100,291000,256100,friday,W
Airport ATM,13/06/2014,70,60,10,329200,295100,34100,friday,W
KK Nagar ATM,13/06/2014,260,184,76,1112600,830900,281700,friday,W
Christ College ATM,13/06/2014,74,30,44,396000,183600,212400,friday,W
Big Street ATM,14/06/2014,115,35,80,353900,129000,224900,saturday,H
Mount Road ATM,14/06/2014,186,75,111,763700,393500,370200,saturday,H
Airport ATM,14/06/2014,67,52,15,244500,213000,31500,saturday,H
KK Nagar ATM,14/06/2014,262,172,90,1401100,1044000,357100,saturday,H
Christ College ATM,14/06/2014,128,58,70,453400,183800,269600,saturday,H
Big Street ATM,15/06/2014,122,39,83,441700,197300,244400,sunday,H
Mount Road ATM,15/06/2014,135,49,86,401100,199100,202000,sunday,H
Airport ATM,15/06/2014,121,99,22,406400,362900,43500,sunday,H
KK Nagar ATM,15/06/2014,131,86,45,516300,297600,218700,sunday,H
Christ College ATM,15/06/2014,129,39,90,400700,148200,252500,sunday,H
Big Street ATM,16/06/2014,91,33,58,284100,127200,156900,monday,W
Mount Road ATM,16/06/2014,132,84,48,788500,607500,181000,monday,W
Airport ATM,16/06/2014,38,31,7,154700,146300,8400,monday,W
KK Nagar ATM,16/06/2014,273,196,77,1289600,1005700,283900,monday,W
Christ College ATM,16/06/2014,228,58,170,972000,367500,604500,monday,W
Big Street ATM,17/06/2014,96,42,54,331000,209100,121900,tuesday,W
Mount Road ATM,17/06/2014,87,56,31,288500,239500,49000,tuesday,W
Airport ATM,17/06/2014,98,76,22,617900,538300,79600,tuesday,W
KK Nagar ATM,17/06/2014,234,172,62,1026500,787100,239400,tuesday,W
Christ College ATM,17/06/2014,148,59,89,626200,247900,378300,tuesday,W
Big Street ATM,18/06/2014,94,36,58,250800,147900,102900,wednesday,W
Mount Road ATM,18/06/2014,175,92,83,721900,436000,285900,wednesday,W
Airport ATM,18/06/2014,92,78,14,485000,454200,30800,wednesday,W
KK Nagar ATM,18/06/2014,290,186,104,1474100,1114800,359300,wednesday,W
Christ College ATM,18/06/2014,122,53,69,580800,309000,271800,wednesday,W
Big Street ATM,19/06/2014,92,38,54,351900,232500,119400,thursday,W
Mount Road ATM,19/06/2014,145,81,64,482600,345900,136700,thursday,W
Airport ATM,19/06/2014,84,62,22,504000,395400,108600,thursday,W
KK Nagar ATM,19/06/2014,232,174,58,1069400,910300,159100,thursday,W
Christ College ATM,19/06/2014,114,52,62,471700,246500,225200,thursday,W
Big Street ATM,20/06/2014,107,48,59,330000,191100,138900,friday,W
Mount Road ATM,20/06/2014,188,92,96,859800,479600,380200,friday,W
Airport ATM,20/06/2014,103,79,24,517300,442900,74400,friday,W
KK Nagar ATM,20/06/2014,241,182,59,899500,659600,239900,friday,W
Christ College ATM,20/06/2014,127,59,68,560600,369800,190800,friday,W
Big Street ATM,21/06/2014,91,29,62,191000,73900,117100,saturday,H
Mount Road ATM,21/06/2014,216,87,129,669400,333000,336400,saturday,H
Airport ATM,21/06/2014,94,77,17,421700,384800,36900,saturday,H
KK Nagar ATM,21/06/2014,263,185,78,1201700,963800,237900,saturday,H
Christ College ATM,21/06/2014,134,58,76,714800,376500,338300,saturday,H
Big Street ATM,22/06/2014,99,30,69,263400,108500,154900,sunday,H
Mount Road ATM,22/06/2014,125,51,74,397200,272700,124500,sunday,H
Airport ATM,22/06/2014,107,84,23,516200,456600,59600,sunday,H
KK Nagar ATM,22/06/2014,148,90,58,584000,336000,248000,sunday,H
Christ College ATM,22/06/2014,96,40,56,380100,188500,191600,sunday,H
Big Street ATM,23/06/2014,77,28,49,270000,151900,118100,monday,W
Mount Road ATM,23/06/2014,157,74,83,606000,348900,257100,monday,W
Airport ATM,23/06/2014,111,87,24,499000,463500,35500,monday,W
KK Nagar ATM,23/06/2014,277,211,66,1319400,1064300,255100,monday,W
Christ College ATM,23/06/2014,100,46,54,402300,226800,175500,monday,W
Big Street ATM,24/06/2014,107,30,77,293300,87600,205700,tuesday,W
Mount Road ATM,24/06/2014,162,88,74,707300,422300,285000,tuesday,W
Airport ATM,24/06/2014,89,71,18,386800,305800,81000,tuesday,W
KK Nagar ATM,24/06/2014,226,173,53,888400,690600,197800,tuesday,W
Christ College ATM,24/06/2014,111,43,68,413900,150800,263100,tuesday,W
Big Street ATM,25/06/2014,101,39,62,344400,153900,190500,wednesday,W
Mount Road ATM,25/06/2014,167,97,70,765600,512600,253000,wednesday,W
Airport ATM,25/06/2014,132,86,46,626100,455000,171100,wednesday,W
KK Nagar ATM,25/06/2014,242,182,60,1082700,776800,305900,wednesday,W
Christ College ATM,25/06/2014,78,39,39,346200,252200,94000,wednesday,W
Big Street ATM,26/06/2014,79,27,52,259800,105400,154400,thursday,W
Mount Road ATM,26/06/2014,170,96,74,624000,382300,241700,thursday,W
Airport ATM,26/06/2014,146,115,31,737900,675500,62400,thursday,W
KK Nagar ATM,26/06/2014,268,183,85,1420400,986800,433600,thursday,W
Christ College ATM,26/06/2014,106,45,61,621800,360500,261300,thursday,W
Big Street ATM,27/06/2014,95,30,65,297700,134900,162800,friday,W
Mount Road ATM,27/06/2014,173,84,89,735500,476500,259000,friday,W
Airport ATM,27/06/2014,140,117,23,738000,657600,80400,friday,W
KK Nagar ATM,27/06/2014,238,176,62,950400,695000,255400,friday,W
Christ College ATM,27/06/2014,100,43,57,339400,185700,153700,friday,W
Big Street ATM,28/06/2014,123,31,92,382600,117200,265400,saturday,H
Mount Road ATM,28/06/2014,213,82,131,799500,397600,401900,saturday,H
Airport ATM,28/06/2014,90,70,20,470500,415000,55500,saturday,H
KK Nagar ATM,28/06/2014,325,212,113,1462000,1050100,411900,saturday,H
Christ College ATM,28/06/2014,121,55,66,536200,293300,242900,saturday,H
Big Street ATM,29/06/2014,108,40,68,317400,131000,186400,sunday,H
Mount Road ATM,29/06/2014,118,46,72,387000,179900,207100,sunday,H
Airport ATM,29/06/2014,58,45,13,224100,201000,23100,sunday,H
KK Nagar ATM,29/06/2014,163,106,57,496500,347200,149300,sunday,H
Christ College ATM,29/06/2014,84,29,55,347100,133400,213700,sunday,H
Big Street ATM,30/06/2014,108,32,76,344000,92600,251400,monday,W
Mount Road ATM,30/06/2014,285,120,165,1360200,703500,656700,monday,W
Airport ATM,30/06/2014,52,41,11,219500,185300,34200,monday,W
KK Nagar ATM,30/06/2014,314,206,108,1558700,1110300,448400,monday,W
Christ College ATM,30/06/2014,133,60,73,627400,288500,338900,monday,W
Big Street ATM,01/07/2014,142,36,106,699500,208400,491100,tuesday,W
Mount Road ATM,01/07/2014,212,98,114,801000,468000,333000,tuesday,W
Airport ATM,01/07/2014,77,63,14,357600,314700,42900,tuesday,W
KK Nagar ATM,01/07/2014,336,209,127,1965400,1321600,643800,tuesday,W
Christ College ATM,01/07/2014,247,56,191,1208500,210800,997700,tuesday,W
Big Street ATM,02/07/2014,59,17,42,229700,101100,128600,wednesday,W
Mount Road ATM,02/07/2014,220,110,110,1179400,752900,426500,wednesday,W
Airport ATM,02/07/2014,145,102,43,946800,736200,210600,wednesday,W
KK Nagar ATM,02/07/2014,296,189,107,1744600,1271000,473600,wednesday,W
Christ College ATM,02/07/2014,139,43,96,650500,198600,451900,wednesday,W
Big Street ATM,03/07/2014,70,18,52,255000,78700,176300,thursday,W
Mount Road ATM,03/07/2014,195,122,73,1000800,765700,235100,thursday,W
Airport ATM,03/07/2014,163,139,24,940600,864300,76300,thursday,W
KK Nagar ATM,03/07/2014,266,194,72,1508400,1178000,330400,thursday,W
Christ College ATM,03/07/2014,271,63,208,1330000,339200,990800,thursday,W
Big Street ATM,04/07/2014,114,41,73,425200,174100,251100,friday,W
Mount Road ATM,04/07/2014,216,103,113,990700,635900,354800,friday,W
Airport ATM,04/07/2014,139,98,41,780000,590500,189500,friday,W
KK Nagar ATM,04/07/2014,262,174,88,1211800,813800,398000,friday,W
Christ College ATM,04/07/2014,173,51,122,799900,293300,506600,friday,W
Big Street ATM,05/07/2014,84,27,57,229300,77100,152200,saturday,H
Mount Road ATM,05/07/2014,276,117,159,1111100,630500,480600,saturday,H
Airport ATM,05/07/2014,159,121,38,894000,736600,157400,saturday,H
KK Nagar ATM,05/07/2014,271,189,82,1368000,952500,415500,saturday,H
Christ College ATM,05/07/2014,192,52,140,1076100,389600,686500,saturday,H
Big Street ATM,06/07/2014,107,30,77,268100,109500,158600,sunday,H
Mount Road ATM,06/07/2014,196,69,127,604600,260200,344400,sunday,H
Airport ATM,06/07/2014,139,99,40,686600,567600,119000,sunday,H
KK Nagar ATM,06/07/2014,137,85,52,611000,392500,218500,sunday,H
Christ College ATM,06/07/2014,156,34,122,735600,162300,573300,sunday,H
Big Street ATM,07/07/2014,99,28,71,378700,172500,206200,monday,W
Mount Road ATM,07/07/2014,269,150,119,1256300,840000,416300,monday,W
Airport ATM,07/07/2014,118,92,26,455200,368300,86900,monday,W
KK Nagar ATM,07/07/2014,262,172,90,1100700,740500,360200,monday,W
Christ College ATM,07/07/2014,260,80,180,1273700,399000,874700,monday,W
Big Street ATM,08/07/2014,86,25,61,292100,88100,204000,tuesday,W
Mount Road ATM,08/07/2014,162,74,88,659300,387200,272100,tuesday,W
Airport ATM,08/07/2014,126,88,38,607300,476500,130800,tuesday,W
KK Nagar ATM,08/07/2014,281,211,70,1241600,977500,264100,tuesday,W
Christ College ATM,08/07/2014,187,84,103,872500,486500,386000,tuesday,W
Big Street ATM,09/07/2014,88,25,63,327100,97100,230000,wednesday,W
Mount Road ATM,09/07/2014,200,116,84,822000,540300,281700,wednesday,W
Airport ATM,09/07/2014,142,112,30,791000,641900,149100,wednesday,W
KK Nagar ATM,09/07/2014,264,182,82,1213200,871900,341300,wednesday,W
Christ College ATM,09/07/2014,160,47,113,726200,239000,487200,wednesday,W
Big Street ATM,10/07/2014,98,28,70,364800,115600,249200,thursday,W
Mount Road ATM,10/07/2014,186,93,93,711500,467200,244300,thursday,W
Airport ATM,10/07/2014,118,92,26,706600,624100,82500,thursday,W
KK Nagar ATM,10/07/2014,257,170,87,1154800,804700,350100,thursday,W
Christ College ATM,10/07/2014,123,49,74,471200,253400,217800,thursday,W
Big Street ATM,11/07/2014,88,19,69,266800,77300,189500,friday,W
Mount Road ATM,11/07/2014,173,82,91,903200,547300,355900,friday,W
Airport ATM,11/07/2014,142,114,28,885600,788100,97500,friday,W
KK Nagar ATM,11/07/2014,244,190,54,1093700,870600,223100,friday,W
Christ College ATM,11/07/2014,165,60,105,721000,343700,377300,friday,W
Big Street ATM,12/07/2014,106,26,80,333700,102700,231000,saturday,H
Mount Road ATM,12/07/2014,244,96,148,1050300,579600,470700,saturday,H
Airport ATM,12/07/2014,128,102,26,750500,644200,106300,saturday,H
KK Nagar ATM,12/07/2014,305,210,95,1450600,1031200,419400,saturday,H
Christ College ATM,12/07/2014,183,53,130,956700,253700,703000,saturday,H
Big Street ATM,13/07/2014,145,40,105,448200,126200,322000,sunday,H
Mount Road ATM,13/07/2014,153,49,104,384500,164600,219900,sunday,H
Airport ATM,13/07/2014,105,80,25,312300,260000,52300,sunday,H
KK Nagar ATM,13/07/2014,210,147,63,590200,394600,195600,sunday,H
Christ College ATM,13/07/2014,78,31,47,200500,103900,96600,sunday,H
Big Street ATM,14/07/2014,102,36,66,337300,142900,194400,monday,W
Mount Road ATM,14/07/2014,185,104,81,606100,371100,235000,monday,W
Airport ATM,14/07/2014,153,111,42,948200,812900,135300,monday,W
KK Nagar ATM,14/07/2014,410,286,124,1771800,1385300,386500,monday,W
Christ College ATM,14/07/2014,193,66,127,854000,356200,497800,monday,W
Big Street ATM,15/07/2014,74,26,48,244800,117000,127800,tuesday,W
Mount Road ATM,15/07/2014,178,85,93,657700,330700,327000,tuesday,W
Airport ATM,15/07/2014,107,86,21,537400,476000,61400,tuesday,W
KK Nagar ATM,15/07/2014,280,218,62,1452300,1174600,277700,tuesday,W
Christ College ATM,15/07/2014,156,55,101,818300,318900,499400,tuesday,W
Big Street ATM,16/07/2014,115,33,82,401600,197800,203800,wednesday,W
Mount Road ATM,16/07/2014,167,84,83,572200,342300,229900,wednesday,W
Airport ATM,16/07/2014,89,77,12,469800,416100,53700,wednesday,W
KK Nagar ATM,16/07/2014,281,209,72,1315800,1062900,252900,wednesday,W
Christ College ATM,16/07/2014,138,71,67,641400,378000,263400,wednesday,W
Big Street ATM,17/07/2014,100,33,67,360600,202200,158400,thursday,W
Mount Road ATM,17/07/2014,167,83,84,563300,232700,330600,thursday,W
Airport ATM,17/07/2014,117,96,21,625000,543500,81500,thursday,W
KK Nagar ATM,17/07/2014,269,200,69,1254700,950900,303800,thursday,W
Christ College ATM,17/07/2014,107,56,51,548900,321500,227400,thursday,W
Big Street ATM,18/07/2014,98,29,69,351700,180200,171500,friday,W
Mount Road ATM,18/07/2014,162,80,82,525400,300600,224800,friday,W
Airport ATM,18/07/2014,95,74,21,460200,369300,90900,friday,W
KK Nagar ATM,18/07/2014,235,179,56,934000,758100,175900,friday,W
Christ College ATM,18/07/2014,116,52,64,553300,333800,219500,friday,W
Big Street ATM,19/07/2014,134,47,87,380500,187200,193300,saturday,H
Mount Road ATM,19/07/2014,278,107,171,946800,457100,489700,saturday,H
Airport ATM,19/07/2014,141,114,27,568300,493300,75000,saturday,H
KK Nagar ATM,19/07/2014,193,123,70,674300,386400,287900,saturday,H
Christ College ATM,19/07/2014,158,75,83,862600,535100,327500,saturday,H
Big Street ATM,20/07/2014,122,28,94,326600,102900,223700,sunday,H
Mount Road ATM,20/07/2014,169,49,120,529300,234300,295000,sunday,H
Airport ATM,20/07/2014,120,73,47,502300,409900,92400,sunday,H
KK Nagar ATM,20/07/2014,126,90,36,435100,280800,154300,sunday,H
Christ College ATM,20/07/2014,115,26,89,424000,115000,309000,sunday,H
Big Street ATM,21/07/2014,99,33,66,300400,118000,182400,monday,W
Mount Road ATM,21/07/2014,206,111,95,926800,671200,255600,monday,W
Airport ATM,21/07/2014,48,37,11,133500,123000,10500,monday,W
KK Nagar ATM,21/07/2014,259,185,74,1115100,835700,279400,monday,W
Christ College ATM,21/07/2014,91,40,51,483000,273000,210000,monday,W
Big Street ATM,22/07/2014,101,36,65,326200,147300,178900,tuesday,W
Mount Road ATM,22/07/2014,185,79,106,608600,359300,249300,tuesday,W
Airport ATM,22/07/2014,108,81,27,602600,521800,80800,tuesday,W
KK Nagar ATM,22/07/2014,241,189,52,1364100,1168300,195800,tuesday,W
Christ College ATM,22/07/2014,95,50,45,436000,282200,153800,tuesday,W
Big Street ATM,23/07/2014,114,35,79,350400,200800,149600,wednesday,W
Mount Road ATM,23/07/2014,179,82,97,646300,428800,217500,wednesday,W
Airport ATM,23/07/2014,144,121,23,690500,612500,78000,wednesday,W
KK Nagar ATM,23/07/2014,239,163,76,1247100,908500,338600,wednesday,W
Christ College ATM,23/07/2014,105,51,54,472200,327400,144800,wednesday,W
Big Street ATM,24/07/2014,125,33,92,386600,130500,256100,thursday,W
Mount Road ATM,24/07/2014,171,77,94,664300,341200,323100,thursday,W
Airport ATM,24/07/2014,54,41,13,249900,235900,14000,thursday,W
KK Nagar ATM,24/07/2014,275,208,67,1203300,1020200,183100,thursday,W
Christ College ATM,24/07/2014,119,47,72,470000,234400,235600,thursday,W
Big Street ATM,25/07/2014,108,38,70,404600,229900,174700,friday,W
Mount Road ATM,25/07/2014,180,88,92,732500,459600,272900,friday,W
Airport ATM,25/07/2014,96,81,15,680000,646100,33900,friday,W
KK Nagar ATM,25/07/2014,209,165,44,917000,772200,144800,friday,W
Christ College ATM,25/07/2014,119,57,62,504600,303600,201000,friday,W
Big Street ATM,26/07/2014,94,21,73,316900,106400,210500,saturday,H
Mount Road ATM,26/07/2014,286,116,170,1063600,514200,549400,saturday,H
Airport ATM,26/07/2014,109,84,25,544600,481700,62900,saturday,H
KK Nagar ATM,26/07/2014,271,211,60,1301700,1034500,267200,saturday,H
Christ College ATM,26/07/2014,120,50,70,369300,171300,198000,saturday,H
Big Street ATM,27/07/2014,80,16,64,204100,61000,143100,sunday,H
Mount Road ATM,27/07/2014,148,55,93,388700,157500,231200,sunday,H
Airport ATM,27/07/2014,103,73,30,501700,410300,91400,sunday,H
KK Nagar ATM,27/07/2014,106,70,36,364900,244000,120900,sunday,H
Christ College ATM,27/07/2014,60,27,33,167700,83200,84500,sunday,H
Big Street ATM,28/07/2014,115,38,77,332000,155700,176300,monday,W
Mount Road ATM,28/07/2014,155,92,63,651200,473000,178200,monday,W
Airport ATM,28/07/2014,113,89,24,457600,438400,19200,monday,W
KK Nagar ATM,28/07/2014,308,222,86,1444600,1167800,276800,monday,W
Christ College ATM,28/07/2014,119,64,55,496100,330200,165900,monday,W
Big Street ATM,29/07/2014,48,10,38,164900,58000,106900,tuesday,H
Mount Road ATM,29/07/2014,110,52,58,368500,224100,144400,tuesday,H
Airport ATM,29/07/2014,91,67,24,393400,310500,82900,tuesday,H
KK Nagar ATM,29/07/2014,161,117,44,674700,546900,127800,tuesday,H
Christ College ATM,29/07/2014,75,36,39,231100,175000,56100,tuesday,H
Big Street ATM,30/07/2014,103,29,74,288000,105700,182300,wednesday,W
Mount Road ATM,30/07/2014,200,108,92,839100,606600,232500,wednesday,W
Airport ATM,30/07/2014,106,85,21,620100,577700,42400,wednesday,W
KK Nagar ATM,30/07/2014,232,167,65,1117200,837700,279500,wednesday,W
Christ College ATM,30/07/2014,100,36,64,386800,156100,230700,wednesday,W
Big Street ATM,31/07/2014,114,30,84,424100,144900,279200,thursday,W
Mount Road ATM,31/07/2014,226,116,110,963800,577600,386200,thursday,W
Airport ATM,31/07/2014,43,35,8,213000,183300,29700,thursday,W
KK Nagar ATM,31/07/2014,302,236,66,1606700,1373900,232800,thursday,W
Christ College ATM,31/07/2014,157,60,97,735500,323000,412500,thursday,W
Big Street ATM,01/08/2014,150,31,119,528200,113700,414500,friday,W
Mount Road ATM,01/08/2014,265,116,149,1058400,440400,618000,friday,W
Airport ATM,01/08/2014,121,83,38,742300,581500,160800,friday,W
KK Nagar ATM,01/08/2014,286,211,75,1557000,1226300,330700,friday,W
Christ College ATM,01/08/2014,174,52,122,865300,220900,644400,friday,W
Big Street ATM,02/08/2014,149,35,114,551300,105100,446200,saturday,H
Mount Road ATM,02/08/2014,270,90,180,952100,428900,523200,saturday,H
Airport ATM,02/08/2014,116,87,29,608900,507600,101300,saturday,H
KK Nagar ATM,02/08/2014,324,205,119,1550400,1046800,503600,saturday,H
Christ College ATM,02/08/2014,223,83,140,1162600,494700,667900,saturday,H
Big Street ATM,03/08/2014,71,16,55,99600,26100,73500,sunday,H
Mount Road ATM,03/08/2014,161,46,115,506600,212000,294600,sunday,H
Airport ATM,03/08/2014,90,71,19,418600,351200,67400,sunday,H
KK Nagar ATM,03/08/2014,137,80,57,512000,266100,245900,sunday,H
Christ College ATM,03/08/2014,191,49,142,877900,300600,577300,sunday,H
Big Street ATM,04/08/2014,151,38,113,639200,158100,481100,monday,W
Mount Road ATM,04/08/2014,201,108,93,729500,423800,305700,monday,W
Airport ATM,04/08/2014,22,14,8,79100,58600,20500,monday,W
KK Nagar ATM,04/08/2014,326,204,122,1598800,999400,599400,monday,W
Christ College ATM,04/08/2014,228,73,155,1230000,400900,829100,monday,W
Big Street ATM,05/08/2014,159,42,117,594800,174900,419900,tuesday,W
Mount Road ATM,05/08/2014,213,119,94,779600,433900,345700,tuesday,W
Airport ATM,05/08/2014,94,70,24,647900,486800,161100,tuesday,W
KK Nagar ATM,05/08/2014,274,196,78,1377700,1008300,369400,tuesday,W
Christ College ATM,05/08/2014,167,64,103,781900,339400,442500,tuesday,W
Big Street ATM,06/08/2014,138,37,101,525100,168100,357000,wednesday,W
Mount Road ATM,06/08/2014,223,125,98,861200,463800,397400,wednesday,W
Airport ATM,06/08/2014,73,50,23,361000,291200,69800,wednesday,W
KK Nagar ATM,06/08/2014,280,209,71,1489100,1209900,279200,wednesday,W
Christ College ATM,06/08/2014,159,65,94,687400,332200,355200,wednesday,W
Big Street ATM,07/08/2014,147,35,112,443700,72500,371200,thursday,W
Mount Road ATM,07/08/2014,223,122,101,859200,502600,356600,thursday,W
Airport ATM,07/08/2014,119,97,22,579400,505700,73700,thursday,W
KK Nagar ATM,07/08/2014,271,193,78,1159800,876000,283800,thursday,W
Christ College ATM,07/08/2014,202,58,144,1025400,430300,595100,thursday,W
Big Street ATM,08/08/2014,131,36,95,540500,239400,301100,friday,W
Mount Road ATM,08/08/2014,182,96,86,841900,451300,390600,friday,W
Airport ATM,08/08/2014,97,71,26,653300,537600,115700,friday,W
KK Nagar ATM,08/08/2014,272,191,81,1323300,975900,347400,friday,W
Christ College ATM,08/08/2014,167,59,108,661600,327900,333700,friday,W
Big Street ATM,09/08/2014,87,30,57,266000,118100,147900,saturday,H
Mount Road ATM,09/08/2014,265,119,146,1004500,511000,493500,saturday,H
Airport ATM,09/08/2014,92,67,25,432900,356200,76700,saturday,H
KK Nagar ATM,09/08/2014,339,251,88,1614700,1230000,384700,saturday,H
Christ College ATM,09/08/2014,160,76,84,822000,458400,363600,saturday,H
Mount Road ATM,10/08/2014,246,56,190,543700,124700,419000,sunday,H
Airport ATM,10/08/2014,103,69,34,439100,309900,129200,sunday,H
KK Nagar ATM,10/08/2014,166,111,55,542600,352500,190100,sunday,H
Christ College ATM,10/08/2014,173,53,120,638900,210900,428000,sunday,H
Big Street ATM,11/08/2014,50,17,33,137000,51800,85200,monday,W
Mount Road ATM,11/08/2014,253,114,139,867700,469300,398400,monday,W
Airport ATM,11/08/2014,135,100,35,745400,634300,111100,monday,W
KK Nagar ATM,11/08/2014,251,180,71,1314200,1015300,298900,monday,W
Christ College ATM,11/08/2014,182,54,128,596800,237600,359200,monday,W
Big Street ATM,12/08/2014,82,35,47,281000,105600,175400,tuesday,W
Mount Road ATM,12/08/2014,178,105,73,666800,435400,231400,tuesday,W
Airport ATM,12/08/2014,103,76,27,550900,470900,80000,tuesday,W
KK Nagar ATM,12/08/2014,290,211,79,1373100,1081400,291700,tuesday,W
Christ College ATM,12/08/2014,130,46,84,466700,123100,343600,tuesday,W
Big Street ATM,13/08/2014,30,4,26,92200,8100,84100,wednesday,W
Mount Road ATM,13/08/2014,164,83,81,437000,204400,232600,wednesday,W
Airport ATM,13/08/2014,112,81,31,485100,386700,98400,wednesday,W
KK Nagar ATM,13/08/2014,270,207,63,1431100,1219400,211700,wednesday,W
Christ College ATM,13/08/2014,158,43,115,535300,208800,326500,wednesday,W
Big Street ATM,14/08/2014,113,41,72,399500,181200,218300,thursday,W
Mount Road ATM,14/08/2014,225,133,92,831500,593100,238400,thursday,W
Airport ATM,14/08/2014,139,109,30,660500,576300,84200,thursday,W
KK Nagar ATM,14/08/2014,277,211,66,1283000,1081500,201500,thursday,W
Christ College ATM,14/08/2014,212,66,146,905200,428100,477100,thursday,W
Big Street ATM,15/08/2014,104,26,78,308200,121700,186500,friday,H
Mount Road ATM,15/08/2014,150,42,108,427200,118700,308500,friday,H
Airport ATM,15/08/2014,84,67,17,367400,330800,36600,friday,H
KK Nagar ATM,15/08/2014,169,113,56,623100,429200,193900,friday,H
Christ College ATM,15/08/2014,100,32,68,365300,134900,230400,friday,H
Big Street ATM,16/08/2014,106,34,72,369700,150400,219300,saturday,H
Mount Road ATM,16/08/2014,157,84,73,506300,282200,224100,saturday,H
Airport ATM,16/08/2014,92,74,18,471900,409700,62200,saturday,H
KK Nagar ATM,16/08/2014,331,213,118,1506000,934000,572000,saturday,H
Christ College ATM,16/08/2014,186,80,106,991500,533000,458500,saturday,H
Big Street ATM,17/08/2014,122,34,88,390400,171200,219200,sunday,H
Mount Road ATM,17/08/2014,128,45,83,410100,203200,206900,sunday,H
Airport ATM,17/08/2014,82,54,28,241000,203400,37600,sunday,H
KK Nagar ATM,17/08/2014,147,98,49,506300,333100,173200,sunday,H
Christ College ATM,17/08/2014,136,44,92,463400,178200,285200,sunday,H
Big Street ATM,18/08/2014,82,32,50,189600,101200,88400,monday,W
Mount Road ATM,18/08/2014,177,91,86,639100,398500,240600,monday,W
Airport ATM,18/08/2014,65,53,12,218600,203800,14800,monday,W
KK Nagar ATM,18/08/2014,292,219,73,1366200,1098500,267700,monday,W
Christ College ATM,18/08/2014,164,49,115,592600,243700,348900,monday,W
Big Street ATM,19/08/2014,90,36,54,328100,189700,138400,tuesday,W
Mount Road ATM,19/08/2014,173,89,84,540300,289000,251300,tuesday,W
Airport ATM,19/08/2014,114,89,25,658800,555300,103500,tuesday,W
KK Nagar ATM,19/08/2014,278,214,64,1522800,1211500,311300,tuesday,W
Christ College ATM,19/08/2014,142,57,85,441500,234700,206800,tuesday,W
Big Street ATM,20/08/2014,107,49,58,352000,215200,136800,wednesday,W
Mount Road ATM,20/08/2014,164,93,71,675200,420900,254300,wednesday,W
Airport ATM,20/08/2014,49,44,5,338000,330700,7300,wednesday,W
KK Nagar ATM,20/08/2014,253,206,47,1354700,1159500,195200,wednesday,W
Christ College ATM,20/08/2014,125,46,79,593100,296900,296200,wednesday,W
Big Street ATM,21/08/2014,93,25,68,292200,108500,183700,thursday,W
Mount Road ATM,21/08/2014,171,106,65,552100,397500,154600,thursday,W
Airport ATM,21/08/2014,88,71,17,367000,339500,27500,thursday,W
KK Nagar ATM,21/08/2014,249,182,67,1071800,808100,263700,thursday,W
Christ College ATM,21/08/2014,140,52,88,707900,430200,277700,thursday,W
Big Street ATM,22/08/2014,108,35,73,398800,202400,196400,friday,W
Mount Road ATM,22/08/2014,133,80,53,419600,286400,133200,friday,W
Airport ATM,22/08/2014,118,85,33,467100,335500,131600,friday,W
KK Nagar ATM,22/08/2014,220,155,65,866900,630100,236800,friday,W
Christ College ATM,22/08/2014,155,54,101,609800,211800,398000,friday,W
Big Street ATM,23/08/2014,106,27,79,335100,104000,231100,saturday,H
Mount Road ATM,23/08/2014,184,80,104,589600,310800,278800,saturday,H
Airport ATM,23/08/2014,87,74,13,515200,470400,44800,saturday,H
KK Nagar ATM,23/08/2014,225,178,47,1231100,1086000,145100,saturday,H
Christ College ATM,23/08/2014,221,65,156,785100,330700,454400,saturday,H
Big Street ATM,24/08/2014,115,28,87,314300,112900,201400,sunday,H
Mount Road ATM,24/08/2014,97,45,52,211600,114400,97200,sunday,H
Airport ATM,24/08/2014,105,65,40,318400,196200,122200,sunday,H
KK Nagar ATM,24/08/2014,133,102,31,469500,365400,104100,sunday,H
Christ College ATM,24/08/2014,125,34,91,361800,120300,241500,sunday,H
Big Street ATM,25/08/2014,84,30,54,246400,90400,156000,monday,W
Mount Road ATM,25/08/2014,176,101,75,693200,468300,224900,monday,W
Airport ATM,25/08/2014,105,74,31,508300,358600,149700,monday,W
KK Nagar ATM,25/08/2014,257,193,64,1179700,871100,308600,monday,W
Christ College ATM,25/08/2014,137,46,91,570700,222100,348600,monday,W
Big Street ATM,26/08/2014,73,25,48,224100,97500,126600,tuesday,W
Mount Road ATM,26/08/2014,181,116,65,703000,506100,196900,tuesday,W
Airport ATM,26/08/2014,110,88,22,534800,452000,82800,tuesday,W
KK Nagar ATM,26/08/2014,288,209,79,1431000,1092000,339000,tuesday,W
Christ College ATM,26/08/2014,127,53,74,635500,347700,287800,tuesday,W
Big Street ATM,27/08/2014,101,38,63,369100,117700,251400,wednesday,W
Mount Road ATM,27/08/2014,190,117,73,641600,406900,234700,wednesday,W
Airport ATM,27/08/2014,77,63,14,374600,337000,37600,wednesday,W
KK Nagar ATM,27/08/2014,301,224,77,1340000,1015300,324700,wednesday,W
Christ College ATM,27/08/2014,147,52,95,635500,336900,298600,wednesday,W
Big Street ATM,28/08/2014,133,50,83,555400,299100,256300,thursday,W
Mount Road ATM,28/08/2014,183,103,80,648000,319800,328200,thursday,W
Airport ATM,28/08/2014,105,77,28,562400,450600,111800,thursday,W
KK Nagar ATM,28/08/2014,284,195,89,1528200,1137100,391100,thursday,W
Christ College ATM,28/08/2014,237,65,172,974000,346100,627900,thursday,W
Big Street ATM,29/08/2014,75,19,56,201000,76500,124500,friday,H
Mount Road ATM,29/08/2014,108,45,63,362300,186800,175500,friday,H
Airport ATM,29/08/2014,66,48,18,300100,282900,17200,friday,H
KK Nagar ATM,29/08/2014,197,140,57,831100,576600,254500,friday,H
Christ College ATM,29/08/2014,112,27,85,502800,195000,307800,friday,H
Big Street ATM,30/08/2014,73,21,52,272600,72500,200100,saturday,H
Mount Road ATM,30/08/2014,234,118,116,942900,635000,307900,saturday,H
Airport ATM,30/08/2014,126,94,32,841100,709600,131500,saturday,H
KK Nagar ATM,30/08/2014,407,224,183,1671400,904700,766700,saturday,H
Christ College ATM,30/08/2014,269,64,205,1220000,280400,939600,saturday,H
Big Street ATM,31/08/2014,92,19,73,289700,81500,208200,sunday,H
Mount Road ATM,31/08/2014,178,72,106,549900,292700,257200,sunday,H
Airport ATM,31/08/2014,91,69,22,473300,400300,73000,sunday,H
KK Nagar ATM,31/08/2014,190,105,85,820400,446500,373900,sunday,H
Christ College ATM,31/08/2014,186,27,159,599400,71500,527900,sunday,H
Big Street ATM,01/09/2014,140,32,108,557000,137700,419300,monday,W
Mount Road ATM,01/09/2014,219,112,107,983000,653500,329500,monday,W
Airport ATM,01/09/2014,99,79,20,529500,456500,73000,monday,W
KK Nagar ATM,01/09/2014,340,200,140,1721100,960200,760900,monday,W
Christ College ATM,01/09/2014,215,54,161,957100,219800,737300,monday,W
Big Street ATM,02/09/2014,105,26,79,390700,159800,230900,tuesday,W
Mount Road ATM,02/09/2014,207,86,121,892500,521800,370700,tuesday,W
Airport ATM,02/09/2014,112,88,24,723500,628900,94600,tuesday,W
KK Nagar ATM,02/09/2014,337,203,134,1856600,1222100,634500,tuesday,W
Christ College ATM,02/09/2014,173,64,109,845300,341400,503900,tuesday,W
Big Street ATM,03/09/2014,109,24,85,415600,148300,267300,wednesday,W
Mount Road ATM,03/09/2014,208,109,99,968300,616000,352300,wednesday,W
Airport ATM,03/09/2014,85,65,20,443000,393300,49700,wednesday,W
KK Nagar ATM,03/09/2014,291,209,82,1686500,1220600,465900,wednesday,W
Christ College ATM,03/09/2014,191,62,129,904100,349000,555100,wednesday,W
Big Street ATM,04/09/2014,118,51,67,493500,257500,236000,thursday,W
Mount Road ATM,04/09/2014,233,101,132,997500,494600,502900,thursday,W
Airport ATM,04/09/2014,118,96,22,653400,556000,97400,thursday,W
KK Nagar ATM,04/09/2014,254,179,75,1418700,1036300,382400,thursday,W
Christ College ATM,04/09/2014,250,81,169,1212100,427300,784800,thursday,W
Big Street ATM,05/09/2014,121,40,81,437300,162400,274900,friday,W
Mount Road ATM,05/09/2014,226,105,121,860600,444500,416100,friday,W
Airport ATM,05/09/2014,106,75,31,606300,447900,158400,friday,W
KK Nagar ATM,05/09/2014,255,177,78,1313200,920800,392400,friday,W
Christ College ATM,05/09/2014,158,52,106,778400,291500,486900,friday,W
Big Street ATM,06/09/2014,120,28,92,360100,118900,241200,saturday,H
Mount Road ATM,06/09/2014,226,100,126,862800,462600,400200,saturday,H
Airport ATM,06/09/2014,107,71,36,624700,492400,132300,saturday,H
KK Nagar ATM,06/09/2014,329,232,97,1630900,1279200,351700,saturday,H
Christ College ATM,06/09/2014,231,69,162,1107800,446600,661200,saturday,H
Big Street ATM,07/09/2014,113,23,90,334800,84200,250600,sunday,H
Mount Road ATM,07/09/2014,147,51,96,501400,194900,306500,sunday,H
Airport ATM,07/09/2014,93,68,25,432800,395100,37700,sunday,H
KK Nagar ATM,07/09/2014,144,90,54,552000,409600,142400,sunday,H
Christ College ATM,07/09/2014,259,42,217,921600,129300,792300,sunday,H
Big Street ATM,08/09/2014,104,30,74,362800,135900,226900,monday,W
Mount Road ATM,08/09/2014,215,106,109,809800,497900,311900,monday,W
Airport ATM,08/09/2014,138,95,43,763100,605100,158000,monday,W
KK Nagar ATM,08/09/2014,275,179,96,1416500,1071000,345500,monday,W
Christ College ATM,08/09/2014,251,57,194,1103600,316400,787200,monday,W
Big Street ATM,09/09/2014,121,31,90,481500,161800,319700,tuesday,W
Mount Road ATM,09/09/2014,221,131,90,847500,569900,277600,tuesday,W
Airport ATM,09/09/2014,108,76,32,535500,405400,130100,tuesday,W
KK Nagar ATM,09/09/2014,276,205,71,1358200,1072800,285400,tuesday,W
Christ College ATM,09/09/2014,164,50,114,668100,214900,453200,tuesday,W
Big Street ATM,10/09/2014,114,30,84,438400,158900,279500,wednesday,W
Mount Road ATM,10/09/2014,207,123,84,871700,638800,232900,wednesday,W
Airport ATM,10/09/2014,134,100,34,677400,547500,129900,wednesday,W
KK Nagar ATM,10/09/2014,288,203,85,1357000,1067500,289500,wednesday,W
Christ College ATM,10/09/2014,130,65,65,622700,408200,214500,wednesday,W
Big Street ATM,11/09/2014,126,41,85,439900,224900,215000,thursday,W
Mount Road ATM,11/09/2014,187,93,94,667600,390000,277600,thursday,W
Airport ATM,11/09/2014,91,63,28,417500,279300,138200,thursday,W
KK Nagar ATM,11/09/2014,216,146,70,968000,698100,269900,thursday,W
Christ College ATM,11/09/2014,120,46,74,483400,249700,233700,thursday,W
Big Street ATM,12/09/2014,122,44,78,490600,218300,272300,friday,W
Mount Road ATM,12/09/2014,151,89,62,430600,254600,176000,friday,W
Airport ATM,12/09/2014,108,72,36,582400,458800,123600,friday,W
KK Nagar ATM,12/09/2014,240,170,70,1264300,981300,283000,friday,W
Christ College ATM,12/09/2014,167,47,120,684600,258700,425900,friday,W
Big Street ATM,13/09/2014,146,37,109,505500,183000,322500,saturday,H
Mount Road ATM,13/09/2014,190,100,90,494100,240500,253600,saturday,H
Airport ATM,13/09/2014,91,72,19,477500,445700,31800,saturday,H
KK Nagar ATM,13/09/2014,274,184,90,1308500,952400,356100,saturday,H
Christ College ATM,13/09/2014,186,66,120,888800,471700,417100,saturday,H
Big Street ATM,14/09/2014,158,35,123,452400,124800,327600,sunday,H
Mount Road ATM,14/09/2014,159,43,116,378800,118400,260400,sunday,H
Airport ATM,14/09/2014,62,36,26,259800,142200,117600,sunday,H
KK Nagar ATM,14/09/2014,214,132,82,878700,609600,269100,sunday,H
Christ College ATM,14/09/2014,155,50,105,569900,264200,305700,sunday,H
Big Street ATM,15/09/2014,123,31,92,336000,113700,222300,monday,W
Mount Road ATM,15/09/2014,167,106,61,736400,573900,162500,monday,W
Airport ATM,15/09/2014,109,79,30,535900,465300,70600,monday,W
KK Nagar ATM,15/09/2014,270,189,81,1300100,992200,307900,monday,W
Christ College ATM,15/09/2014,197,56,141,844000,292600,551400,monday,W
Big Street ATM,16/09/2014,124,28,96,323100,103300,219800,tuesday,W
Mount Road ATM,16/09/2014,141,93,48,421200,329600,91600,tuesday,W
Airport ATM,16/09/2014,108,72,36,543900,395200,148700,tuesday,W
KK Nagar ATM,16/09/2014,235,161,74,1211400,903700,307700,tuesday,W
Christ College ATM,16/09/2014,111,33,78,373800,136800,237000,tuesday,W
Big Street ATM,17/09/2014,122,43,79,381300,177600,203700,wednesday,W
Mount Road ATM,17/09/2014,191,108,83,686500,417900,268600,wednesday,W
Airport ATM,17/09/2014,6,6,0,74500,74500,0,wednesday,W
KK Nagar ATM,17/09/2014,235,164,71,1010000,747300,262700,wednesday,W
Christ College ATM,17/09/2014,151,69,82,747300,447100,300200,wednesday,W
Big Street ATM,18/09/2014,116,28,88,348600,100900,247700,thursday,W
Mount Road ATM,18/09/2014,164,100,64,618700,466600,152100,thursday,W
Airport ATM,18/09/2014,37,23,14,112100,83900,28200,thursday,W
KK Nagar ATM,18/09/2014,238,167,71,1062400,705700,356700,thursday,W
Christ College ATM,18/09/2014,160,49,111,556200,220900,335300,thursday,W
Big Street ATM,19/09/2014,118,39,79,336300,124300,212000,friday,W
Mount Road ATM,19/09/2014,153,91,62,667200,474500,192700,friday,W
Airport ATM,19/09/2014,61,48,13,216200,185200,31000,friday,W
KK Nagar ATM,19/09/2014,232,164,68,1034000,809600,224400,friday,W
Christ College ATM,19/09/2014,122,56,66,624100,390700,233400,friday,W
Big Street ATM,20/09/2014,131,28,103,288100,117800,170300,saturday,H
Mount Road ATM,20/09/2014,192,109,83,716500,518900,197600,saturday,H
Airport ATM,20/09/2014,98,72,26,500100,429700,70400,saturday,H
KK Nagar ATM,20/09/2014,223,153,70,1119900,836300,283600,saturday,H
Christ College ATM,20/09/2014,151,57,94,762000,387200,374800,saturday,H
Big Street ATM,21/09/2014,131,38,93,396000,124000,272000,sunday,H
Mount Road ATM,21/09/2014,110,33,77,307300,170200,137100,sunday,H
Airport ATM,21/09/2014,72,52,20,321000,261500,59500,sunday,H
KK Nagar ATM,21/09/2014,142,110,32,571800,488600,83200,sunday,H
Christ College ATM,21/09/2014,75,20,55,169600,52400,117200,sunday,H
Big Street ATM,22/09/2014,50,10,40,146000,55800,90200,monday,W
Mount Road ATM,22/09/2014,143,88,55,473200,304200,169000,monday,W
Airport ATM,22/09/2014,97,75,22,519200,465800,53400,monday,W
KK Nagar ATM,22/09/2014,218,162,56,951400,700300,251100,monday,W
Christ College ATM,22/09/2014,144,58,86,497000,250100,246900,monday,W
Big Street ATM,23/09/2014,142,44,98,514800,242500,272300,tuesday,W
Mount Road ATM,23/09/2014,124,75,49,547300,379200,168100,tuesday,W
Airport ATM,23/09/2014,25,19,6,37700,30400,7300,tuesday,W
KK Nagar ATM,23/09/2014,216,149,67,1020100,722700,297400,tuesday,W
Christ College ATM,23/09/2014,97,39,58,384400,225200,159200,tuesday,W
Big Street ATM,24/09/2014,123,33,90,367800,98800,269000,wednesday,W
Mount Road ATM,24/09/2014,213,116,97,815100,559000,256100,wednesday,W
Airport ATM,24/09/2014,78,63,15,424200,369900,54300,wednesday,W
KK Nagar ATM,24/09/2014,229,166,63,1078700,815600,263100,wednesday,W
Christ College ATM,24/09/2014,103,51,52,394100,250400,143700,wednesday,W
Big Street ATM,25/09/2014,113,34,79,275500,88300,187200,thursday,W
Mount Road ATM,25/09/2014,214,116,98,758300,442900,315400,thursday,W
Airport ATM,25/09/2014,75,63,12,465200,418200,47000,thursday,W
KK Nagar ATM,25/09/2014,286,201,85,1362600,986200,376400,thursday,W
Christ College ATM,25/09/2014,113,43,70,405800,189500,216300,thursday,W
Big Street ATM,26/09/2014,106,40,66,408800,221400,187400,friday,W
Mount Road ATM,26/09/2014,196,85,111,591300,238700,352600,friday,W
Airport ATM,26/09/2014,109,72,37,439400,325100,114300,friday,W
KK Nagar ATM,26/09/2014,287,182,105,1250400,816200,434200,friday,W
Christ College ATM,26/09/2014,99,40,59,348100,173200,174900,friday,W
Big Street ATM,27/09/2014,152,39,113,409000,148800,260200,saturday,H
Mount Road ATM,27/09/2014,137,69,68,462000,250800,211200,saturday,H
Airport ATM,27/09/2014,76,52,24,273500,214200,59300,saturday,H
KK Nagar ATM,27/09/2014,149,108,41,629100,452200,176900,saturday,H
Christ College ATM,27/09/2014,124,39,85,514900,263100,251800,saturday,H
Big Street ATM,28/09/2014,58,14,44,212400,118600,93800,sunday,H
Mount Road ATM,28/09/2014,161,50,111,449700,149400,300300,sunday,H
Airport ATM,28/09/2014,82,49,33,188900,111000,77900,sunday,H
KK Nagar ATM,28/09/2014,198,109,89,587100,295500,291600,sunday,H
Christ College ATM,28/09/2014,223,52,171,823700,256000,567700,sunday,H
Big Street ATM,29/09/2014,43,10,33,125200,55500,69700,monday,W
Mount Road ATM,29/09/2014,271,100,171,960400,515100,445300,monday,W
Airport ATM,29/09/2014,53,38,15,153700,125200,28500,monday,W
KK Nagar ATM,29/09/2014,277,184,93,1266400,906900,359500,monday,W
Christ College ATM,29/09/2014,265,53,212,1123200,282900,840300,monday,W
Big Street ATM,30/09/2014,115,43,72,467000,309000,158000,tuesday,W
Mount Road ATM,30/09/2014,240,134,106,1141800,680700,461100,tuesday,W
Airport ATM,30/09/2014,119,81,38,501500,371200,130300,tuesday,W
KK Nagar ATM,30/09/2014,341,208,133,1629700,1022100,607600,tuesday,W
Christ College ATM,30/09/2014,265,54,211,1065000,270000,795000,tuesday,W
Big Street ATM,01/10/2014,164,42,122,671600,216000,455600,wednesday,W
Mount Road ATM,01/10/2014,246,128,118,1141300,688000,453300,wednesday,W
Airport ATM,01/10/2014,40,29,11,211700,135100,76600,wednesday,W
KK Nagar ATM,01/10/2014,480,246,234,2549800,1374100,1175700,wednesday,W
Christ College ATM,01/10/2014,266,55,211,1314700,345500,969200,wednesday,W
Big Street ATM,02/10/2014,52,15,37,134200,24000,110200,thursday,H
Mount Road ATM,02/10/2014,210,53,157,899300,351600,547700,thursday,H
KK Nagar ATM,02/10/2014,318,154,164,1345300,583800,761500,thursday,H
Christ College ATM,02/10/2014,209,46,163,906200,184100,722100,thursday,H
Big Street ATM,03/10/2014,2,2,0,200,200,0,friday,H
Mount Road ATM,03/10/2014,152,63,89,677500,401100,276400,friday,H
KK Nagar ATM,03/10/2014,414,180,234,1827900,721400,1106500,friday,H
Christ College ATM,03/10/2014,18,0,18,81300,0,81300,friday,H
Big Street ATM,04/10/2014,49,14,35,190500,48000,142500,saturday,H
Mount Road ATM,04/10/2014,249,81,168,974500,399300,575200,saturday,H
Airport ATM,04/10/2014,50,39,11,304300,285900,18400,saturday,H
KK Nagar ATM,04/10/2014,469,209,260,2004700,889500,1115200,saturday,H
Christ College ATM,04/10/2014,156,62,94,764900,343100,421800,saturday,H
Big Street ATM,05/10/2014,59,16,43,220800,75400,145400,sunday,H
Mount Road ATM,05/10/2014,188,64,124,631300,256500,374800,sunday,H
Airport ATM,05/10/2014,128,93,35,602700,475600,127100,sunday,H
KK Nagar ATM,05/10/2014,238,130,108,867600,424100,443500,sunday,H
Christ College ATM,05/10/2014,203,39,164,831600,190500,641100,sunday,H
Mount Road ATM,06/10/2014,149,56,93,589700,265500,324200,monday,W
Airport ATM,06/10/2014,77,53,24,322900,264700,58200,monday,W
KK Nagar ATM,06/10/2014,302,157,145,1424100,707700,716400,monday,W
Christ College ATM,06/10/2014,221,49,172,947500,226500,721000,monday,W
Big Street ATM,07/10/2014,89,27,62,291600,77100,214500,tuesday,W
Mount Road ATM,07/10/2014,191,122,69,916300,645100,271200,tuesday,W
Airport ATM,07/10/2014,100,70,30,375000,263100,111900,tuesday,W
KK Nagar ATM,07/10/2014,367,207,160,1927200,1136500,790700,tuesday,W
Christ College ATM,07/10/2014,290,58,232,1391800,307600,1084200,tuesday,W
Big Street ATM,08/10/2014,146,47,99,564600,226000,338600,wednesday,W
Mount Road ATM,08/10/2014,229,141,88,899500,621500,278000,wednesday,W
Airport ATM,08/10/2014,139,108,31,813700,670900,142800,wednesday,W
KK Nagar ATM,08/10/2014,286,195,91,1688800,1232200,456600,wednesday,W
Christ College ATM,08/10/2014,340,69,271,1699000,367600,1331400,wednesday,W
Big Street ATM,09/10/2014,133,44,89,501200,218400,282800,thursday,W
Mount Road ATM,09/10/2014,196,113,83,806400,502700,303700,thursday,W
Airport ATM,09/10/2014,122,92,30,603100,465700,137400,thursday,W
KK Nagar ATM,09/10/2014,274,181,93,1293100,856500,436600,thursday,W
Christ College ATM,09/10/2014,266,67,199,1194100,357100,837000,thursday,W
Big Street ATM,10/10/2014,120,39,81,447900,206800,241100,friday,W
Mount Road ATM,10/10/2014,198,115,83,734400,514100,220300,friday,W
Airport ATM,10/10/2014,134,95,39,668100,530200,137900,friday,W
KK Nagar ATM,10/10/2014,270,171,99,1287200,819300,467900,friday,W
Christ College ATM,10/10/2014,274,64,210,1205800,240800,965000,friday,W
Big Street ATM,11/10/2014,109,20,89,288600,54300,234300,saturday,H
Mount Road ATM,11/10/2014,239,118,121,818600,507600,311000,saturday,H
Airport ATM,11/10/2014,110,75,35,657700,523200,134500,saturday,H
KK Nagar ATM,11/10/2014,290,185,105,1517600,1021300,496300,saturday,H
Christ College ATM,11/10/2014,247,67,180,1339400,458500,880900,saturday,H
Big Street ATM,12/10/2014,172,46,126,533200,202000,331200,sunday,H
Mount Road ATM,12/10/2014,199,64,135,597400,309200,288200,sunday,H
Airport ATM,12/10/2014,1,1,0,500,500,0,sunday,H
KK Nagar ATM,12/10/2014,250,159,91,1164300,850700,313600,sunday,H
Christ College ATM,12/10/2014,125,44,81,405200,190000,215200,sunday,H
Big Street ATM,13/10/2014,105,23,82,314800,54600,260200,monday,W
Mount Road ATM,13/10/2014,191,110,81,917200,663000,254200,monday,W
Airport ATM,13/10/2014,64,47,17,264700,229900,34800,monday,W
KK Nagar ATM,13/10/2014,303,201,102,1543500,1062400,481100,monday,W
Christ College ATM,13/10/2014,199,52,147,874400,244300,630100,monday,W
Big Street ATM,14/10/2014,108,38,70,456400,180000,276400,tuesday,W
Mount Road ATM,14/10/2014,166,107,59,591700,441900,149800,tuesday,W
Airport ATM,14/10/2014,87,75,12,574300,524000,50300,tuesday,W
KK Nagar ATM,14/10/2014,253,179,74,1132700,884300,248400,tuesday,W
Christ College ATM,14/10/2014,108,48,60,587400,376300,211100,tuesday,W
Big Street ATM,15/10/2014,107,28,79,259900,84300,175600,wednesday,W
Mount Road ATM,15/10/2014,200,117,83,778400,526700,251700,wednesday,W
Airport ATM,15/10/2014,79,63,16,457900,379600,78300,wednesday,W
KK Nagar ATM,15/10/2014,321,210,111,1503800,1036400,467400,wednesday,W
Christ College ATM,15/10/2014,107,46,61,518800,318500,200300,wednesday,W
Big Street ATM,16/10/2014,121,27,94,520500,113300,407200,thursday,W
Mount Road ATM,16/10/2014,167,107,60,663500,508800,154700,thursday,W
Airport ATM,16/10/2014,124,93,31,688100,556800,131300,thursday,W
KK Nagar ATM,16/10/2014,298,208,90,1366300,1003700,362600,thursday,W
Christ College ATM,16/10/2014,134,54,80,660300,360800,299500,thursday,W
Big Street ATM,17/10/2014,142,42,100,494200,153600,340600,friday,W
Mount Road ATM,17/10/2014,130,72,58,462400,302700,159700,friday,W
Airport ATM,17/10/2014,73,53,20,299300,249900,49400,friday,W
KK Nagar ATM,17/10/2014,263,174,89,1155300,811800,343500,friday,W
Christ College ATM,17/10/2014,189,63,126,824600,402400,422200,friday,W
Big Street ATM,18/10/2014,123,43,80,407300,164700,242600,saturday,H
Mount Road ATM,18/10/2014,162,86,76,489000,307100,181900,saturday,H
Airport ATM,18/10/2014,98,66,32,519500,431400,88100,saturday,H
KK Nagar ATM,18/10/2014,263,179,84,1081000,797300,283700,saturday,H
Christ College ATM,18/10/2014,235,73,162,1203400,487300,716100,saturday,H
Big Street ATM,19/10/2014,153,47,106,529100,224100,305000,sunday,H
Mount Road ATM,19/10/2014,3,0,3,24000,0,24000,sunday,H
Airport ATM,19/10/2014,93,51,42,358700,224500,134200,sunday,H
KK Nagar ATM,19/10/2014,265,126,139,1099100,553000,546100,sunday,H
Christ College ATM,19/10/2014,166,37,129,680100,208500,471600,sunday,H
Big Street ATM,20/10/2014,105,32,73,405300,171600,233700,monday,W
Mount Road ATM,20/10/2014,216,90,126,663100,327300,335800,monday,W
Airport ATM,20/10/2014,115,81,34,630100,533800,96300,monday,W
KK Nagar ATM,20/10/2014,351,225,126,1617400,1152900,464500,monday,W
Christ College ATM,20/10/2014,261,80,181,1235000,534600,700400,monday,W
Big Street ATM,21/10/2014,115,29,86,507000,215900,291100,tuesday,W
Mount Road ATM,21/10/2014,181,84,97,645800,287000,358800,tuesday,W
Airport ATM,21/10/2014,135,105,30,629000,533700,95300,tuesday,W
KK Nagar ATM,21/10/2014,490,266,224,1502600,839300,663300,tuesday,W
Christ College ATM,21/10/2014,262,60,202,1203800,350900,852900,tuesday,W
Big Street ATM,22/10/2014,155,45,110,529000,194800,334200,wednesday,H
Mount Road ATM,22/10/2014,67,34,33,245800,158300,87500,wednesday,H
Airport ATM,22/10/2014,47,29,18,97400,64400,33000,wednesday,H
KK Nagar ATM,22/10/2014,78,50,28,230700,191100,39600,wednesday,H
Christ College ATM,22/10/2014,123,25,98,356700,73700,283000,wednesday,H
Big Street ATM,23/10/2014,141,27,114,367200,98800,268400,thursday,W
Mount Road ATM,23/10/2014,83,40,43,266100,163300,102800,thursday,W
Airport ATM,23/10/2014,60,42,18,330300,254800,75500,thursday,W
KK Nagar ATM,23/10/2014,242,138,104,1041600,610800,430800,thursday,W
Christ College ATM,23/10/2014,115,38,77,540600,237900,302700,thursday,W
Big Street ATM,24/10/2014,104,26,78,295100,99400,195700,friday,W
Mount Road ATM,24/10/2014,109,70,39,434700,380000,54700,friday,W
Airport ATM,24/10/2014,67,43,24,308900,244600,64300,friday,W
KK Nagar ATM,24/10/2014,207,143,64,986800,751500,235300,friday,W
Christ College ATM,24/10/2014,181,42,139,648900,272200,376700,friday,W
Big Street ATM,25/10/2014,109,15,94,283200,42700,240500,saturday,H
Mount Road ATM,25/10/2014,151,87,64,567800,357700,210100,saturday,H
Airport ATM,25/10/2014,89,65,24,444800,368900,75900,saturday,H
KK Nagar ATM,25/10/2014,310,193,117,1241300,818600,422700,saturday,H
Christ College ATM,25/10/2014,178,55,123,767500,360500,407000,saturday,H
Big Street ATM,26/10/2014,101,27,74,408100,186800,221300,sunday,H
Mount Road ATM,26/10/2014,89,48,41,261000,165200,95800,sunday,H
Airport ATM,26/10/2014,81,60,21,334900,309000,25900,sunday,H
KK Nagar ATM,26/10/2014,150,61,89,559700,231000,328700,sunday,H
Christ College ATM,26/10/2014,153,48,105,531400,235500,295900,sunday,H
Big Street ATM,27/10/2014,102,34,68,454500,199000,255500,monday,W
Mount Road ATM,27/10/2014,143,95,48,542600,405000,137600,monday,W
Airport ATM,27/10/2014,94,67,27,427900,355400,72500,monday,W
KK Nagar ATM,27/10/2014,280,164,116,1434600,892300,542300,monday,W
Christ College ATM,27/10/2014,126,50,76,537900,249500,288400,monday,W
Big Street ATM,28/10/2014,77,25,52,262200,106900,155300,tuesday,W
Mount Road ATM,28/10/2014,149,93,56,522200,352100,170100,tuesday,W
Airport ATM,28/10/2014,120,89,31,614900,546200,68700,tuesday,W
KK Nagar ATM,28/10/2014,219,139,80,967500,619400,348100,tuesday,W
Christ College ATM,28/10/2014,114,51,63,333500,144800,188700,tuesday,W
Big Street ATM,29/10/2014,76,34,42,277500,116700,160800,wednesday,W
Mount Road ATM,29/10/2014,129,77,52,683800,512800,171000,wednesday,W
Airport ATM,29/10/2014,91,66,25,436000,352200,83800,wednesday,W
KK Nagar ATM,29/10/2014,239,165,74,1281600,1000300,281300,wednesday,W
Christ College ATM,29/10/2014,110,41,69,481600,220000,261600,wednesday,W
Big Street ATM,30/10/2014,98,25,73,337800,91500,246300,thursday,W
Mount Road ATM,30/10/2014,152,105,47,546700,457100,89600,thursday,W
Airport ATM,30/10/2014,97,71,26,443400,365000,78400,thursday,W
KK Nagar ATM,30/10/2014,221,143,78,918500,603600,314900,thursday,W
Christ College ATM,30/10/2014,117,47,70,465100,212300,252800,thursday,W
Big Street ATM,31/10/2014,129,35,94,527700,171800,355900,friday,W
Mount Road ATM,31/10/2014,179,80,99,816700,337000,479700,friday,W
Airport ATM,31/10/2014,99,68,31,433700,333800,99900,friday,W
KK Nagar ATM,31/10/2014,210,147,63,1288800,910400,378400,friday,W
Christ College ATM,31/10/2014,104,32,72,510900,202800,308100,friday,W
Big Street ATM,01/11/2014,141,36,105,506900,100300,406600,saturday,H
Mount Road ATM,01/11/2014,268,117,151,1205400,625200,580200,saturday,H
Airport ATM,01/11/2014,127,97,30,781400,642400,139000,saturday,H
KK Nagar ATM,01/11/2014,296,175,121,1529800,944800,585000,saturday,H
Christ College ATM,01/11/2014,178,61,117,800000,216100,583900,saturday,H
Big Street ATM,02/11/2014,161,41,120,660500,237200,423300,sunday,H
Mount Road ATM,02/11/2014,143,63,80,776500,511600,264900,sunday,H
Airport ATM,02/11/2014,87,52,35,469100,312700,156400,sunday,H
KK Nagar ATM,02/11/2014,133,62,71,703100,306800,396300,sunday,H
Christ College ATM,02/11/2014,172,38,134,888700,142000,746700,sunday,H
Big Street ATM,03/11/2014,103,46,57,469700,327100,142600,monday,W
Mount Road ATM,03/11/2014,153,87,66,690200,436100,254100,monday,W
Airport ATM,03/11/2014,109,86,23,629700,531900,97800,monday,W
KK Nagar ATM,03/11/2014,132,99,33,656900,503400,153500,monday,W
Christ College ATM,03/11/2014,271,55,216,1178000,221800,956200,monday,W
Big Street ATM,04/11/2014,3,3,0,1600,1600,0,tuesday,H
Mount Road ATM,04/11/2014,159,84,75,705000,479700,225300,tuesday,H
Airport ATM,04/11/2014,96,68,28,534000,444200,89800,tuesday,H
KK Nagar ATM,04/11/2014,288,147,141,1458100,711900,746200,tuesday,H
Christ College ATM,04/11/2014,142,63,79,592700,257300,335400,tuesday,H
Big Street ATM,05/11/2014,51,25,26,170400,59200,111200,wednesday,W
Mount Road ATM,05/11/2014,207,123,84,1073900,754000,319900,wednesday,W
Airport ATM,05/11/2014,111,81,30,576800,459500,117300,wednesday,W
KK Nagar ATM,05/11/2014,249,165,84,1529900,1139600,390300,wednesday,W
Christ College ATM,05/11/2014,194,74,120,929900,403900,526000,wednesday,W
Big Street ATM,06/11/2014,75,28,47,319500,153000,166500,thursday,W
Mount Road ATM,06/11/2014,161,99,62,700400,471400,229000,thursday,W
Airport ATM,06/11/2014,97,70,27,487100,388100,99000,thursday,W
KK Nagar ATM,06/11/2014,264,177,87,1497600,1134900,362700,thursday,W
Christ College ATM,06/11/2014,164,72,92,804800,415000,389800,thursday,W
Big Street ATM,07/11/2014,103,39,64,384400,138300,246100,friday,W
Mount Road ATM,07/11/2014,153,98,55,619700,480000,139700,friday,W
Airport ATM,07/11/2014,104,79,25,521100,436200,84900,friday,W
KK Nagar ATM,07/11/2014,188,143,45,1076400,879600,196800,friday,W
Christ College ATM,07/11/2014,158,62,96,786200,339900,446300,friday,W
Big Street ATM,08/11/2014,127,39,88,442400,164300,278100,saturday,H
Mount Road ATM,08/11/2014,194,96,98,770600,413300,357300,saturday,H
Airport ATM,08/11/2014,112,79,33,691300,595200,96100,saturday,H
KK Nagar ATM,08/11/2014,254,169,85,1256600,868400,388200,saturday,H
Christ College ATM,08/11/2014,262,77,185,1292800,514700,778100,saturday,H
Big Street ATM,09/11/2014,139,36,103,533300,206400,326900,sunday,H
Mount Road ATM,09/11/2014,153,57,96,681800,397200,284600,sunday,H
KK Nagar ATM,09/11/2014,144,84,60,558700,324600,234100,sunday,H
Christ College ATM,09/11/2014,82,13,69,311500,47500,264000,sunday,H
Big Street ATM,10/11/2014,104,39,65,395600,171200,224400,monday,W
Mount Road ATM,10/11/2014,203,99,104,1161500,637100,524400,monday,W
Airport ATM,10/11/2014,119,93,26,794800,702400,92400,monday,W
KK Nagar ATM,10/11/2014,254,162,92,1129500,719100,410400,monday,W
Christ College ATM,10/11/2014,184,54,130,780000,296100,483900,monday,W
Big Street ATM,11/11/2014,98,34,64,340200,119900,220300,tuesday,W
Mount Road ATM,11/11/2014,152,95,57,781900,540300,241600,tuesday,W
Airport ATM,11/11/2014,128,101,27,724800,615900,108900,tuesday,W
KK Nagar ATM,11/11/2014,230,167,63,1027200,809100,218100,tuesday,W
Christ College ATM,11/11/2014,193,72,121,987100,522200,464900,tuesday,W
Big Street ATM,12/11/2014,109,41,68,275700,143000,132700,wednesday,W
Mount Road ATM,12/11/2014,155,85,70,674200,497900,176300,wednesday,W
Airport ATM,12/11/2014,61,47,14,257500,229900,27600,wednesday,W
KK Nagar ATM,12/11/2014,214,136,78,1214900,776400,438500,wednesday,W
Christ College ATM,12/11/2014,183,47,136,856000,284600,571400,wednesday,W
Big Street ATM,13/11/2014,94,41,53,443700,259300,184400,thursday,W
Mount Road ATM,13/11/2014,146,78,68,502300,273400,228900,thursday,W
Airport ATM,13/11/2014,88,68,20,402800,335000,67800,thursday,W
KK Nagar ATM,13/11/2014,207,147,60,1005900,734200,271700,thursday,W
Christ College ATM,13/11/2014,122,48,74,623800,308700,315100,thursday,W
Big Street ATM,14/11/2014,112,39,73,340800,167400,173400,friday,W
Mount Road ATM,14/11/2014,121,70,51,463900,319200,144700,friday,W
Airport ATM,14/11/2014,90,75,15,435800,403100,32700,friday,W
KK Nagar ATM,14/11/2014,204,164,40,902600,735400,167200,friday,W
Christ College ATM,14/11/2014,108,43,65,486200,201500,284700,friday,W
Big Street ATM,15/11/2014,136,58,78,529500,298900,230600,saturday,H
Mount Road ATM,15/11/2014,149,86,63,495000,356500,138500,saturday,H
Airport ATM,15/11/2014,109,76,33,477800,385300,92500,saturday,H
KK Nagar ATM,15/11/2014,244,177,67,1074800,792200,282600,saturday,H
Christ College ATM,15/11/2014,132,47,85,710700,281300,429400,saturday,H
Big Street ATM,16/11/2014,131,35,96,368600,111800,256800,sunday,H
Mount Road ATM,16/11/2014,104,50,54,270300,159100,111200,sunday,H
Airport ATM,16/11/2014,107,87,20,375000,341900,33100,sunday,H
KK Nagar ATM,16/11/2014,125,96,29,440400,345400,95000,sunday,H
Christ College ATM,16/11/2014,120,34,86,416300,137300,279000,sunday,H
Big Street ATM,17/11/2014,102,40,62,316800,133600,183200,monday,W
Mount Road ATM,17/11/2014,134,75,59,468000,313600,154400,monday,W
Airport ATM,17/11/2014,113,90,23,491200,439900,51300,monday,W
KK Nagar ATM,17/11/2014,235,190,45,860700,704700,156000,monday,W
Christ College ATM,17/11/2014,177,55,122,690500,239400,451100,monday,W
Big Street ATM,18/11/2014,111,43,68,367900,169600,198300,tuesday,W
Mount Road ATM,18/11/2014,146,92,54,498800,316000,182800,tuesday,W
Airport ATM,18/11/2014,70,56,14,317700,272100,45600,tuesday,W
KK Nagar ATM,18/11/2014,168,112,56,713900,476000,237900,tuesday,W
Christ College ATM,18/11/2014,157,59,98,674600,335500,339100,tuesday,W
Big Street ATM,19/11/2014,128,53,75,366200,203500,162700,wednesday,W
Mount Road ATM,19/11/2014,123,79,44,571100,420700,150400,wednesday,W
Airport ATM,19/11/2014,76,55,21,316900,263700,53200,wednesday,W
KK Nagar ATM,19/11/2014,245,175,70,965700,764900,200800,wednesday,W
Christ College ATM,19/11/2014,150,52,98,485400,205400,280000,wednesday,W
Big Street ATM,20/11/2014,87,28,59,310100,101100,209000,thursday,W
Mount Road ATM,20/11/2014,123,77,46,514500,387500,127000,thursday,W
Airport ATM,20/11/2014,98,84,14,570100,533900,36200,thursday,W
KK Nagar ATM,20/11/2014,205,159,46,987200,829200,158000,thursday,W
Christ College ATM,20/11/2014,154,62,92,641300,338700,302600,thursday,W
Big Street ATM,21/11/2014,97,29,68,271300,85000,186300,friday,W
Mount Road ATM,21/11/2014,114,68,46,414100,289500,124600,friday,W
Airport ATM,21/11/2014,93,66,27,432700,330800,101900,friday,W
KK Nagar ATM,21/11/2014,256,186,70,1264400,982800,281600,friday,W
Christ College ATM,21/11/2014,86,43,43,392600,255900,136700,friday,W
Big Street ATM,22/11/2014,115,45,70,356600,212100,144500,saturday,H
Mount Road ATM,22/11/2014,144,92,52,674800,608600,66200,saturday,H
Airport ATM,22/11/2014,127,96,31,694100,575700,118400,saturday,H
KK Nagar ATM,22/11/2014,235,169,66,1279900,892600,387300,saturday,H
Christ College ATM,22/11/2014,131,62,69,662600,394500,268100,saturday,H
Big Street ATM,23/11/2014,108,37,71,390100,224100,166000,sunday,H
Mount Road ATM,23/11/2014,105,60,45,302400,207400,95000,sunday,H
Airport ATM,23/11/2014,78,62,16,332200,297100,35100,sunday,H
KK Nagar ATM,23/11/2014,127,86,41,515800,370600,145200,sunday,H
Christ College ATM,23/11/2014,88,38,50,277900,159500,118400,sunday,H
Big Street ATM,24/11/2014,100,38,62,332000,133000,199000,monday,W
Mount Road ATM,24/11/2014,142,89,53,597600,411100,186500,monday,W
Airport ATM,24/11/2014,89,77,12,516700,472400,44300,monday,W
KK Nagar ATM,24/11/2014,217,147,70,1066400,774300,292100,monday,W
Christ College ATM,24/11/2014,110,57,53,439700,251900,187800,monday,W
Big Street ATM,25/11/2014,118,56,62,412300,238000,174300,tuesday,W
Mount Road ATM,25/11/2014,132,88,44,534900,354100,180800,tuesday,W
Airport ATM,25/11/2014,85,63,22,499400,451800,47600,tuesday,W
KK Nagar ATM,25/11/2014,221,163,58,797500,606000,191500,tuesday,W
Christ College ATM,25/11/2014,131,55,76,495300,292000,203300,tuesday,W
Big Street ATM,26/11/2014,88,37,51,293800,171500,122300,wednesday,W
Mount Road ATM,26/11/2014,147,94,53,527800,389000,138800,wednesday,W
Airport ATM,26/11/2014,128,107,21,706900,652500,54400,wednesday,W
KK Nagar ATM,26/11/2014,286,209,77,1350900,1131100,219800,wednesday,W
Christ College ATM,26/11/2014,115,33,82,479300,136800,342500,wednesday,W
Big Street ATM,27/11/2014,127,44,83,380300,193600,186700,thursday,W
Mount Road ATM,27/11/2014,121,70,51,572700,350100,222600,thursday,W
Airport ATM,27/11/2014,114,83,31,577600,477500,100100,thursday,W
KK Nagar ATM,27/11/2014,206,145,61,936400,729700,206700,thursday,W
Christ College ATM,27/11/2014,97,44,53,481200,263600,217600,thursday,W
Big Street ATM,28/11/2014,165,55,110,671600,294000,377600,friday,W
Mount Road ATM,28/11/2014,134,88,46,602800,463700,139100,friday,W
Airport ATM,28/11/2014,94,70,24,452400,373900,78500,friday,W
KK Nagar ATM,28/11/2014,144,95,49,719800,466900,252900,friday,W
Christ College ATM,28/11/2014,101,35,66,517600,187100,330500,friday,W
Big Street ATM,29/11/2014,61,26,35,260500,159800,100700,saturday,H
Mount Road ATM,29/11/2014,190,108,82,829500,585000,244500,saturday,H
Airport ATM,29/11/2014,111,79,32,608200,505600,102600,saturday,H
KK Nagar ATM,29/11/2014,135,76,59,667600,378800,288800,saturday,H
Christ College ATM,29/11/2014,202,59,143,990900,342400,648500,saturday,H
Big Street ATM,30/11/2014,106,28,78,392300,134600,257700,sunday,H
Mount Road ATM,30/11/2014,122,47,75,427200,184900,242300,sunday,H
Airport ATM,30/11/2014,114,96,18,479100,429900,49200,sunday,H
KK Nagar ATM,30/11/2014,159,72,87,753700,307400,446300,sunday,H
Christ College ATM,30/11/2014,163,50,113,726600,273500,453100,sunday,H
Big Street ATM,01/12/2014,78,24,54,308400,122600,185800,monday,W
Mount Road ATM,01/12/2014,197,107,90,1006700,565900,440800,monday,W
Airport ATM,01/12/2014,36,23,13,194900,166700,28200,monday,W
KK Nagar ATM,01/12/2014,253,130,123,1433600,763300,670300,monday,W
Christ College ATM,01/12/2014,183,61,122,1004600,334600,670000,monday,W
Big Street ATM,02/12/2014,130,46,84,495000,161400,333600,tuesday,W
Mount Road ATM,02/12/2014,161,109,52,827800,634400,193400,tuesday,W
Airport ATM,02/12/2014,102,73,29,520500,446900,73600,tuesday,W
KK Nagar ATM,02/12/2014,173,114,59,695400,499900,195500,tuesday,W
Christ College ATM,02/12/2014,149,57,92,848500,288100,560400,tuesday,W
Big Street ATM,03/12/2014,118,48,70,512800,224000,288800,wednesday,W
Mount Road ATM,03/12/2014,191,132,59,1108800,862300,246500,wednesday,W
KK Nagar ATM,03/12/2014,224,161,63,1237700,953000,284700,wednesday,W
Christ College ATM,03/12/2014,179,73,106,1039900,484000,555900,wednesday,W
Big Street ATM,04/12/2014,46,8,38,137000,32100,104900,thursday,W
Mount Road ATM,04/12/2014,174,95,79,915400,628500,286900,thursday,W
Airport ATM,04/12/2014,30,25,5,158900,154400,4500,thursday,W
KK Nagar ATM,04/12/2014,130,86,44,495100,323600,171500,thursday,W
Christ College ATM,04/12/2014,159,71,88,725900,368000,357900,thursday,W
Big Street ATM,05/12/2014,122,61,61,352800,181000,171800,friday,W
Mount Road ATM,05/12/2014,184,94,90,903300,488700,414600,friday,W
Airport ATM,05/12/2014,131,111,20,451300,386900,64400,friday,W
KK Nagar ATM,05/12/2014,137,84,53,728800,512200,216600,friday,W
Christ College ATM,05/12/2014,172,77,95,844200,379300,464900,friday,W
Big Street ATM,06/12/2014,116,28,88,370300,121600,248700,saturday,H
Mount Road ATM,06/12/2014,205,115,90,1029600,726900,302700,saturday,H
Airport ATM,06/12/2014,118,82,36,682700,509100,173600,saturday,H
KK Nagar ATM,06/12/2014,100,67,33,441900,315000,126900,saturday,H
Christ College ATM,06/12/2014,193,88,105,958800,471000,487800,saturday,H
Big Street ATM,07/12/2014,102,34,68,313900,131700,182200,sunday,H
Mount Road ATM,07/12/2014,142,70,72,586600,371400,215200,sunday,H
Airport ATM,07/12/2014,83,46,37,396800,295300,101500,sunday,H
KK Nagar ATM,07/12/2014,78,60,18,332800,273400,59400,sunday,H
Christ College ATM,07/12/2014,124,45,79,447000,153400,293600,sunday,H
Big Street ATM,08/12/2014,77,19,58,407400,160200,247200,monday,W
Mount Road ATM,08/12/2014,149,110,39,808000,665500,142500,monday,W
Airport ATM,08/12/2014,35,24,11,278000,243800,34200,monday,W
KK Nagar ATM,08/12/2014,109,70,39,654100,403300,250800,monday,W
Christ College ATM,08/12/2014,124,45,79,526100,230700,295400,monday,W
Big Street ATM,09/12/2014,119,45,74,429100,212500,216600,tuesday,W
Mount Road ATM,09/12/2014,167,103,64,883500,615500,268000,tuesday,W
Airport ATM,09/12/2014,40,36,4,270300,263500,6800,tuesday,W
KK Nagar ATM,09/12/2014,109,83,26,443700,326000,117700,tuesday,W
Christ College ATM,09/12/2014,166,57,109,742500,266100,476400,tuesday,W
Big Street ATM,10/12/2014,102,41,61,515800,292900,222900,wednesday,W
Mount Road ATM,10/12/2014,131,83,48,537900,408400,129500,wednesday,W
Airport ATM,10/12/2014,64,50,14,368900,300000,68900,wednesday,W
KK Nagar ATM,10/12/2014,94,60,34,474600,320900,153700,wednesday,W
Christ College ATM,10/12/2014,141,53,88,627600,278900,348700,wednesday,W
Big Street ATM,11/12/2014,127,40,87,481200,202900,278300,thursday,W
Mount Road ATM,11/12/2014,150,76,74,488400,239000,249400,thursday,W
Airport ATM,11/12/2014,112,92,20,729700,665900,63800,thursday,W
KK Nagar ATM,11/12/2014,57,44,13,241600,185800,55800,thursday,W
Christ College ATM,11/12/2014,125,62,63,514400,286400,228000,thursday,W
Big Street ATM,12/12/2014,137,48,89,646400,319700,326700,friday,W
Mount Road ATM,12/12/2014,140,89,51,573600,407400,166200,friday,W
Airport ATM,12/12/2014,100,77,23,515600,455400,60200,friday,W
KK Nagar ATM,12/12/2014,126,93,33,497800,365900,131900,friday,W
Christ College ATM,12/12/2014,107,46,61,456600,259500,197100,friday,W
Big Street ATM,13/12/2014,104,39,65,355100,159500,195600,saturday,H
Mount Road ATM,13/12/2014,159,85,74,668000,459800,208200,saturday,H
Airport ATM,13/12/2014,109,74,35,513000,377000,136000,saturday,H
KK Nagar ATM,13/12/2014,182,126,56,651800,480400,171400,saturday,H
Christ College ATM,13/12/2014,117,55,62,531500,332700,198800,saturday,H
Big Street ATM,14/12/2014,122,32,90,346000,164700,181300,sunday,H
Mount Road ATM,14/12/2014,115,62,53,380800,242400,138400,sunday,H
Airport ATM,14/12/2014,122,93,29,565500,452200,113300,sunday,H
KK Nagar ATM,14/12/2014,57,36,21,177500,130400,47100,sunday,H
Christ College ATM,14/12/2014,77,29,48,265200,117700,147500,sunday,H
Big Street ATM,15/12/2014,119,44,75,427400,238400,189000,monday,W
Mount Road ATM,15/12/2014,157,110,47,616100,528200,87900,monday,W
Airport ATM,15/12/2014,113,92,21,475100,399200,75900,monday,W
KK Nagar ATM,15/12/2014,245,170,75,974100,710800,263300,monday,W
Christ College ATM,15/12/2014,119,56,63,500500,240900,259600,monday,W
Big Street ATM,16/12/2014,95,33,62,254700,103500,151200,tuesday,W
Mount Road ATM,16/12/2014,154,89,65,671500,507100,164400,tuesday,W
Airport ATM,16/12/2014,101,77,24,557200,450000,107200,tuesday,W
KK Nagar ATM,16/12/2014,117,90,27,456500,367300,89200,tuesday,W
Christ College ATM,16/12/2014,102,52,50,369900,188600,181300,tuesday,W
Big Street ATM,17/12/2014,102,41,61,332200,230700,101500,wednesday,W
Mount Road ATM,17/12/2014,151,78,73,460400,279900,180500,wednesday,W
Airport ATM,17/12/2014,111,81,30,570300,432900,137400,wednesday,W
KK Nagar ATM,17/12/2014,130,96,34,506500,433500,73000,wednesday,W
Christ College ATM,17/12/2014,114,50,64,553000,341600,211400,wednesday,W
Big Street ATM,18/12/2014,116,49,67,424800,248600,176200,thursday,W
Mount Road ATM,18/12/2014,153,89,64,616600,407000,209600,thursday,W
Airport ATM,18/12/2014,97,76,21,436200,380500,55700,thursday,W
KK Nagar ATM,18/12/2014,116,79,37,640400,478100,162300,thursday,W
Christ College ATM,18/12/2014,123,50,73,435500,236700,198800,thursday,W
Big Street ATM,19/12/2014,116,36,80,423400,193300,230100,friday,W
Mount Road ATM,19/12/2014,121,67,54,409600,238300,171300,friday,W
Airport ATM,19/12/2014,107,94,13,653500,579600,73900,friday,W
KK Nagar ATM,19/12/2014,128,90,38,554600,433900,120700,friday,W
Christ College ATM,19/12/2014,99,45,54,337100,206300,130800,friday,W
Big Street ATM,20/12/2014,112,30,82,380800,143500,237300,saturday,H
Mount Road ATM,20/12/2014,177,88,89,707400,465600,241800,saturday,H
Airport ATM,20/12/2014,137,108,29,797800,709300,88500,saturday,H
KK Nagar ATM,20/12/2014,160,105,55,690700,407500,283200,saturday,H
Christ College ATM,20/12/2014,115,61,54,502100,281700,220400,saturday,H
Big Street ATM,21/12/2014,127,43,84,409800,174500,235300,sunday,H
Mount Road ATM,21/12/2014,137,65,72,540300,387000,153300,sunday,H
Airport ATM,21/12/2014,100,73,27,396400,320600,75800,sunday,H
KK Nagar ATM,21/12/2014,68,45,23,195100,115800,79300,sunday,H
Christ College ATM,21/12/2014,132,54,78,416900,171500,245400,sunday,H
Big Street ATM,22/12/2014,89,32,57,177600,61500,116100,monday,W
Mount Road ATM,22/12/2014,168,89,79,788400,446600,341800,monday,W
Airport ATM,22/12/2014,98,77,21,467200,417700,49500,monday,W
KK Nagar ATM,22/12/2014,174,111,63,850900,564900,286000,monday,W
Christ College ATM,22/12/2014,148,55,93,556300,277900,278400,monday,W
Big Street ATM,23/12/2014,94,43,51,340100,206400,133700,tuesday,W
Mount Road ATM,23/12/2014,163,104,59,734200,545200,189000,tuesday,W
Airport ATM,23/12/2014,89,71,18,399000,377800,21200,tuesday,W
KK Nagar ATM,23/12/2014,176,118,58,762700,534500,228200,tuesday,W
Christ College ATM,23/12/2014,93,39,54,320200,186000,134200,tuesday,W
Big Street ATM,24/12/2014,122,53,69,433500,243600,189900,wednesday,W
Mount Road ATM,24/12/2014,170,97,73,649300,434600,214700,wednesday,W
Airport ATM,24/12/2014,112,85,27,663400,577600,85800,wednesday,W
KK Nagar ATM,24/12/2014,172,110,62,857000,554500,302500,wednesday,W
Christ College ATM,24/12/2014,176,53,123,760900,299600,461300,wednesday,W
Big Street ATM,25/12/2014,117,36,81,351100,156400,194700,thursday,H
Mount Road ATM,25/12/2014,97,51,46,398700,273200,125500,thursday,H
Airport ATM,25/12/2014,93,73,20,438700,381400,57300,thursday,H
KK Nagar ATM,25/12/2014,150,94,56,663800,450900,212900,thursday,H
Christ College ATM,25/12/2014,163,49,114,433900,163800,270100,thursday,H
Big Street ATM,26/12/2014,90,29,61,239800,103600,136200,friday,W
Mount Road ATM,26/12/2014,158,90,68,694700,405000,289700,friday,W
Airport ATM,26/12/2014,104,77,27,430800,346400,84400,friday,W
KK Nagar ATM,26/12/2014,176,102,74,675600,370200,305400,friday,W
Christ College ATM,26/12/2014,91,40,51,288400,155000,133400,friday,W
Big Street ATM,27/12/2014,107,38,69,396900,241100,155800,saturday,H
Mount Road ATM,27/12/2014,172,105,67,773200,560300,212900,saturday,H
Airport ATM,27/12/2014,91,78,13,574100,547800,26300,saturday,H
KK Nagar ATM,27/12/2014,157,97,60,738600,483500,255100,saturday,H
Christ College ATM,27/12/2014,114,51,63,487700,278700,209000,saturday,H
Big Street ATM,28/12/2014,104,29,75,315000,117000,198000,sunday,H
Mount Road ATM,28/12/2014,64,33,31,236500,144300,92200,sunday,H
Airport ATM,28/12/2014,77,58,19,271700,250900,20800,sunday,H
KK Nagar ATM,28/12/2014,67,36,31,210500,77800,132700,sunday,H
Christ College ATM,28/12/2014,86,29,57,317000,116800,200200,sunday,H
Big Street ATM,29/12/2014,115,46,69,367500,195000,172500,monday,W
Mount Road ATM,29/12/2014,72,52,20,238000,185100,52900,monday,W
Airport ATM,29/12/2014,68,52,16,442300,365000,77300,monday,W
KK Nagar ATM,29/12/2014,139,89,50,497600,332600,165000,monday,W
Christ College ATM,29/12/2014,113,67,46,512300,330400,181900,monday,W
Big Street ATM,30/12/2014,129,42,87,531100,234800,296300,tuesday,W
Mount Road ATM,30/12/2014,135,81,54,480400,334200,146200,tuesday,W
Airport ATM,30/12/2014,106,86,20,512700,462700,50000,tuesday,W
KK Nagar ATM,30/12/2014,143,88,55,599600,383800,215800,tuesday,W
Christ College ATM,30/12/2014,110,50,60,557400,271900,285500,tuesday,W
Big Street ATM,31/12/2014,172,54,118,679200,317700,361500,wednesday,W
Mount Road ATM,31/12/2014,214,147,67,1157300,892100,265200,wednesday,W
Airport ATM,31/12/2014,128,97,31,756900,604900,152000,wednesday,W
KK Nagar ATM,31/12/2014,279,160,119,1366800,803900,562900,wednesday,W
Christ College ATM,31/12/2014,165,75,90,698100,397400,300700,wednesday,W
Big Street ATM,01/01/2015,119,41,78,539200,203500,335700,thursday,H
Mount Road ATM,01/01/2015,129,58,71,498200,244400,253800,thursday,H
Airport ATM,01/01/2015,79,43,36,398100,287800,110300,thursday,H
KK Nagar ATM,01/01/2015,257,96,161,1154200,421200,733000,thursday,H
Christ College ATM,01/01/2015,134,54,80,722600,270800,451800,thursday,H
Big Street ATM,02/01/2015,128,45,83,441400,146100,295300,friday,W
Mount Road ATM,02/01/2015,187,96,91,904900,609700,295200,friday,W
Airport ATM,02/01/2015,121,89,32,633400,519800,113600,friday,W
KK Nagar ATM,02/01/2015,102,58,44,451200,229000,222200,friday,W
Christ College ATM,02/01/2015,186,64,122,832900,306300,526600,friday,W
Big Street ATM,03/01/2015,137,48,89,507000,264800,242200,saturday,H
Mount Road ATM,03/01/2015,209,106,103,1035000,643700,391300,saturday,H
Airport ATM,03/01/2015,174,134,40,1089600,900000,189600,saturday,H
KK Nagar ATM,03/01/2015,143,87,56,867300,571600,295700,saturday,H
Christ College ATM,03/01/2015,169,89,80,877200,453400,423800,saturday,H
Big Street ATM,04/01/2015,87,39,48,291600,115000,176600,sunday,H
Mount Road ATM,04/01/2015,124,65,59,436200,282300,153900,sunday,H
Airport ATM,04/01/2015,119,97,22,529400,457600,71800,sunday,H
KK Nagar ATM,04/01/2015,179,101,78,688800,285200,403600,sunday,H
Christ College ATM,04/01/2015,55,18,37,198700,57000,141700,sunday,H
Big Street ATM,05/01/2015,69,23,46,204600,50200,154400,monday,W
Mount Road ATM,05/01/2015,192,133,59,1087100,877000,210100,monday,W
Airport ATM,05/01/2015,54,41,13,310700,264000,46700,monday,W
KK Nagar ATM,05/01/2015,203,122,81,1151300,766300,385000,monday,W
Christ College ATM,05/01/2015,211,84,127,1153800,467900,685900,monday,W
Big Street ATM,06/01/2015,123,45,78,468200,275400,192800,tuesday,W
Mount Road ATM,06/01/2015,173,100,73,750000,479700,270300,tuesday,W
Airport ATM,06/01/2015,98,70,28,466700,354900,111800,tuesday,W
KK Nagar ATM,06/01/2015,207,121,86,944800,516100,428700,tuesday,W
Christ College ATM,06/01/2015,152,70,82,607900,309300,298600,tuesday,W
Big Street ATM,07/01/2015,108,45,63,344300,149500,194800,wednesday,W
Mount Road ATM,07/01/2015,222,125,97,899400,602500,296900,wednesday,W
Airport ATM,07/01/2015,112,94,18,599200,569500,29700,wednesday,W
KK Nagar ATM,07/01/2015,178,126,52,822900,599700,223200,wednesday,W
Christ College ATM,07/01/2015,128,60,68,563900,282600,281300,wednesday,W
Big Street ATM,08/01/2015,118,43,75,422800,159600,263200,thursday,W
Mount Road ATM,08/01/2015,194,111,83,820600,541400,279200,thursday,W
Airport ATM,08/01/2015,118,85,33,568200,465900,102300,thursday,W
KK Nagar ATM,08/01/2015,280,183,97,1301000,922200,378800,thursday,W
Christ College ATM,08/01/2015,143,76,67,770200,473800,296400,thursday,W
Big Street ATM,09/01/2015,109,37,72,362400,132300,230100,friday,W
Mount Road ATM,09/01/2015,150,92,58,699400,488800,210600,friday,W
Airport ATM,09/01/2015,120,83,37,606000,432500,173500,friday,W
KK Nagar ATM,09/01/2015,195,135,60,816500,577600,238900,friday,W
Christ College ATM,09/01/2015,131,78,53,697000,410200,286800,friday,W
Big Street ATM,10/01/2015,127,39,88,394400,185200,209200,saturday,H
Mount Road ATM,10/01/2015,228,104,124,915800,550300,365500,saturday,H
Airport ATM,10/01/2015,160,124,36,956400,810000,146400,saturday,H
KK Nagar ATM,10/01/2015,291,199,92,1480000,1062500,417500,saturday,H
Christ College ATM,10/01/2015,219,73,146,1066100,504100,562000,saturday,H
Big Street ATM,11/01/2015,126,41,85,469700,193900,275800,sunday,H
Mount Road ATM,11/01/2015,211,63,148,587600,238600,349000,sunday,H
Airport ATM,11/01/2015,149,113,36,673300,593500,79800,sunday,H
KK Nagar ATM,11/01/2015,99,58,41,361300,186300,175000,sunday,H
Christ College ATM,11/01/2015,158,50,108,492000,162800,329200,sunday,H
Big Street ATM,12/01/2015,118,32,86,416000,126600,289400,monday,W
Mount Road ATM,12/01/2015,206,109,97,924500,562100,362400,monday,W
Airport ATM,12/01/2015,98,85,13,329700,295700,34000,monday,W
KK Nagar ATM,12/01/2015,296,188,108,1518300,1030700,487600,monday,W
Christ College ATM,12/01/2015,137,62,75,564300,357400,206900,monday,W
Big Street ATM,13/01/2015,116,43,73,365500,158500,207000,tuesday,W
Mount Road ATM,13/01/2015,165,90,75,590100,370700,219400,tuesday,W
Airport ATM,13/01/2015,138,109,29,746600,650000,96600,tuesday,W
KK Nagar ATM,13/01/2015,202,134,68,816700,616300,200400,tuesday,W
Christ College ATM,13/01/2015,135,79,56,765000,544400,220600,tuesday,W
Big Street ATM,14/01/2015,80,34,46,287400,139000,148400,wednesday,W
Mount Road ATM,14/01/2015,161,100,61,581400,408400,173000,wednesday,W
Airport ATM,14/01/2015,129,103,26,589600,492200,97400,wednesday,W
KK Nagar ATM,14/01/2015,243,155,88,1057100,762200,294900,wednesday,W
Christ College ATM,14/01/2015,141,90,51,678400,551300,127100,wednesday,W
Big Street ATM,15/01/2015,66,32,34,313100,223400,89700,thursday,H
Mount Road ATM,15/01/2015,64,38,26,261400,171000,90400,thursday,H
Airport ATM,15/01/2015,48,42,6,178400,152400,26000,thursday,H
KK Nagar ATM,15/01/2015,73,42,31,263600,146200,117400,thursday,H
Christ College ATM,15/01/2015,70,33,37,176800,82100,94700,thursday,H
Big Street ATM,16/01/2015,73,30,43,228000,96900,131100,friday,H
Mount Road ATM,16/01/2015,64,32,32,190900,88000,102900,friday,H
Airport ATM,16/01/2015,43,32,11,208400,178900,29500,friday,H
KK Nagar ATM,16/01/2015,79,46,33,288000,186900,101100,friday,H
Christ College ATM,16/01/2015,53,25,28,235800,146100,89700,friday,H
Big Street ATM,17/01/2015,120,45,75,331600,149200,182400,saturday,H
Mount Road ATM,17/01/2015,85,53,32,368700,272300,96400,saturday,H
Airport ATM,17/01/2015,71,51,20,285200,226100,59100,saturday,H
KK Nagar ATM,17/01/2015,134,81,53,577300,403000,174300,saturday,H
Christ College ATM,17/01/2015,97,41,56,236000,106600,129400,saturday,H
Big Street ATM,18/01/2015,140,39,101,349800,105400,244400,sunday,H
Mount Road ATM,18/01/2015,81,46,35,305100,228100,77000,sunday,H
Airport ATM,18/01/2015,82,49,33,274400,169000,105400,sunday,H
KK Nagar ATM,18/01/2015,96,60,36,523100,404400,118700,sunday,H
Christ College ATM,18/01/2015,100,49,51,375000,260400,114600,sunday,H
Big Street ATM,19/01/2015,16,10,6,26600,10200,16400,monday,W
Mount Road ATM,19/01/2015,136,79,57,512500,313600,198900,monday,W
Airport ATM,19/01/2015,134,106,28,706600,630200,76400,monday,W
KK Nagar ATM,19/01/2015,229,129,100,1198500,775100,423400,monday,W
Christ College ATM,19/01/2015,168,81,87,811100,455400,355700,monday,W
Big Street ATM,20/01/2015,96,45,51,328100,207100,121000,tuesday,W
Mount Road ATM,20/01/2015,167,98,69,646200,420600,225600,tuesday,W
Airport ATM,20/01/2015,121,99,22,381400,351100,30300,tuesday,W
KK Nagar ATM,20/01/2015,95,66,29,480900,383000,97900,tuesday,W
Christ College ATM,20/01/2015,133,57,76,501600,169200,332400,tuesday,W
Big Street ATM,21/01/2015,96,44,52,319700,250100,69600,wednesday,W
Mount Road ATM,21/01/2015,116,84,32,444200,324300,119900,wednesday,W
Airport ATM,21/01/2015,103,76,27,526000,407400,118600,wednesday,W
KK Nagar ATM,21/01/2015,114,81,33,568600,436700,131900,wednesday,W
Christ College ATM,21/01/2015,98,54,44,391400,249200,142200,wednesday,W
Big Street ATM,22/01/2015,101,52,49,366500,214700,151800,thursday,W
Mount Road ATM,22/01/2015,152,106,46,510100,362000,148100,thursday,W
Airport ATM,22/01/2015,115,85,30,514000,401600,112400,thursday,W
KK Nagar ATM,22/01/2015,96,63,33,475500,308900,166600,thursday,W
Christ College ATM,22/01/2015,129,66,63,602900,390000,212900,thursday,W
Big Street ATM,23/01/2015,74,30,44,151300,62800,88500,friday,W
Mount Road ATM,23/01/2015,143,92,51,679100,498300,180800,friday,W
Airport ATM,23/01/2015,93,70,23,438800,341000,97800,friday,W
KK Nagar ATM,23/01/2015,70,44,26,236500,134300,102200,friday,W
Christ College ATM,23/01/2015,112,52,60,540100,341200,198900,friday,W
Big Street ATM,24/01/2015,101,40,61,315600,167600,148000,saturday,H
Mount Road ATM,24/01/2015,153,87,66,525900,359500,166400,saturday,H
Airport ATM,24/01/2015,118,88,30,592000,469400,122600,saturday,H
KK Nagar ATM,24/01/2015,79,58,21,391300,295200,96100,saturday,H
Christ College ATM,24/01/2015,146,63,83,691700,386800,304900,saturday,H
Big Street ATM,25/01/2015,101,25,76,266400,104000,162400,sunday,H
Mount Road ATM,25/01/2015,80,37,43,251500,152200,99300,sunday,H
Airport ATM,25/01/2015,80,59,21,317100,257000,60100,sunday,H
KK Nagar ATM,25/01/2015,95,59,36,313400,165900,147500,sunday,H
Christ College ATM,25/01/2015,94,40,54,329200,134600,194600,sunday,H
Big Street ATM,26/01/2015,97,27,70,284700,128100,156600,monday,H
Mount Road ATM,26/01/2015,108,46,62,354100,202600,151500,monday,H
Airport ATM,26/01/2015,68,55,13,290900,270100,20800,monday,H
KK Nagar ATM,26/01/2015,97,63,34,480500,325000,155500,monday,H
Christ College ATM,26/01/2015,83,32,51,244800,108900,135900,monday,H
Big Street ATM,27/01/2015,91,43,48,340300,161500,178800,tuesday,W
Mount Road ATM,27/01/2015,158,97,61,673600,464100,209500,tuesday,W
Airport ATM,27/01/2015,88,66,22,441000,345800,95200,tuesday,W
KK Nagar ATM,27/01/2015,46,35,11,234900,186100,48800,tuesday,W
Christ College ATM,27/01/2015,94,46,48,411100,208200,202900,tuesday,W
Big Street ATM,28/01/2015,119,50,69,378400,189000,189400,wednesday,W
Mount Road ATM,28/01/2015,181,95,86,810900,514100,296800,wednesday,W
Airport ATM,28/01/2015,105,82,23,571000,518100,52900,wednesday,W
KK Nagar ATM,28/01/2015,107,83,24,452800,372900,79900,wednesday,W
Christ College ATM,28/01/2015,111,52,59,551700,317500,234200,wednesday,W
Big Street ATM,29/01/2015,109,37,72,344600,158000,186600,thursday,W
Mount Road ATM,29/01/2015,172,91,81,659200,414100,245100,thursday,W
Airport ATM,29/01/2015,96,67,29,480100,363500,116600,thursday,W
KK Nagar ATM,29/01/2015,204,163,41,1157200,938800,218400,thursday,W
Christ College ATM,29/01/2015,94,40,54,395700,195700,200000,thursday,W
Big Street ATM,30/01/2015,117,47,70,415100,199000,216100,friday,W
Mount Road ATM,30/01/2015,176,96,80,924400,603500,320900,friday,W
Airport ATM,30/01/2015,108,88,20,490800,397000,93800,friday,W
KK Nagar ATM,30/01/2015,114,80,34,451500,276100,175400,friday,W
Christ College ATM,30/01/2015,96,51,45,402700,281400,121300,friday,W
Big Street ATM,31/01/2015,129,36,93,556800,243900,312900,saturday,H
Mount Road ATM,31/01/2015,206,101,105,974800,603900,370900,saturday,H
Airport ATM,31/01/2015,124,96,28,729500,632100,97400,saturday,H
KK Nagar ATM,31/01/2015,152,90,62,735100,458900,276200,saturday,H
Christ College ATM,31/01/2015,225,62,163,938500,338900,599600,saturday,H
Big Street ATM,01/02/2015,122,44,78,394100,178900,215200,sunday,H
Mount Road ATM,01/02/2015,142,65,77,507400,293500,213900,sunday,H
Airport ATM,01/02/2015,127,99,28,638900,518600,120300,sunday,H
KK Nagar ATM,01/02/2015,124,73,51,716100,443200,272900,sunday,H
Christ College ATM,01/02/2015,177,45,132,775200,239800,535400,sunday,H
Big Street ATM,02/02/2015,131,54,77,515400,214500,300900,monday,W
Mount Road ATM,02/02/2015,186,106,80,825500,486400,339100,monday,W
Airport ATM,02/02/2015,112,87,25,402200,319000,83200,monday,W
KK Nagar ATM,02/02/2015,106,65,41,521400,323900,197500,monday,W
Christ College ATM,02/02/2015,159,71,88,788900,368700,420200,monday,W
Big Street ATM,03/02/2015,123,50,73,504100,273400,230700,tuesday,W
Mount Road ATM,03/02/2015,203,115,88,1063600,690200,373400,tuesday,W
Airport ATM,03/02/2015,109,85,24,671000,596500,74500,tuesday,W
KK Nagar ATM,03/02/2015,248,164,84,1177800,751400,426400,tuesday,W
Christ College ATM,03/02/2015,174,72,102,1001800,467000,534800,tuesday,W
Big Street ATM,04/02/2015,119,51,68,462100,237400,224700,wednesday,W
Mount Road ATM,04/02/2015,202,123,79,902100,598900,303200,wednesday,W
Airport ATM,04/02/2015,116,95,21,569700,515100,54600,wednesday,W
KK Nagar ATM,04/02/2015,77,55,22,291400,180200,111200,wednesday,W
Christ College ATM,04/02/2015,110,49,61,552200,212500,339700,wednesday,W
Big Street ATM,05/02/2015,123,40,83,455400,137900,317500,thursday,W
Mount Road ATM,05/02/2015,210,118,92,1036600,680100,356500,thursday,W
Airport ATM,05/02/2015,121,92,29,495300,429000,66300,thursday,W
KK Nagar ATM,05/02/2015,40,33,7,268400,246800,21600,thursday,W
Christ College ATM,05/02/2015,149,60,89,691900,298200,393700,thursday,W
Big Street ATM,06/02/2015,100,40,60,274900,111800,163100,friday,W
Mount Road ATM,06/02/2015,195,123,72,967400,725000,242400,friday,W
Airport ATM,06/02/2015,115,75,40,488200,370800,117400,friday,W
KK Nagar ATM,06/02/2015,67,42,25,335500,219000,116500,friday,W
Christ College ATM,06/02/2015,126,61,65,636900,319700,317200,friday,W
Big Street ATM,07/02/2015,112,36,76,350300,149000,201300,saturday,H
Mount Road ATM,07/02/2015,198,126,72,865900,598500,267400,saturday,H
Airport ATM,07/02/2015,167,117,50,1228000,973100,254900,saturday,H
KK Nagar ATM,07/02/2015,112,76,36,523100,348000,175100,saturday,H
Christ College ATM,07/02/2015,144,70,74,676000,354600,321400,saturday,H
Big Street ATM,08/02/2015,138,36,102,430100,157600,272500,sunday,H
Mount Road ATM,08/02/2015,164,60,104,571200,346900,224300,sunday,H
Airport ATM,08/02/2015,123,74,49,514800,370800,144000,sunday,H
KK Nagar ATM,08/02/2015,62,39,23,252300,169800,82500,sunday,H
Christ College ATM,08/02/2015,131,51,80,620800,313000,307800,sunday,H
Big Street ATM,09/02/2015,123,40,83,357800,167100,190700,monday,W
Mount Road ATM,09/02/2015,153,99,54,676000,491400,184600,monday,W
Airport ATM,09/02/2015,104,81,23,384300,329100,55200,monday,W
KK Nagar ATM,09/02/2015,195,140,55,940600,720700,219900,monday,W
Christ College ATM,09/02/2015,172,58,114,781000,315100,465900,monday,W
Big Street ATM,10/02/2015,118,36,82,388300,136400,251900,tuesday,W
Mount Road ATM,10/02/2015,177,108,69,790700,556600,234100,tuesday,W
Airport ATM,10/02/2015,95,82,13,480700,441700,39000,tuesday,W
KK Nagar ATM,10/02/2015,108,85,23,493100,371300,121800,tuesday,W
Christ College ATM,10/02/2015,119,66,53,527400,333600,193800,tuesday,W
Big Street ATM,11/02/2015,112,39,73,346000,144400,201600,wednesday,W
Mount Road ATM,11/02/2015,188,117,71,733800,528200,205600,wednesday,W
Airport ATM,11/02/2015,97,79,18,480500,433300,47200,wednesday,W
KK Nagar ATM,11/02/2015,107,74,33,441900,265600,176300,wednesday,W
Christ College ATM,11/02/2015,144,55,89,588900,307800,281100,wednesday,W
Big Street ATM,12/02/2015,127,44,83,467600,236500,231100,thursday,W
Mount Road ATM,12/02/2015,175,122,53,726700,596200,130500,thursday,W
Airport ATM,12/02/2015,114,90,24,656900,595600,61300,thursday,W
KK Nagar ATM,12/02/2015,102,77,25,547300,463800,83500,thursday,W
Christ College ATM,12/02/2015,154,66,88,644700,277100,367600,thursday,W
Big Street ATM,13/02/2015,112,42,70,424300,238500,185800,friday,W
Mount Road ATM,13/02/2015,157,80,77,519700,306200,213500,friday,W
Airport ATM,13/02/2015,57,42,15,202400,169300,33100,friday,W
KK Nagar ATM,13/02/2015,149,111,38,787500,645100,142400,friday,W
Christ College ATM,13/02/2015,208,59,149,575500,197400,378100,friday,W
Big Street ATM,14/02/2015,147,42,105,333100,78500,254600,saturday,H
Mount Road ATM,14/02/2015,200,119,81,888800,671400,217400,saturday,H
Airport ATM,14/02/2015,116,92,24,645000,599800,45200,saturday,H
KK Nagar ATM,14/02/2015,84,55,29,441300,312200,129100,saturday,H
Christ College ATM,14/02/2015,225,86,139,981800,483600,498200,saturday,H
Big Street ATM,15/02/2015,96,25,71,227500,52100,175400,sunday,H
Mount Road ATM,15/02/2015,150,52,98,473600,234000,239600,sunday,H
Airport ATM,15/02/2015,96,74,22,391200,362900,28300,sunday,H
KK Nagar ATM,15/02/2015,57,43,14,98000,64500,33500,sunday,H
Christ College ATM,15/02/2015,245,52,193,754400,228100,526300,sunday,H
Big Street ATM,16/02/2015,121,44,77,405100,194900,210200,monday,W
Mount Road ATM,16/02/2015,181,107,74,572500,350500,222000,monday,W
Airport ATM,16/02/2015,80,63,17,436400,352500,83900,monday,W
KK Nagar ATM,16/02/2015,179,143,36,911200,749300,161900,monday,W
Christ College ATM,16/02/2015,111,52,59,602900,415700,187200,monday,W
Big Street ATM,17/02/2015,119,39,80,359100,166600,192500,tuesday,W
Mount Road ATM,17/02/2015,174,97,77,486200,262600,223600,tuesday,W
Airport ATM,17/02/2015,78,63,15,357700,329800,27900,tuesday,W
KK Nagar ATM,17/02/2015,80,63,17,344300,276800,67500,tuesday,W
Big Street ATM,18/02/2015,69,34,35,201000,130200,70800,wednesday,W
Mount Road ATM,18/02/2015,165,104,61,829700,588400,241300,wednesday,W
Airport ATM,18/02/2015,108,87,21,511500,443000,68500,wednesday,W
KK Nagar ATM,18/02/2015,130,105,25,617400,495700,121700,wednesday,W
Christ College ATM,18/02/2015,38,20,18,115900,86900,29000,wednesday,W
Big Street ATM,19/02/2015,122,39,83,392400,188900,203500,thursday,W
Mount Road ATM,19/02/2015,166,112,54,664100,474700,189400,thursday,W
Airport ATM,19/02/2015,105,79,26,612000,522200,89800,thursday,W
KK Nagar ATM,19/02/2015,36,29,7,143400,127000,16400,thursday,W
Christ College ATM,19/02/2015,97,54,43,385200,231200,154000,thursday,W
Big Street ATM,20/02/2015,88,30,58,256400,134100,122300,friday,W
Mount Road ATM,20/02/2015,159,111,48,626000,511300,114700,friday,W
Airport ATM,20/02/2015,107,88,19,431700,382600,49100,friday,W
KK Nagar ATM,20/02/2015,86,69,17,385400,291100,94300,friday,W
Christ College ATM,20/02/2015,99,62,37,434500,336100,98400,friday,W
Big Street ATM,21/02/2015,113,29,84,329700,138800,190900,saturday,H
Mount Road ATM,21/02/2015,171,94,77,636400,420100,216300,saturday,H
Airport ATM,21/02/2015,123,96,27,620400,561600,58800,saturday,H
KK Nagar ATM,21/02/2015,68,49,19,349800,269800,80000,saturday,H
Christ College ATM,21/02/2015,129,74,55,662800,441100,221700,saturday,H
Big Street ATM,22/02/2015,113,38,75,261900,128200,133700,sunday,H
Mount Road ATM,22/02/2015,97,51,46,225900,117800,108100,sunday,H
Airport ATM,22/02/2015,97,80,17,328800,258700,70100,sunday,H
KK Nagar ATM,22/02/2015,62,45,17,234900,193900,41000,sunday,H
Christ College ATM,22/02/2015,101,45,56,269700,146600,123100,sunday,H
Big Street ATM,23/02/2015,91,38,53,346200,224000,122200,monday,W
Mount Road ATM,23/02/2015,169,111,58,668100,535700,132400,monday,W
Airport ATM,23/02/2015,93,69,24,416900,354300,62600,monday,W
KK Nagar ATM,23/02/2015,50,42,8,234700,217500,17200,monday,W
Christ College ATM,23/02/2015,91,45,46,340900,166500,174400,monday,W
Big Street ATM,24/02/2015,97,38,59,323800,189800,134000,tuesday,W
Mount Road ATM,24/02/2015,137,87,50,467000,343700,123300,tuesday,W
Airport ATM,24/02/2015,105,81,24,496900,439100,57800,tuesday,W
KK Nagar ATM,24/02/2015,54,40,14,142200,123900,18300,tuesday,W
Christ College ATM,24/02/2015,88,49,39,317400,205000,112400,tuesday,W
Big Street ATM,25/02/2015,110,50,60,424400,262300,162100,wednesday,W
Mount Road ATM,25/02/2015,151,92,59,599700,422900,176800,wednesday,W
Airport ATM,25/02/2015,95,78,17,433700,404100,29600,wednesday,W
KK Nagar ATM,25/02/2015,104,85,19,476900,397400,79500,wednesday,W
Christ College ATM,25/02/2015,106,54,52,466000,318600,147400,wednesday,W
Big Street ATM,26/02/2015,104,37,67,361500,173300,188200,thursday,W
Mount Road ATM,26/02/2015,169,112,57,547300,391300,156000,thursday,W
Airport ATM,26/02/2015,90,69,21,469100,394400,74700,thursday,W
KK Nagar ATM,26/02/2015,86,66,20,480200,445800,34400,thursday,W
Christ College ATM,26/02/2015,96,51,45,402300,242500,159800,thursday,W
Big Street ATM,27/02/2015,115,43,72,403500,198600,204900,friday,W
Mount Road ATM,27/02/2015,180,109,71,802900,591600,211300,friday,W
Airport ATM,27/02/2015,108,88,20,630500,581100,49400,friday,W
KK Nagar ATM,27/02/2015,75,57,18,422100,334500,87600,friday,W
Christ College ATM,27/02/2015,126,73,53,620100,456500,163600,friday,W
Big Street ATM,28/02/2015,137,52,85,537500,242000,295500,saturday,H
Mount Road ATM,28/02/2015,190,104,86,819400,446600,372800,saturday,H
Airport ATM,28/02/2015,125,91,34,736200,623100,113100,saturday,H
KK Nagar ATM,28/02/2015,116,81,35,682100,517400,164700,saturday,H
Christ College ATM,28/02/2015,127,57,70,641400,343000,298400,saturday,H
Big Street ATM,01/03/2015,133,43,90,519200,168000,351200,sunday,H
Mount Road ATM,01/03/2015,214,77,137,934900,428400,506500,sunday,H
Airport ATM,01/03/2015,59,50,9,174400,155900,18500,sunday,H
KK Nagar ATM,01/03/2015,123,76,47,496800,311100,185700,sunday,H
Christ College ATM,01/03/2015,130,59,71,473800,200800,273000,sunday,H
Big Street ATM,02/03/2015,113,42,71,482500,214100,268400,monday,W
Mount Road ATM,02/03/2015,215,127,88,1058300,723100,335200,monday,W
Airport ATM,02/03/2015,110,89,21,617300,512900,104400,monday,W
KK Nagar ATM,02/03/2015,96,66,30,368500,250800,117700,monday,W
Christ College ATM,02/03/2015,148,68,80,606900,307300,299600,monday,W
Big Street ATM,03/03/2015,137,52,85,665600,268300,397300,tuesday,W
Mount Road ATM,03/03/2015,193,119,74,981800,734000,247800,tuesday,W
Airport ATM,03/03/2015,105,78,27,678000,545700,132300,tuesday,W
KK Nagar ATM,03/03/2015,85,58,27,392800,282000,110800,tuesday,W
Christ College ATM,03/03/2015,153,73,80,632600,292200,340400,tuesday,W
Big Street ATM,04/03/2015,116,37,79,485400,215200,270200,wednesday,W
Mount Road ATM,04/03/2015,216,113,103,1118800,714600,404200,wednesday,W
Airport ATM,04/03/2015,136,99,37,883700,721200,162500,wednesday,W
KK Nagar ATM,04/03/2015,142,97,45,893500,688300,205200,wednesday,W
Christ College ATM,04/03/2015,147,72,75,737900,333900,404000,wednesday,W
Big Street ATM,05/03/2015,124,53,71,384600,150600,234000,thursday,W
Mount Road ATM,05/03/2015,194,123,71,1017200,716000,301200,thursday,W
Airport ATM,05/03/2015,90,64,26,416600,336100,80500,thursday,W
KK Nagar ATM,05/03/2015,126,98,28,695800,554000,141800,thursday,W
Christ College ATM,05/03/2015,172,89,83,896500,548400,348100,thursday,W
Big Street ATM,06/03/2015,102,19,83,227000,13800,213200,friday,W
Mount Road ATM,06/03/2015,152,89,63,603900,390000,213900,friday,W
Airport ATM,06/03/2015,113,83,30,554100,433400,120700,friday,W
KK Nagar ATM,06/03/2015,31,25,6,198500,170000,28500,friday,W
Christ College ATM,06/03/2015,139,65,74,653000,295000,358000,friday,W
Big Street ATM,07/03/2015,136,42,94,375200,113100,262100,saturday,H
Mount Road ATM,07/03/2015,190,111,79,789900,522300,267600,saturday,H
Airport ATM,07/03/2015,120,98,22,646600,603400,43200,saturday,H
KK Nagar ATM,07/03/2015,43,34,9,173700,129900,43800,saturday,H
Christ College ATM,07/03/2015,131,67,64,712000,406000,306000,saturday,H
Big Street ATM,08/03/2015,10,0,10,37300,0,37300,sunday,H
Mount Road ATM,08/03/2015,141,70,71,463000,281800,181200,sunday,H
Airport ATM,08/03/2015,124,96,28,551100,494900,56200,sunday,H
KK Nagar ATM,08/03/2015,62,43,19,301300,211900,89400,sunday,H
Christ College ATM,08/03/2015,112,50,62,490800,223500,267300,sunday,H
Mount Road ATM,09/03/2015,159,106,53,758000,578800,179200,monday,W
Airport ATM,09/03/2015,90,73,17,311900,267500,44400,monday,W
KK Nagar ATM,09/03/2015,58,40,18,323500,222800,100700,monday,W
Christ College ATM,09/03/2015,119,66,53,561800,320800,241000,monday,W
Mount Road ATM,10/03/2015,148,98,50,675900,480300,195600,tuesday,W
Airport ATM,10/03/2015,115,98,17,761500,696200,65300,tuesday,W
KK Nagar ATM,10/03/2015,27,17,10,82800,29400,53400,tuesday,W
Christ College ATM,10/03/2015,132,54,78,631900,269000,362900,tuesday,W
Big Street ATM,11/03/2015,13,7,6,6300,3400,2900,wednesday,W
Mount Road ATM,11/03/2015,189,115,74,918200,609700,308500,wednesday,W
Airport ATM,11/03/2015,166,126,40,836800,689800,147000,wednesday,W
KK Nagar ATM,11/03/2015,127,85,42,872300,681100,191200,wednesday,W
Christ College ATM,11/03/2015,103,57,46,456900,303100,153800,wednesday,W
Big Street ATM,12/03/2015,130,56,74,509000,295000,214000,thursday,W
Mount Road ATM,12/03/2015,151,97,54,653500,428000,225500,thursday,W
Airport ATM,12/03/2015,107,91,16,505000,476800,28200,thursday,W
KK Nagar ATM,12/03/2015,74,54,20,345200,283500,61700,thursday,W
Christ College ATM,12/03/2015,185,62,123,682800,307100,375700,thursday,W
Big Street ATM,13/03/2015,107,39,68,409800,203100,206700,friday,W
Mount Road ATM,13/03/2015,164,96,68,740300,491700,248600,friday,W
Airport ATM,13/03/2015,93,70,23,480200,413600,66600,friday,W
KK Nagar ATM,13/03/2015,89,70,19,361500,301800,59700,friday,W
Christ College ATM,13/03/2015,209,66,143,856400,396100,460300,friday,W
Big Street ATM,14/03/2015,119,41,78,382900,168600,214300,saturday,H
Mount Road ATM,14/03/2015,219,104,115,848800,492300,356500,saturday,H
Airport ATM,14/03/2015,122,102,20,488400,464400,24000,saturday,H
KK Nagar ATM,14/03/2015,108,81,27,565400,417700,147700,saturday,H
Christ College ATM,14/03/2015,184,73,111,769000,329900,439100,saturday,H
Big Street ATM,15/03/2015,104,34,70,344900,116700,228200,sunday,H
Mount Road ATM,15/03/2015,132,70,62,489400,345000,144400,sunday,H
Airport ATM,15/03/2015,105,75,30,506300,406400,99900,sunday,H
KK Nagar ATM,15/03/2015,84,65,19,475000,399200,75800,sunday,H
Christ College ATM,15/03/2015,75,42,33,209300,139600,69700,sunday,H
Big Street ATM,16/03/2015,120,53,67,519400,264600,254800,monday,W
Mount Road ATM,16/03/2015,142,88,54,505600,372100,133500,monday,W
Airport ATM,16/03/2015,127,102,25,848700,774300,74400,monday,W
KK Nagar ATM,16/03/2015,81,61,20,325000,240400,84600,monday,W
Christ College ATM,16/03/2015,126,66,60,618200,401800,216400,monday,W
Big Street ATM,17/03/2015,118,33,85,365900,100000,265900,tuesday,W
Mount Road ATM,17/03/2015,148,100,48,634500,540100,94400,tuesday,W
Airport ATM,17/03/2015,74,60,14,421800,395300,26500,tuesday,W
KK Nagar ATM,17/03/2015,78,58,20,389100,317000,72100,tuesday,W
Christ College ATM,17/03/2015,104,54,50,373600,221500,152100,tuesday,W
Big Street ATM,18/03/2015,117,51,66,335800,180500,155300,wednesday,W
Mount Road ATM,18/03/2015,152,106,46,734000,631600,102400,wednesday,W
Airport ATM,18/03/2015,121,93,28,666200,597800,68400,wednesday,W
KK Nagar ATM,18/03/2015,94,71,23,489900,419400,70500,wednesday,W
Christ College ATM,18/03/2015,110,58,52,449700,339700,110000,wednesday,W
Big Street ATM,19/03/2015,111,43,68,413000,235600,177400,thursday,W
Mount Road ATM,19/03/2015,145,90,55,606600,434500,172100,thursday,W
Airport ATM,19/03/2015,94,68,26,511100,443700,67400,thursday,W
KK Nagar ATM,19/03/2015,88,61,27,447200,331000,116200,thursday,W
Christ College ATM,19/03/2015,114,53,61,462500,297200,165300,thursday,W
Big Street ATM,20/03/2015,93,29,64,338100,116700,221400,friday,W
Mount Road ATM,20/03/2015,179,109,70,766900,570900,196000,friday,W
Airport ATM,20/03/2015,87,70,17,456000,385500,70500,friday,W
KK Nagar ATM,20/03/2015,75,65,10,385200,356100,29100,friday,W
Christ College ATM,20/03/2015,115,54,61,427900,241300,186600,friday,W
Big Street ATM,21/03/2015,142,37,105,428000,160200,267800,saturday,H
Mount Road ATM,21/03/2015,173,101,72,738900,574400,164500,saturday,H
Airport ATM,21/03/2015,109,82,27,633400,560500,72900,saturday,H
KK Nagar ATM,21/03/2015,73,54,19,379100,302800,76300,saturday,H
Christ College ATM,21/03/2015,142,60,82,765000,477700,287300,saturday,H
Big Street ATM,22/03/2015,109,30,79,328100,120300,207800,sunday,H
Mount Road ATM,22/03/2015,116,49,67,317800,144200,173600,sunday,H
Airport ATM,22/03/2015,84,62,22,376700,315100,61600,sunday,H
KK Nagar ATM,22/03/2015,101,67,34,392500,210100,182400,sunday,H
Christ College ATM,22/03/2015,150,39,111,508600,125100,383500,sunday,H
Big Street ATM,23/03/2015,120,43,77,343700,117000,226700,monday,W
Mount Road ATM,23/03/2015,113,79,34,480400,359100,121300,monday,W
Airport ATM,23/03/2015,97,72,25,498900,405800,93100,monday,W
KK Nagar ATM,23/03/2015,104,74,30,470300,358300,112000,monday,W
Christ College ATM,23/03/2015,151,61,90,568900,287400,281500,monday,W
Big Street ATM,24/03/2015,131,52,79,457700,243700,214000,tuesday,W
Mount Road ATM,24/03/2015,137,79,58,528300,299400,228900,tuesday,W
Airport ATM,24/03/2015,101,81,20,588400,522900,65500,tuesday,W
KK Nagar ATM,24/03/2015,88,64,24,423100,318300,104800,tuesday,W
Christ College ATM,24/03/2015,132,64,68,448500,258700,189800,tuesday,W
Big Street ATM,25/03/2015,106,42,64,378400,196800,181600,wednesday,W
Mount Road ATM,25/03/2015,193,121,72,772800,567200,205600,wednesday,W
Airport ATM,25/03/2015,129,112,17,888000,817100,70900,wednesday,W
KK Nagar ATM,25/03/2015,76,61,15,347500,282200,65300,wednesday,W
Christ College ATM,25/03/2015,125,62,63,529200,366400,162800,wednesday,W
Big Street ATM,26/03/2015,108,42,66,404100,219200,184900,thursday,W
Mount Road ATM,26/03/2015,152,104,48,591600,487900,103700,thursday,W
Airport ATM,26/03/2015,97,76,21,532800,493600,39200,thursday,W
KK Nagar ATM,26/03/2015,89,72,17,360000,314300,45700,thursday,W
Christ College ATM,26/03/2015,106,44,62,496000,235300,260700,thursday,W
Big Street ATM,27/03/2015,112,49,63,352900,206000,146900,friday,W
Mount Road ATM,27/03/2015,158,100,58,412900,319200,93700,friday,W
Airport ATM,27/03/2015,79,55,24,358100,295400,62700,friday,W
KK Nagar ATM,27/03/2015,86,70,16,467200,412200,55000,friday,W
Christ College ATM,27/03/2015,145,69,76,701000,443500,257500,friday,W
Big Street ATM,28/03/2015,11,11,0,64700,64700,0,saturday,H
Mount Road ATM,28/03/2015,164,109,55,560400,389400,171000,saturday,H
Airport ATM,28/03/2015,94,71,23,421400,360800,60600,saturday,H
KK Nagar ATM,28/03/2015,94,77,17,504600,447400,57200,saturday,H
Christ College ATM,28/03/2015,117,58,59,527200,371700,155500,saturday,H
Big Street ATM,29/03/2015,78,25,53,246100,98600,147500,sunday,H
Mount Road ATM,29/03/2015,130,64,66,408300,279100,129200,sunday,H
Airport ATM,29/03/2015,92,69,23,385000,338100,46900,sunday,H
KK Nagar ATM,29/03/2015,95,61,34,360500,243300,117200,sunday,H
Christ College ATM,29/03/2015,102,48,54,321500,180900,140600,sunday,H
Big Street ATM,30/03/2015,120,48,72,424800,218000,206800,monday,W
Mount Road ATM,30/03/2015,176,109,67,748200,502100,246100,monday,W
Airport ATM,30/03/2015,99,72,27,528200,418400,109800,monday,W
KK Nagar ATM,30/03/2015,117,88,29,655900,558200,97700,monday,W
Christ College ATM,30/03/2015,132,74,58,534100,387900,146200,monday,W
Big Street ATM,31/03/2015,122,42,80,511600,206700,304900,tuesday,W
Mount Road ATM,31/03/2015,201,136,65,811800,621200,190600,tuesday,W
Airport ATM,31/03/2015,130,100,30,928900,801700,127200,tuesday,W
KK Nagar ATM,31/03/2015,109,91,18,777700,682000,95700,tuesday,W
Christ College ATM,31/03/2015,89,45,44,452700,203800,248900,tuesday,W
Big Street ATM,01/04/2015,132,52,80,549300,263500,285800,wednesday,W
Mount Road ATM,01/04/2015,172,98,74,720400,484300,236100,wednesday,W
Airport ATM,01/04/2015,148,120,28,839400,747000,92400,wednesday,W
KK Nagar ATM,01/04/2015,138,102,36,518100,426600,91500,wednesday,W
Christ College ATM,01/04/2015,144,62,82,645100,293200,351900,wednesday,W
Big Street ATM,02/04/2015,94,24,70,413300,136600,276700,thursday,H
Mount Road ATM,02/04/2015,160,97,63,717400,505400,212000,thursday,H
Airport ATM,02/04/2015,130,107,23,802700,677800,124900,thursday,H
KK Nagar ATM,02/04/2015,126,81,45,498100,387900,110200,thursday,H
Christ College ATM,02/04/2015,141,48,93,661300,225400,435900,thursday,H
Mount Road ATM,03/04/2015,101,57,44,289900,172700,117200,friday,H
Airport ATM,03/04/2015,14,14,0,28900,28900,0,friday,H
KK Nagar ATM,03/04/2015,249,124,125,975900,505100,470800,friday,H
Christ College ATM,03/04/2015,138,50,88,597400,242300,355100,friday,H
Big Street ATM,04/04/2015,70,19,51,246100,59100,187000,saturday,H
Mount Road ATM,04/04/2015,166,103,63,475600,338500,137100,saturday,H
Airport ATM,04/04/2015,63,47,16,289700,222000,67700,saturday,H
KK Nagar ATM,04/04/2015,70,44,26,222800,139700,83100,saturday,H
Christ College ATM,04/04/2015,102,36,66,398800,177000,221800,saturday,H
Big Street ATM,05/04/2015,60,24,36,284500,128900,155600,sunday,H
Mount Road ATM,05/04/2015,145,70,75,588100,349300,238800,sunday,H
Airport ATM,05/04/2015,116,93,23,606900,528800,78100,sunday,H
KK Nagar ATM,05/04/2015,138,72,66,671900,336800,335100,sunday,H
Christ College ATM,05/04/2015,99,34,65,390600,169100,221500,sunday,H
Big Street ATM,06/04/2015,106,42,64,350100,208300,141800,monday,W
Mount Road ATM,06/04/2015,208,117,91,992900,656400,336500,monday,W
Airport ATM,06/04/2015,171,119,52,1073200,854200,219000,monday,W
KK Nagar ATM,06/04/2015,219,149,70,1091600,776200,315400,monday,W
Christ College ATM,06/04/2015,203,82,121,1052900,468300,584600,monday,W
Big Street ATM,07/04/2015,99,41,58,346000,140300,205700,tuesday,W
Mount Road ATM,07/04/2015,112,66,46,390000,236100,153900,tuesday,W
Airport ATM,07/04/2015,115,80,35,670300,533300,137000,tuesday,W
KK Nagar ATM,07/04/2015,150,115,35,609100,450400,158700,tuesday,W
Christ College ATM,07/04/2015,146,63,83,602300,242600,359700,tuesday,W
Big Street ATM,08/04/2015,107,34,73,451500,194500,257000,wednesday,W
Mount Road ATM,08/04/2015,229,158,71,1251800,969400,282400,wednesday,W
Airport ATM,08/04/2015,144,110,34,821300,718600,102700,wednesday,W
KK Nagar ATM,08/04/2015,87,63,24,478100,380100,98000,wednesday,W
Christ College ATM,08/04/2015,139,59,80,661200,325700,335500,wednesday,W
Big Street ATM,09/04/2015,107,39,68,441400,173000,268400,thursday,W
Mount Road ATM,09/04/2015,176,118,58,828400,630900,197500,thursday,W
Airport ATM,09/04/2015,114,81,33,576000,464000,112000,thursday,W
KK Nagar ATM,09/04/2015,70,36,34,409400,218500,190900,thursday,W
Christ College ATM,09/04/2015,143,70,73,725300,337100,388200,thursday,W
Big Street ATM,10/04/2015,77,26,51,298400,160600,137800,friday,W
Mount Road ATM,10/04/2015,178,121,57,880600,707100,173500,friday,W
Airport ATM,10/04/2015,112,85,27,603300,491400,111900,friday,W
KK Nagar ATM,10/04/2015,118,81,37,578700,375400,203300,friday,W
Christ College ATM,10/04/2015,119,58,61,572900,346400,226500,friday,W
Big Street ATM,11/04/2015,91,30,61,392500,176800,215700,saturday,H
Mount Road ATM,11/04/2015,202,101,101,604300,356100,248200,saturday,H
Airport ATM,11/04/2015,115,95,20,626700,569500,57200,saturday,H
KK Nagar ATM,11/04/2015,48,25,23,232200,119400,112800,saturday,H
Christ College ATM,11/04/2015,147,54,93,686600,373400,313200,saturday,H
Big Street ATM,12/04/2015,116,36,80,337700,113800,223900,sunday,H
Mount Road ATM,12/04/2015,138,65,73,448700,319700,129000,sunday,H
Airport ATM,12/04/2015,85,60,25,372300,290800,81500,sunday,H
KK Nagar ATM,12/04/2015,63,36,27,227600,150900,76700,sunday,H
Christ College ATM,12/04/2015,137,53,84,509100,204600,304500,sunday,H
Big Street ATM,13/04/2015,112,37,75,472800,208600,264200,monday,W
Mount Road ATM,13/04/2015,138,83,55,553100,370900,182200,monday,W
Airport ATM,13/04/2015,111,88,23,622000,540000,82000,monday,W
KK Nagar ATM,13/04/2015,111,83,28,550600,418000,132600,monday,W
Christ College ATM,13/04/2015,168,69,99,902600,412700,489900,monday,W
Big Street ATM,14/04/2015,121,34,87,362800,141400,221400,tuesday,H
Mount Road ATM,14/04/2015,101,49,52,336500,167400,169100,tuesday,H
Airport ATM,14/04/2015,76,54,22,381600,238400,143200,tuesday,H
KK Nagar ATM,14/04/2015,93,57,36,575100,412300,162800,tuesday,H
Christ College ATM,14/04/2015,92,42,50,399200,226000,173200,tuesday,H
Big Street ATM,15/04/2015,97,33,64,382500,176900,205600,wednesday,W
Mount Road ATM,15/04/2015,133,101,32,633500,559100,74400,wednesday,W
Airport ATM,15/04/2015,98,73,25,496400,387300,109100,wednesday,W
KK Nagar ATM,15/04/2015,163,110,53,468600,285100,183500,wednesday,W
Christ College ATM,15/04/2015,151,72,79,800600,439800,360800,wednesday,W
Big Street ATM,16/04/2015,106,37,69,395000,195700,199300,thursday,W
Mount Road ATM,16/04/2015,137,82,55,545900,388700,157200,thursday,W
Airport ATM,16/04/2015,118,100,18,613200,536400,76800,thursday,W
KK Nagar ATM,16/04/2015,39,30,9,235400,201800,33600,thursday,W
Christ College ATM,16/04/2015,126,66,60,668300,393800,274500,thursday,W
Big Street ATM,17/04/2015,83,35,48,259100,159900,99200,friday,W
Mount Road ATM,17/04/2015,153,101,52,564800,413700,151100,friday,W
Airport ATM,17/04/2015,107,79,28,573200,476800,96400,friday,W
KK Nagar ATM,17/04/2015,50,38,12,194700,177800,16900,friday,W
Christ College ATM,17/04/2015,76,48,28,380700,262800,117900,friday,W
Big Street ATM,18/04/2015,102,29,73,296100,99500,196600,saturday,H
Mount Road ATM,18/04/2015,192,107,85,765100,508500,256600,saturday,H
Airport ATM,18/04/2015,116,93,23,768800,716800,52000,saturday,H
KK Nagar ATM,18/04/2015,44,35,9,185200,160600,24600,saturday,H
Christ College ATM,18/04/2015,128,51,77,555800,273300,282500,saturday,H
Big Street ATM,19/04/2015,68,25,43,259900,136000,123900,sunday,H
Mount Road ATM,19/04/2015,114,54,60,323000,210000,113000,sunday,H
Airport ATM,19/04/2015,75,60,15,403400,369200,34200,sunday,H
KK Nagar ATM,19/04/2015,76,53,23,273200,170200,103000,sunday,H
Christ College ATM,19/04/2015,85,32,53,263200,110300,152900,sunday,H
Big Street ATM,20/04/2015,93,33,60,377000,206000,171000,monday,W
Mount Road ATM,20/04/2015,173,108,65,717400,520900,196500,monday,W
Airport ATM,20/04/2015,81,65,16,624800,579200,45600,monday,W
KK Nagar ATM,20/04/2015,80,60,20,525100,423500,101600,monday,W
Christ College ATM,20/04/2015,119,51,68,539900,249100,290800,monday,W
Big Street ATM,21/04/2015,119,50,69,598000,339000,259000,tuesday,W
Mount Road ATM,21/04/2015,200,114,86,1042600,711200,331400,tuesday,W
Airport ATM,21/04/2015,86,65,21,440600,374300,66300,tuesday,W
KK Nagar ATM,21/04/2015,48,32,16,175400,111100,64300,tuesday,W
Christ College ATM,21/04/2015,118,69,49,468700,266700,202000,tuesday,W
Big Street ATM,22/04/2015,121,49,72,490800,293500,197300,wednesday,W
Mount Road ATM,22/04/2015,133,74,59,506300,337700,168600,wednesday,W
Airport ATM,22/04/2015,99,81,18,543600,508600,35000,wednesday,W
KK Nagar ATM,22/04/2015,30,20,10,143400,99900,43500,wednesday,W
Christ College ATM,22/04/2015,130,48,82,483200,188300,294900,wednesday,W
Big Street ATM,23/04/2015,94,31,63,382000,159200,222800,thursday,W
Mount Road ATM,23/04/2015,141,94,47,443300,287800,155500,thursday,W
Airport ATM,23/04/2015,103,86,17,468700,427900,40800,thursday,W
KK Nagar ATM,23/04/2015,3,3,0,3300,3300,0,thursday,W
Christ College ATM,23/04/2015,134,35,99,666900,166100,500800,thursday,W
Big Street ATM,24/04/2015,130,49,81,471700,237700,234000,friday,W
Mount Road ATM,24/04/2015,162,97,65,560900,367200,193700,friday,W
Airport ATM,24/04/2015,86,68,18,324000,288900,35100,friday,W
KK Nagar ATM,24/04/2015,34,16,18,90000,64600,25400,friday,W
Christ College ATM,24/04/2015,161,48,113,652600,290100,362500,friday,W
Big Street ATM,25/04/2015,117,38,79,457000,222200,234800,saturday,H
Mount Road ATM,25/04/2015,188,105,83,652300,421200,231100,saturday,H
Airport ATM,25/04/2015,104,90,14,722400,673600,48800,saturday,H
KK Nagar ATM,25/04/2015,74,52,22,389700,267400,122300,saturday,H
Christ College ATM,25/04/2015,186,57,129,825400,298100,527300,saturday,H
Big Street ATM,26/04/2015,29,8,21,123200,68400,54800,sunday,H
Mount Road ATM,26/04/2015,139,58,81,419700,192900,226800,sunday,H
Airport ATM,26/04/2015,88,76,12,399200,367900,31300,sunday,H
KK Nagar ATM,26/04/2015,46,35,11,166200,129300,36900,sunday,H
Christ College ATM,26/04/2015,179,37,142,659600,157000,502600,sunday,H
Big Street ATM,27/04/2015,98,42,56,299800,206000,93800,monday,W
Mount Road ATM,27/04/2015,155,100,55,728100,534500,193600,monday,W
Airport ATM,27/04/2015,111,91,20,698500,646200,52300,monday,W
KK Nagar ATM,27/04/2015,132,92,40,659400,503600,155800,monday,W
Christ College ATM,27/04/2015,200,54,146,796600,334300,462300,monday,W
Big Street ATM,28/04/2015,81,34,47,303300,175300,128000,tuesday,W
Mount Road ATM,28/04/2015,176,104,72,635000,482400,152600,tuesday,W
Airport ATM,28/04/2015,144,111,33,762100,639800,122300,tuesday,W
KK Nagar ATM,28/04/2015,62,40,22,345300,258900,86400,tuesday,W
Christ College ATM,28/04/2015,214,65,149,804200,274100,530100,tuesday,W
Big Street ATM,29/04/2015,126,43,83,495000,243500,251500,wednesday,W
Mount Road ATM,29/04/2015,165,102,63,734500,551200,183300,wednesday,W
Airport ATM,29/04/2015,105,84,21,603800,544400,59400,wednesday,W
KK Nagar ATM,29/04/2015,111,71,40,650300,489700,160600,wednesday,W
Christ College ATM,29/04/2015,134,64,70,567700,358800,208900,wednesday,W
Big Street ATM,30/04/2015,116,40,76,465900,187200,278700,thursday,W
Mount Road ATM,30/04/2015,153,101,52,645600,462300,183300,thursday,W
Airport ATM,30/04/2015,115,82,33,704800,606800,98000,thursday,W
KK Nagar ATM,30/04/2015,76,56,20,442900,355500,87400,thursday,W
Christ College ATM,30/04/2015,151,66,85,608700,349800,258900,thursday,W
Big Street ATM,01/05/2015,116,27,89,422700,106300,316400,friday,H
Mount Road ATM,01/05/2015,131,44,87,572500,276400,296100,friday,H
Airport ATM,01/05/2015,104,61,43,469400,261900,207500,friday,H
KK Nagar ATM,01/05/2015,82,48,34,436500,285200,151300,friday,H
Christ College ATM,01/05/2015,100,36,64,445100,180700,264400,friday,H
Big Street ATM,02/05/2015,144,53,91,530700,227600,303100,saturday,H
Mount Road ATM,02/05/2015,233,141,92,1085900,746400,339500,saturday,H
Airport ATM,02/05/2015,136,100,36,725900,547200,178700,saturday,H
KK Nagar ATM,02/05/2015,94,57,37,527400,338000,189400,saturday,H
Christ College ATM,02/05/2015,288,74,214,1569200,455700,1113500,saturday,H
Big Street ATM,03/05/2015,105,34,71,433900,200100,233800,sunday,H
Mount Road ATM,03/05/2015,34,18,16,63700,35600,28100,sunday,H
Airport ATM,03/05/2015,89,57,32,455500,307500,148000,sunday,H
KK Nagar ATM,03/05/2015,103,65,38,422500,307100,115400,sunday,H
Christ College ATM,03/05/2015,156,39,117,560800,126000,434800,sunday,H
Big Street ATM,04/05/2015,97,28,69,392800,113000,279800,monday,W
Mount Road ATM,04/05/2015,169,93,76,929100,597300,331800,monday,W
Airport ATM,04/05/2015,134,104,30,806200,636300,169900,monday,W
KK Nagar ATM,04/05/2015,108,77,31,333300,241400,91900,monday,W
Christ College ATM,04/05/2015,184,59,125,1002800,349600,653200,monday,W
Big Street ATM,05/05/2015,78,24,54,297500,97300,200200,tuesday,W
Mount Road ATM,05/05/2015,205,126,79,1079200,733900,345300,tuesday,W
Airport ATM,05/05/2015,123,87,36,613300,470200,143100,tuesday,W
KK Nagar ATM,05/05/2015,144,98,46,777600,577500,200100,tuesday,W
Christ College ATM,05/05/2015,163,89,74,856200,577100,279100,tuesday,W
Big Street ATM,06/05/2015,122,40,82,398900,149700,249200,wednesday,W
Mount Road ATM,06/05/2015,204,125,79,1187200,890500,296700,wednesday,W
Airport ATM,06/05/2015,109,89,20,747000,642800,104200,wednesday,W
KK Nagar ATM,06/05/2015,170,95,75,885100,484500,400600,wednesday,W
Christ College ATM,06/05/2015,136,73,63,708100,444900,263200,wednesday,W
Big Street ATM,07/05/2015,117,42,75,486200,205600,280600,thursday,W
Mount Road ATM,07/05/2015,188,106,82,952700,658100,294600,thursday,W
Airport ATM,07/05/2015,101,82,19,599200,543600,55600,thursday,W
KK Nagar ATM,07/05/2015,74,50,24,396500,249600,146900,thursday,W
Christ College ATM,07/05/2015,178,64,114,883100,353800,529300,thursday,W
Big Street ATM,08/05/2015,134,46,88,420300,147000,273300,friday,W
Mount Road ATM,08/05/2015,205,116,89,893900,623200,270700,friday,W
Airport ATM,08/05/2015,96,78,18,670000,607100,62900,friday,W
KK Nagar ATM,08/05/2015,66,42,24,453200,325500,127700,friday,W
Christ College ATM,08/05/2015,131,60,71,638600,346200,292400,friday,W
Big Street ATM,09/05/2015,137,36,101,490000,178600,311400,saturday,H
Mount Road ATM,09/05/2015,182,101,81,738600,539600,199000,saturday,H
Airport ATM,09/05/2015,112,83,29,758600,669900,88700,saturday,H
KK Nagar ATM,09/05/2015,45,28,17,255500,148700,106800,saturday,H
Christ College ATM,09/05/2015,125,81,44,719200,539000,180200,saturday,H
Big Street ATM,10/05/2015,161,43,118,528900,160000,368900,sunday,H
Mount Road ATM,10/05/2015,147,67,80,529700,274100,255600,sunday,H
Airport ATM,10/05/2015,97,74,23,432000,359700,72300,sunday,H
KK Nagar ATM,10/05/2015,46,33,13,177200,134600,42600,sunday,H
Christ College ATM,10/05/2015,104,36,68,472000,159400,312600,sunday,H
Big Street ATM,11/05/2015,117,38,79,480200,221900,258300,monday,W
Mount Road ATM,11/05/2015,102,69,33,427700,330900,96800,monday,W
Airport ATM,11/05/2015,110,75,35,559800,446100,113700,monday,W
KK Nagar ATM,11/05/2015,45,35,10,270300,227000,43300,monday,W
Christ College ATM,11/05/2015,147,60,87,663300,324900,338400,monday,W
Big Street ATM,12/05/2015,114,41,73,413500,197200,216300,tuesday,W
Mount Road ATM,12/05/2015,171,97,74,781800,452800,329000,tuesday,W
Airport ATM,12/05/2015,119,90,29,604200,509700,94500,tuesday,W
KK Nagar ATM,12/05/2015,79,60,19,399900,302200,97700,tuesday,W
Christ College ATM,12/05/2015,139,49,90,498000,163300,334700,tuesday,W
Big Street ATM,13/05/2015,90,36,54,411400,159700,251700,wednesday,W
Mount Road ATM,13/05/2015,180,100,80,714000,461500,252500,wednesday,W
Airport ATM,13/05/2015,97,73,24,640200,582100,58100,wednesday,W
KK Nagar ATM,13/05/2015,76,50,26,367300,234000,133300,wednesday,W
Christ College ATM,13/05/2015,142,49,93,583400,191000,392400,wednesday,W
Big Street ATM,14/05/2015,88,24,64,230900,46200,184700,thursday,W
Mount Road ATM,14/05/2015,140,87,53,585400,451200,134200,thursday,W
Airport ATM,14/05/2015,7,7,0,18600,18600,0,thursday,W
KK Nagar ATM,14/05/2015,89,63,26,412800,291700,121100,thursday,W
Christ College ATM,14/05/2015,101,43,58,312600,137800,174800,thursday,W
Big Street ATM,15/05/2015,108,46,62,338200,180900,157300,friday,W
Mount Road ATM,15/05/2015,165,97,68,592300,452900,139400,friday,W
Airport ATM,15/05/2015,50,41,9,250300,225700,24600,friday,W
KK Nagar ATM,15/05/2015,63,46,17,256900,173400,83500,friday,W
Christ College ATM,15/05/2015,134,73,61,660900,461700,199200,friday,W
Big Street ATM,16/05/2015,93,28,65,284000,149000,135000,saturday,H
Mount Road ATM,16/05/2015,173,98,75,721100,500600,220500,saturday,H
Airport ATM,16/05/2015,92,77,15,563600,519600,44000,saturday,H
KK Nagar ATM,16/05/2015,53,34,19,279400,190400,89000,saturday,H
Christ College ATM,16/05/2015,104,57,47,462000,322000,140000,saturday,H
Big Street ATM,17/05/2015,61,23,38,174300,85500,88800,sunday,H
Mount Road ATM,17/05/2015,163,73,90,455400,270300,185100,sunday,H
Airport ATM,17/05/2015,99,72,27,594500,494300,100200,sunday,H
KK Nagar ATM,17/05/2015,45,36,9,283100,260800,22300,sunday,H
Christ College ATM,17/05/2015,74,36,38,237900,92600,145300,sunday,H
Big Street ATM,18/05/2015,32,28,4,129000,126400,2600,monday,W
Mount Road ATM,18/05/2015,130,84,46,354500,280500,74000,monday,W
Airport ATM,18/05/2015,98,92,6,670000,664400,5600,monday,W
KK Nagar ATM,18/05/2015,109,86,23,611500,508300,103200,monday,W
Christ College ATM,18/05/2015,108,55,53,591600,379100,212500,monday,W
Big Street ATM,19/05/2015,11,10,1,49400,49000,400,tuesday,W
Mount Road ATM,19/05/2015,161,98,63,644000,465400,178600,tuesday,W
Airport ATM,19/05/2015,86,67,19,554400,460600,93800,tuesday,W
KK Nagar ATM,19/05/2015,96,65,31,535900,367300,168600,tuesday,W
Christ College ATM,19/05/2015,123,65,58,557800,334800,223000,tuesday,W
Big Street ATM,20/05/2015,61,29,32,267500,182400,85100,wednesday,W
Mount Road ATM,20/05/2015,96,66,30,372000,250200,121800,wednesday,W
Airport ATM,20/05/2015,104,87,17,736300,687600,48700,wednesday,W
KK Nagar ATM,20/05/2015,130,80,50,685800,453900,231900,wednesday,W
Christ College ATM,20/05/2015,113,54,59,612300,382100,230200,wednesday,W
Big Street ATM,21/05/2015,100,45,55,345000,218600,126400,thursday,W
Mount Road ATM,21/05/2015,137,88,49,480200,314800,165400,thursday,W
Airport ATM,21/05/2015,100,88,12,723700,671000,52700,thursday,W
KK Nagar ATM,21/05/2015,64,48,16,291500,220800,70700,thursday,W
Christ College ATM,21/05/2015,118,58,60,529400,317900,211500,thursday,W
Big Street ATM,22/05/2015,102,38,64,269700,115400,154300,friday,W
Mount Road ATM,22/05/2015,154,95,59,569100,409600,159500,friday,W
Airport ATM,22/05/2015,106,81,25,614300,525500,88800,friday,W
KK Nagar ATM,22/05/2015,71,49,22,229600,175700,53900,friday,W
Christ College ATM,22/05/2015,113,59,54,495400,309800,185600,friday,W
Big Street ATM,23/05/2015,108,32,76,359700,209100,150600,saturday,H
Mount Road ATM,23/05/2015,175,106,69,702800,516400,186400,saturday,H
Airport ATM,23/05/2015,126,106,20,667500,630900,36600,saturday,H
KK Nagar ATM,23/05/2015,61,38,23,303100,197400,105700,saturday,H
Christ College ATM,23/05/2015,169,57,112,713200,333600,379600,saturday,H
Big Street ATM,24/05/2015,110,34,76,324100,119400,204700,sunday,H
Mount Road ATM,24/05/2015,148,58,90,545400,326400,219000,sunday,H
Airport ATM,24/05/2015,93,75,18,541500,510700,30800,sunday,H
KK Nagar ATM,24/05/2015,48,30,18,108400,62600,45800,sunday,H
Christ College ATM,24/05/2015,137,36,101,490000,141200,348800,sunday,H
Big Street ATM,25/05/2015,113,47,66,327800,184200,143600,monday,W
Mount Road ATM,25/05/2015,142,97,45,539100,444400,94700,monday,W
Airport ATM,25/05/2015,74,66,8,374400,333900,40500,monday,W
KK Nagar ATM,25/05/2015,142,91,51,844300,608700,235600,monday,W
Christ College ATM,25/05/2015,113,47,66,500200,235400,264800,monday,W
Big Street ATM,26/05/2015,102,44,58,255800,145000,110800,tuesday,W
Mount Road ATM,26/05/2015,130,101,29,472200,402300,69900,tuesday,W
Airport ATM,26/05/2015,93,64,29,350900,274600,76300,tuesday,W
KK Nagar ATM,26/05/2015,81,58,23,427600,326800,100800,tuesday,W
Christ College ATM,26/05/2015,109,55,54,485400,273800,211600,tuesday,W
Big Street ATM,27/05/2015,113,34,79,417600,136700,280900,wednesday,W
Mount Road ATM,27/05/2015,170,102,68,831600,655500,176100,wednesday,W
Airport ATM,27/05/2015,65,51,14,343500,317800,25700,wednesday,W
KK Nagar ATM,27/05/2015,73,48,25,390100,301700,88400,wednesday,W
Christ College ATM,27/05/2015,124,63,61,602900,358500,244400,wednesday,W
Big Street ATM,28/05/2015,81,34,47,302100,161900,140200,thursday,W
Mount Road ATM,28/05/2015,157,99,58,716300,537200,179100,thursday,W
Airport ATM,28/05/2015,86,65,21,283400,238200,45200,thursday,W
KK Nagar ATM,28/05/2015,97,71,26,486300,355200,131100,thursday,W
Christ College ATM,28/05/2015,134,42,92,569500,217300,352200,thursday,W
Big Street ATM,29/05/2015,89,37,52,316500,169500,147000,friday,W
Mount Road ATM,29/05/2015,109,64,45,294500,177800,116700,friday,W
Airport ATM,29/05/2015,85,63,22,511000,449100,61900,friday,W
KK Nagar ATM,29/05/2015,106,65,41,554100,398300,155800,friday,W
Christ College ATM,29/05/2015,109,34,75,509900,147300,362600,friday,W
Big Street ATM,30/05/2015,118,31,87,289000,100400,188600,saturday,H
Mount Road ATM,30/05/2015,214,112,102,871800,502700,369100,saturday,H
Airport ATM,30/05/2015,77,63,14,329200,280400,48800,saturday,H
KK Nagar ATM,30/05/2015,163,88,75,945600,571800,373800,saturday,H
Christ College ATM,30/05/2015,125,52,73,582800,291100,291700,saturday,H
Big Street ATM,31/05/2015,40,8,32,152100,25100,127000,sunday,H
Mount Road ATM,31/05/2015,169,65,104,502900,313500,189400,sunday,H
Airport ATM,31/05/2015,105,77,28,582100,489900,92200,sunday,H
KK Nagar ATM,31/05/2015,137,63,74,570000,302700,267300,sunday,H
Christ College ATM,31/05/2015,102,36,66,477900,179800,298100,sunday,H
Mount Road ATM,01/06/2015,29,23,6,54300,45700,8600,monday,W
Airport ATM,01/06/2015,91,76,15,393300,356800,36500,monday,W
KK Nagar ATM,01/06/2015,42,22,20,189800,89700,100100,monday,W
Christ College ATM,01/06/2015,45,19,26,237300,82000,155300,monday,W
Big Street ATM,02/06/2015,69,28,41,237900,105100,132800,tuesday,W
Mount Road ATM,02/06/2015,93,66,27,447700,326500,121200,tuesday,W
Airport ATM,02/06/2015,81,61,20,541600,440600,101000,tuesday,W
KK Nagar ATM,02/06/2015,185,105,80,1197600,678000,519600,tuesday,W
Christ College ATM,02/06/2015,93,45,48,467500,231300,236200,tuesday,W
Big Street ATM,03/06/2015,116,38,78,414500,138900,275600,wednesday,W
Mount Road ATM,03/06/2015,175,92,83,933700,601500,332200,wednesday,W
Airport ATM,03/06/2015,104,76,28,576800,467600,109200,wednesday,W
KK Nagar ATM,03/06/2015,176,95,81,1138900,628700,510200,wednesday,W
Christ College ATM,03/06/2015,145,58,87,731900,271000,460900,wednesday,W
Big Street ATM,04/06/2015,103,27,76,404400,147100,257300,thursday,W
Mount Road ATM,04/06/2015,200,124,76,1034200,694700,339500,thursday,W
Airport ATM,04/06/2015,107,83,24,550000,466400,83600,thursday,W
KK Nagar ATM,04/06/2015,146,91,55,826300,488200,338100,thursday,W
Christ College ATM,04/06/2015,228,82,146,1072900,394400,678500,thursday,W
Big Street ATM,05/06/2015,95,28,67,333300,87900,245400,friday,W
Mount Road ATM,05/06/2015,92,61,31,481300,428500,52800,friday,W
Airport ATM,05/06/2015,104,74,30,553000,450500,102500,friday,W
KK Nagar ATM,05/06/2015,143,105,38,818100,643200,174900,friday,W
Christ College ATM,05/06/2015,167,84,83,664200,359300,304900,friday,W
Big Street ATM,06/06/2015,136,43,93,414900,114300,300600,saturday,H
Mount Road ATM,06/06/2015,154,78,76,619500,363800,255700,saturday,H
Airport ATM,06/06/2015,111,76,35,509600,369500,140100,saturday,H
KK Nagar ATM,06/06/2015,88,56,32,420000,243600,176400,saturday,H
Christ College ATM,06/06/2015,186,77,109,955900,482400,473500,saturday,H
Big Street ATM,07/06/2015,116,19,97,421200,77900,343300,sunday,H
Mount Road ATM,07/06/2015,56,24,32,155100,117800,37300,sunday,H
Airport ATM,07/06/2015,118,73,45,620500,498600,121900,sunday,H
KK Nagar ATM,07/06/2015,113,47,66,445700,189500,256200,sunday,H
Christ College ATM,07/06/2015,37,12,25,71100,23600,47500,sunday,H
Big Street ATM,08/06/2015,119,32,87,420500,104800,315700,monday,W
Mount Road ATM,08/06/2015,137,88,49,596200,411400,184800,monday,W
Airport ATM,08/06/2015,118,86,32,722600,605500,117100,monday,W
KK Nagar ATM,08/06/2015,49,30,19,188800,118500,70300,monday,W
Christ College ATM,08/06/2015,115,48,67,560900,255400,305500,monday,W
Big Street ATM,09/06/2015,139,48,91,518200,138000,380200,tuesday,W
Mount Road ATM,09/06/2015,103,71,32,494300,383600,110700,tuesday,W
Airport ATM,09/06/2015,107,83,24,724500,610500,114000,tuesday,W
KK Nagar ATM,09/06/2015,49,39,10,354700,293700,61000,tuesday,W
Christ College ATM,09/06/2015,128,56,72,668200,367100,301100,tuesday,W
Big Street ATM,10/06/2015,139,44,95,497100,188400,308700,wednesday,W
Mount Road ATM,10/06/2015,39,29,10,161000,141300,19700,wednesday,W
Airport ATM,10/06/2015,78,64,14,363800,333600,30200,wednesday,W
KK Nagar ATM,10/06/2015,202,113,89,1015200,590600,424600,wednesday,W
Christ College ATM,10/06/2015,137,67,70,489000,276200,212800,wednesday,W
Big Street ATM,11/06/2015,101,29,72,423300,155100,268200,thursday,W
Mount Road ATM,11/06/2015,134,85,49,702100,470100,232000,thursday,W
Airport ATM,11/06/2015,65,59,6,495900,481400,14500,thursday,W
KK Nagar ATM,11/06/2015,203,127,76,833600,488100,345500,thursday,W
Christ College ATM,11/06/2015,115,52,63,430700,203200,227500,thursday,W
Big Street ATM,12/06/2015,120,32,88,404900,123700,281200,friday,W
Mount Road ATM,12/06/2015,96,62,34,447500,339000,108500,friday,W
Airport ATM,12/06/2015,49,38,11,197200,179400,17800,friday,W
KK Nagar ATM,12/06/2015,214,167,47,858300,701200,157100,friday,W
Christ College ATM,12/06/2015,119,48,71,413200,140900,272300,friday,W
Big Street ATM,13/06/2015,107,36,71,410200,203900,206300,saturday,H
Mount Road ATM,13/06/2015,80,48,32,229000,152100,76900,saturday,H
Airport ATM,13/06/2015,106,86,20,649200,591700,57500,saturday,H
KK Nagar ATM,13/06/2015,79,52,27,365700,271100,94600,saturday,H
Christ College ATM,13/06/2015,166,70,96,762200,387500,374700,saturday,H
Big Street ATM,14/06/2015,105,29,76,376300,133600,242700,sunday,H
Mount Road ATM,14/06/2015,119,44,75,347300,199500,147800,sunday,H
Airport ATM,14/06/2015,76,55,21,511100,427500,83600,sunday,H
KK Nagar ATM,14/06/2015,110,57,53,530100,259800,270300,sunday,H
Christ College ATM,14/06/2015,94,37,57,239800,93100,146700,sunday,H
Big Street ATM,15/06/2015,109,47,62,395700,228300,167400,monday,W
Mount Road ATM,15/06/2015,95,68,27,482100,407000,75100,monday,W
Airport ATM,15/06/2015,71,58,13,303600,288200,15400,monday,W
KK Nagar ATM,15/06/2015,192,141,51,988400,740700,247700,monday,W
Christ College ATM,15/06/2015,133,69,64,654300,402800,251500,monday,W
Big Street ATM,16/06/2015,85,31,54,321300,152100,169200,tuesday,W
Mount Road ATM,16/06/2015,165,104,61,707100,516800,190300,tuesday,W
Airport ATM,16/06/2015,86,65,21,399100,332300,66800,tuesday,W
KK Nagar ATM,16/06/2015,99,70,29,276700,180900,95800,tuesday,W
Christ College ATM,16/06/2015,111,60,51,407000,236000,171000,tuesday,W
Big Street ATM,17/06/2015,90,28,62,314500,175800,138700,wednesday,W
Mount Road ATM,17/06/2015,136,92,44,507800,413100,94700,wednesday,W
Airport ATM,17/06/2015,70,60,10,315100,298900,16200,wednesday,W
KK Nagar ATM,17/06/2015,100,81,19,588200,516100,72100,wednesday,W
Christ College ATM,17/06/2015,113,45,68,573900,282000,291900,wednesday,W
Big Street ATM,18/06/2015,37,16,21,173000,109500,63500,thursday,W
Mount Road ATM,18/06/2015,123,83,40,461700,340900,120800,thursday,W
Airport ATM,18/06/2015,135,122,13,839300,797700,41600,thursday,W
KK Nagar ATM,18/06/2015,104,82,22,590100,500800,89300,thursday,W
Christ College ATM,18/06/2015,113,57,56,558500,344800,213700,thursday,W
Mount Road ATM,19/06/2015,84,49,35,357100,251000,106100,friday,W
Airport ATM,19/06/2015,73,53,20,269500,219900,49600,friday,W
KK Nagar ATM,19/06/2015,66,51,15,238400,198600,39800,friday,W
Christ College ATM,19/06/2015,160,52,108,554400,188000,366400,friday,W
Big Street ATM,20/06/2015,91,31,60,359100,201800,157300,saturday,H
Mount Road ATM,20/06/2015,161,99,62,556200,366900,189300,saturday,H
Airport ATM,20/06/2015,93,71,22,519800,457700,62100,saturday,H
KK Nagar ATM,20/06/2015,106,76,30,564000,412600,151400,saturday,H
Christ College ATM,20/06/2015,155,68,87,637600,345700,291900,saturday,H
Big Street ATM,21/06/2015,113,50,63,335500,158400,177100,sunday,H
Mount Road ATM,21/06/2015,121,56,65,310500,203200,107300,sunday,H
Airport ATM,21/06/2015,63,51,12,324600,294300,30300,sunday,H
KK Nagar ATM,21/06/2015,74,57,17,242900,202500,40400,sunday,H
Christ College ATM,21/06/2015,158,50,108,484400,198100,286300,sunday,H
Big Street ATM,22/06/2015,118,47,71,445900,244600,201300,monday,W
Mount Road ATM,22/06/2015,122,74,48,465000,286100,178900,monday,W
Airport ATM,22/06/2015,100,79,21,469400,407500,61900,monday,W
KK Nagar ATM,22/06/2015,77,61,16,490000,427500,62500,monday,W
Christ College ATM,22/06/2015,156,64,92,569500,283800,285700,monday,W
Big Street ATM,23/06/2015,90,34,56,361800,200200,161600,tuesday,W
Mount Road ATM,23/06/2015,69,55,14,267500,244500,23000,tuesday,W
Airport ATM,23/06/2015,97,75,22,497300,417700,79600,tuesday,W
KK Nagar ATM,23/06/2015,69,51,18,312700,234500,78200,tuesday,W
Christ College ATM,23/06/2015,127,46,81,369900,182400,187500,tuesday,W
Big Street ATM,24/06/2015,99,36,63,404800,190600,214200,wednesday,W
Mount Road ATM,24/06/2015,145,92,53,685800,474800,211000,wednesday,W
Airport ATM,24/06/2015,102,80,22,560600,470100,90500,wednesday,W
KK Nagar ATM,24/06/2015,72,62,10,352000,292000,60000,wednesday,W
Christ College ATM,24/06/2015,154,67,87,827700,419900,407800,wednesday,W
Big Street ATM,25/06/2015,121,37,84,456800,169400,287400,thursday,W
Mount Road ATM,25/06/2015,149,106,43,528000,396000,132000,thursday,W
Airport ATM,25/06/2015,47,34,13,229600,204600,25000,thursday,W
KK Nagar ATM,25/06/2015,109,71,38,562500,396700,165800,thursday,W
Christ College ATM,25/06/2015,154,57,97,566800,230000,336800,thursday,W
Big Street ATM,26/06/2015,101,36,65,261000,120400,140600,friday,W
Mount Road ATM,26/06/2015,143,102,41,571000,412800,158200,friday,W
Airport ATM,26/06/2015,59,46,13,252800,211200,41600,friday,W
KK Nagar ATM,26/06/2015,105,74,31,371300,224200,147100,friday,W
Christ College ATM,26/06/2015,109,60,49,394800,278700,116100,friday,W
Big Street ATM,27/06/2015,143,43,100,395700,129700,266000,saturday,H
Mount Road ATM,27/06/2015,161,78,83,711400,364500,346900,saturday,H
Airport ATM,27/06/2015,79,60,19,496700,394400,102300,saturday,H
KK Nagar ATM,27/06/2015,115,85,30,826400,672200,154200,saturday,H
Christ College ATM,27/06/2015,135,61,74,713200,394500,318700,saturday,H
Big Street ATM,28/06/2015,135,41,94,399900,179300,220600,sunday,H
Mount Road ATM,28/06/2015,111,61,50,441000,287700,153300,sunday,H
Airport ATM,28/06/2015,59,42,17,273900,228900,45000,sunday,H
KK Nagar ATM,28/06/2015,116,89,27,247800,163400,84400,sunday,H
Christ College ATM,28/06/2015,110,49,61,339400,177500,161900,sunday,H
Big Street ATM,29/06/2015,111,51,60,416400,253600,162800,monday,W
Mount Road ATM,29/06/2015,136,76,60,499900,278100,221800,monday,W
Airport ATM,29/06/2015,101,80,21,551100,492700,58400,monday,W
KK Nagar ATM,29/06/2015,43,31,12,217900,160100,57800,monday,W
Christ College ATM,29/06/2015,124,55,69,473000,251600,221400,monday,W
Big Street ATM,30/06/2015,119,38,81,414700,126800,287900,tuesday,W
Mount Road ATM,30/06/2015,176,114,62,698400,567900,130500,tuesday,W
Airport ATM,30/06/2015,124,101,23,759700,662700,97000,tuesday,W
KK Nagar ATM,30/06/2015,130,103,27,708400,644800,63600,tuesday,W
Christ College ATM,30/06/2015,161,71,90,733300,415600,317700,tuesday,W
Big Street ATM,01/07/2015,172,62,110,745100,331200,413900,wednesday,W
Mount Road ATM,01/07/2015,153,89,64,673800,412000,261800,wednesday,W
Airport ATM,01/07/2015,144,109,35,765700,656000,109700,wednesday,W
KK Nagar ATM,01/07/2015,157,127,30,970700,801100,169600,wednesday,W
Christ College ATM,01/07/2015,196,63,133,870000,302600,567400,wednesday,W
Big Street ATM,02/07/2015,88,35,53,329500,168100,161400,thursday,W
Mount Road ATM,02/07/2015,137,84,53,769800,518800,251000,thursday,W
Airport ATM,02/07/2015,154,120,34,980300,871000,109300,thursday,W
KK Nagar ATM,02/07/2015,152,104,48,855900,625800,230100,thursday,W
Christ College ATM,02/07/2015,182,54,128,902700,248200,654500,thursday,W
Big Street ATM,03/07/2015,121,38,83,416300,128100,288200,friday,W
Mount Road ATM,03/07/2015,120,79,41,381300,262800,118500,friday,W
Airport ATM,03/07/2015,106,87,19,422300,393700,28600,friday,W
KK Nagar ATM,03/07/2015,61,49,12,195000,142200,52800,friday,W
Christ College ATM,03/07/2015,148,51,97,642800,242800,400000,friday,W
Big Street ATM,04/07/2015,136,44,92,531700,230100,301600,saturday,H
Mount Road ATM,04/07/2015,179,103,76,930900,622200,308700,saturday,H
Airport ATM,04/07/2015,94,69,25,548700,465400,83300,saturday,H
KK Nagar ATM,04/07/2015,66,50,16,298700,242500,56200,saturday,H
Christ College ATM,04/07/2015,38,23,15,175100,119400,55700,saturday,H
Big Street ATM,05/07/2015,150,34,116,432600,91000,341600,sunday,H
Mount Road ATM,05/07/2015,138,61,77,388700,242700,146000,sunday,H
Airport ATM,05/07/2015,85,69,16,610000,569300,40700,sunday,H
KK Nagar ATM,05/07/2015,82,58,24,431100,349900,81200,sunday,H
Big Street ATM,06/07/2015,87,34,53,246500,116100,130400,monday,W
Mount Road ATM,06/07/2015,177,115,62,937300,686100,251200,monday,W
Airport ATM,06/07/2015,1,1,0,500,500,0,monday,W
KK Nagar ATM,06/07/2015,57,37,20,365900,253900,112000,monday,W
Christ College ATM,06/07/2015,133,46,87,707700,246100,461600,monday,W
Big Street ATM,07/07/2015,102,33,69,293600,119400,174200,tuesday,W
Mount Road ATM,07/07/2015,163,120,43,863200,699200,164000,tuesday,W
Airport ATM,07/07/2015,50,39,11,213800,189100,24700,tuesday,W
KK Nagar ATM,07/07/2015,66,51,15,331400,253900,77500,tuesday,W
Christ College ATM,07/07/2015,149,84,65,687300,355900,331400,tuesday,W
Big Street ATM,08/07/2015,129,46,83,491700,191200,300500,wednesday,W
Mount Road ATM,08/07/2015,187,123,64,1008600,725500,283100,wednesday,W
Airport ATM,08/07/2015,79,58,21,390000,301800,88200,wednesday,W
KK Nagar ATM,08/07/2015,89,60,29,513700,356800,156900,wednesday,W
Christ College ATM,08/07/2015,109,59,50,555300,298500,256800,wednesday,W
Big Street ATM,09/07/2015,106,48,58,465800,273800,192000,thursday,W
Mount Road ATM,09/07/2015,173,132,41,783800,654800,129000,thursday,W
Airport ATM,09/07/2015,119,101,18,627000,551500,75500,thursday,W
KK Nagar ATM,09/07/2015,67,54,13,409900,338700,71200,thursday,W
Christ College ATM,09/07/2015,126,64,62,500700,274900,225800,thursday,W
Big Street ATM,10/07/2015,108,51,57,423800,244000,179800,friday,W
Mount Road ATM,10/07/2015,174,118,56,649500,497200,152300,friday,W
Airport ATM,10/07/2015,94,73,21,421400,370200,51200,friday,W
KK Nagar ATM,10/07/2015,179,137,42,737200,643800,93400,friday,W
Christ College ATM,10/07/2015,146,59,87,671900,329700,342200,friday,W
Big Street ATM,11/07/2015,124,28,96,432600,126000,306600,saturday,H
Mount Road ATM,11/07/2015,129,82,47,604000,470500,133500,saturday,H
Airport ATM,11/07/2015,118,94,24,665400,585500,79900,saturday,H
KK Nagar ATM,11/07/2015,113,88,25,507700,406600,101100,saturday,H
Christ College ATM,11/07/2015,194,74,120,870000,380400,489600,saturday,H
Big Street ATM,12/07/2015,144,36,108,506600,159800,346800,sunday,H
Mount Road ATM,12/07/2015,162,66,96,455400,240900,214500,sunday,H
Airport ATM,12/07/2015,134,107,27,641100,567500,73600,sunday,H
KK Nagar ATM,12/07/2015,75,46,29,322400,187900,134500,sunday,H
Christ College ATM,12/07/2015,104,59,45,258700,158100,100600,sunday,H
Big Street ATM,13/07/2015,126,40,86,363900,147100,216800,monday,W
Mount Road ATM,13/07/2015,127,90,37,606800,486500,120300,monday,W
Airport ATM,13/07/2015,110,85,25,715600,663800,51800,monday,W
KK Nagar ATM,13/07/2015,107,76,31,585600,420300,165300,monday,W
Christ College ATM,13/07/2015,109,48,61,452000,229500,222500,monday,W
Big Street ATM,14/07/2015,110,38,72,310900,133300,177600,tuesday,W
Mount Road ATM,14/07/2015,109,71,38,513600,351900,161700,tuesday,W
Airport ATM,14/07/2015,102,87,15,511300,442200,69100,tuesday,W
KK Nagar ATM,14/07/2015,37,27,10,179200,141300,37900,tuesday,W
Christ College ATM,14/07/2015,135,60,75,608600,265000,343600,tuesday,W
Big Street ATM,15/07/2015,112,37,75,364000,162400,201600,wednesday,W
Mount Road ATM,15/07/2015,128,99,29,540900,490400,50500,wednesday,W
Airport ATM,15/07/2015,90,80,10,653500,604400,49100,wednesday,W
KK Nagar ATM,15/07/2015,84,67,17,418200,349900,68300,wednesday,W
Christ College ATM,15/07/2015,130,63,67,709600,401700,307900,wednesday,W
Big Street ATM,16/07/2015,122,39,83,470700,196600,274100,thursday,W
Mount Road ATM,16/07/2015,31,26,5,172500,161900,10600,thursday,W
Airport ATM,16/07/2015,132,102,30,558900,458200,100700,thursday,W
KK Nagar ATM,16/07/2015,63,44,19,280000,210900,69100,thursday,W
Christ College ATM,16/07/2015,125,65,60,676100,496800,179300,thursday,W
Big Street ATM,17/07/2015,112,42,70,336300,200400,135900,friday,W
Mount Road ATM,17/07/2015,97,62,35,585500,474800,110700,friday,W
Airport ATM,17/07/2015,90,82,8,533000,496400,36600,friday,W
KK Nagar ATM,17/07/2015,76,55,21,260000,208900,51100,friday,W
Christ College ATM,17/07/2015,89,44,45,372400,215000,157400,friday,W
Big Street ATM,18/07/2015,113,28,85,227300,87500,139800,saturday,H
Mount Road ATM,18/07/2015,89,55,34,336400,261300,75100,saturday,H
Airport ATM,18/07/2015,88,70,18,524500,466000,58500,saturday,H
KK Nagar ATM,18/07/2015,94,62,32,570400,426200,144200,saturday,H
Big Street ATM,19/07/2015,127,43,84,328800,149500,179300,sunday,H
Airport ATM,19/07/2015,78,55,23,372400,287000,85400,sunday,H
KK Nagar ATM,19/07/2015,15,13,2,34200,28200,6000,sunday,H
Big Street ATM,20/07/2015,80,34,46,372500,226000,146500,monday,W
Mount Road ATM,20/07/2015,120,75,45,458300,289600,168700,monday,W
Airport ATM,20/07/2015,100,77,23,578500,529500,49000,monday,W
KK Nagar ATM,20/07/2015,114,88,26,642700,524200,118500,monday,W
Christ College ATM,20/07/2015,174,58,116,907800,283600,624200,monday,W
Big Street ATM,21/07/2015,91,26,65,212400,67800,144600,tuesday,W
Mount Road ATM,21/07/2015,154,110,44,620400,476400,144000,tuesday,W
Airport ATM,21/07/2015,86,69,17,389600,333700,55900,tuesday,W
KK Nagar ATM,21/07/2015,149,112,37,531700,449200,82500,tuesday,W
Christ College ATM,21/07/2015,130,62,68,521500,266300,255200,tuesday,W
Big Street ATM,22/07/2015,108,46,62,331500,170400,161100,wednesday,W
Mount Road ATM,22/07/2015,141,100,41,534100,434800,99300,wednesday,W
Airport ATM,22/07/2015,49,40,9,261700,203900,57800,wednesday,W
KK Nagar ATM,22/07/2015,73,54,19,254200,227500,26700,wednesday,W
Christ College ATM,22/07/2015,123,48,75,410300,155800,254500,wednesday,W
Big Street ATM,23/07/2015,144,45,99,540000,242000,298000,thursday,W
Mount Road ATM,23/07/2015,145,104,41,630400,491700,138700,thursday,W
Airport ATM,23/07/2015,74,51,23,355800,247100,108700,thursday,W
KK Nagar ATM,23/07/2015,99,76,23,579600,441100,138500,thursday,W
Christ College ATM,23/07/2015,132,55,77,589800,274400,315400,thursday,W
Big Street ATM,24/07/2015,98,40,58,339100,167800,171300,friday,W
Mount Road ATM,24/07/2015,114,83,31,438500,385300,53200,friday,W
Airport ATM,24/07/2015,35,30,5,128600,120000,8600,friday,W
KK Nagar ATM,24/07/2015,75,58,17,347600,316000,31600,friday,W
Christ College ATM,24/07/2015,108,45,63,307900,135900,172000,friday,W
Big Street ATM,25/07/2015,111,43,68,292700,154900,137800,saturday,H
Mount Road ATM,25/07/2015,186,105,81,883600,595800,287800,saturday,H
Airport ATM,25/07/2015,55,40,15,185200,149000,36200,saturday,H
KK Nagar ATM,25/07/2015,57,39,18,311200,239400,71800,saturday,H
Christ College ATM,25/07/2015,144,72,72,653200,476600,176600,saturday,H
Big Street ATM,26/07/2015,149,46,103,449700,201300,248400,sunday,H
Mount Road ATM,26/07/2015,147,71,76,418900,273500,145400,sunday,H
Airport ATM,26/07/2015,56,41,15,236800,211900,24900,sunday,H
Christ College ATM,26/07/2015,107,43,64,370800,204200,166600,sunday,H
Big Street ATM,27/07/2015,118,39,79,400600,204800,195800,monday,W
Mount Road ATM,27/07/2015,128,91,37,478700,367800,110900,monday,W
Airport ATM,27/07/2015,74,58,16,590400,486200,104200,monday,W
KK Nagar ATM,27/07/2015,4,3,1,35000,25000,10000,monday,W
Christ College ATM,27/07/2015,95,38,57,332500,170400,162100,monday,W
Big Street ATM,28/07/2015,109,46,63,321400,184500,136900,tuesday,W
Mount Road ATM,28/07/2015,132,75,57,499600,355200,144400,tuesday,W
Airport ATM,28/07/2015,35,29,6,208600,186900,21700,tuesday,W
KK Nagar ATM,28/07/2015,38,27,11,127800,97300,30500,tuesday,W
Christ College ATM,28/07/2015,106,56,50,478300,300300,178000,tuesday,W
Big Street ATM,29/07/2015,78,30,48,212900,102600,110300,wednesday,W
Mount Road ATM,29/07/2015,158,109,49,759000,577400,181600,wednesday,W
Airport ATM,29/07/2015,72,51,21,427300,339500,87800,wednesday,W
KK Nagar ATM,29/07/2015,97,73,24,676200,558300,117900,wednesday,W
Christ College ATM,29/07/2015,127,63,64,568800,372900,195900,wednesday,W
Big Street ATM,30/07/2015,117,46,71,392200,229400,162800,thursday,W
Mount Road ATM,30/07/2015,81,48,33,315200,237600,77600,thursday,W
Airport ATM,30/07/2015,56,49,7,271400,260800,10600,thursday,W
KK Nagar ATM,30/07/2015,67,49,18,300200,211200,89000,thursday,W
Christ College ATM,30/07/2015,67,34,33,241100,168700,72400,thursday,W
Big Street ATM,31/07/2015,150,58,92,569900,179400,390500,friday,W
Mount Road ATM,31/07/2015,166,100,66,585300,397500,187800,friday,W
Airport ATM,31/07/2015,73,52,21,434300,369800,64500,friday,W
KK Nagar ATM,31/07/2015,192,140,52,1101500,818300,283200,friday,W
Christ College ATM,31/07/2015,141,65,76,647100,323100,324000,friday,W
Big Street ATM,01/08/2015,177,42,135,703600,196800,506800,saturday,H
Mount Road ATM,01/08/2015,212,96,116,941600,470600,471000,saturday,H
Airport ATM,01/08/2015,87,64,23,565100,481700,83400,saturday,H
KK Nagar ATM,01/08/2015,124,73,51,624900,331800,293100,saturday,H
Christ College ATM,01/08/2015,197,77,120,990400,359700,630700,saturday,H
Big Street ATM,02/08/2015,125,35,90,491800,197600,294200,sunday,H
Mount Road ATM,02/08/2015,224,74,150,810400,327300,483100,sunday,H
Airport ATM,02/08/2015,84,56,28,422700,292400,130300,sunday,H
KK Nagar ATM,02/08/2015,91,42,49,381400,180200,201200,sunday,H
Christ College ATM,02/08/2015,29,6,23,110600,60700,49900,sunday,H
Big Street ATM,03/08/2015,93,28,65,348800,146300,202500,monday,W
Mount Road ATM,03/08/2015,204,118,86,960200,652100,308100,monday,W
Airport ATM,03/08/2015,77,64,13,389300,348200,41100,monday,W
KK Nagar ATM,03/08/2015,45,33,12,177400,128400,49000,monday,W
Christ College ATM,03/08/2015,88,21,67,393600,107000,286600,monday,W
Big Street ATM,04/08/2015,113,46,67,527000,246400,280600,tuesday,W
Mount Road ATM,04/08/2015,115,75,40,479000,375300,103700,tuesday,W
Airport ATM,04/08/2015,39,27,12,182800,135100,47700,tuesday,W
KK Nagar ATM,04/08/2015,22,13,9,128400,73700,54700,tuesday,W
Christ College ATM,04/08/2015,142,71,71,688700,381500,307200,tuesday,W
Big Street ATM,05/08/2015,140,48,92,482800,177400,305400,wednesday,W
Mount Road ATM,05/08/2015,43,34,9,217000,205900,11100,wednesday,W
Airport ATM,05/08/2015,60,46,14,339800,290000,49800,wednesday,W
KK Nagar ATM,05/08/2015,150,102,48,865200,619300,245900,wednesday,W
Christ College ATM,05/08/2015,35,22,13,229600,175700,53900,wednesday,W
Big Street ATM,06/08/2015,134,51,83,422500,213400,209100,thursday,W
Mount Road ATM,06/08/2015,194,120,74,958500,663600,294900,thursday,W
Airport ATM,06/08/2015,72,50,22,336100,241800,94300,thursday,W
KK Nagar ATM,06/08/2015,118,75,43,649000,461300,187700,thursday,W
Christ College ATM,06/08/2015,46,17,29,140100,62300,77800,thursday,W
Big Street ATM,07/08/2015,111,51,60,453600,232800,220800,friday,W
Mount Road ATM,07/08/2015,153,97,56,651000,448700,202300,friday,W
Airport ATM,07/08/2015,58,36,22,194000,123700,70300,friday,W
KK Nagar ATM,07/08/2015,73,57,16,359900,319700,40200,friday,W
Christ College ATM,07/08/2015,140,60,80,540900,257000,283900,friday,W
Big Street ATM,08/08/2015,128,31,97,581200,198400,382800,saturday,H
Mount Road ATM,08/08/2015,217,110,107,756800,424700,332100,saturday,H
Airport ATM,08/08/2015,63,48,15,400200,349900,50300,saturday,H
KK Nagar ATM,08/08/2015,78,51,27,327900,209300,118600,saturday,H
Christ College ATM,08/08/2015,160,86,74,950300,635000,315300,saturday,H
Big Street ATM,09/08/2015,150,55,95,609400,356800,252600,sunday,H
Mount Road ATM,09/08/2015,153,68,85,589900,345100,244800,sunday,H
Airport ATM,09/08/2015,75,56,19,393800,352500,41300,sunday,H
KK Nagar ATM,09/08/2015,76,46,30,333500,211400,122100,sunday,H
Christ College ATM,09/08/2015,33,14,19,121400,95000,26400,sunday,H
Big Street ATM,10/08/2015,131,44,87,412100,226300,185800,monday,W
Mount Road ATM,10/08/2015,193,123,70,667400,477600,189800,monday,W
Airport ATM,10/08/2015,84,65,19,400600,321200,79400,monday,W
KK Nagar ATM,10/08/2015,100,64,36,482700,352800,129900,monday,W
Christ College ATM,10/08/2015,127,44,83,489300,136600,352700,monday,W
Big Street ATM,11/08/2015,148,55,93,542800,265700,277100,tuesday,W
Mount Road ATM,11/08/2015,167,111,56,679900,510000,169900,tuesday,W
Airport ATM,11/08/2015,90,72,18,535700,465400,70300,tuesday,W
KK Nagar ATM,11/08/2015,20,18,2,65700,58700,7000,tuesday,W
Christ College ATM,11/08/2015,126,64,62,579400,366600,212800,tuesday,W
Big Street ATM,12/08/2015,131,41,90,479300,221200,258100,wednesday,W
Mount Road ATM,12/08/2015,159,98,61,598500,403700,194800,wednesday,W
Airport ATM,12/08/2015,60,48,12,304000,254300,49700,wednesday,W
KK Nagar ATM,12/08/2015,88,68,20,487500,395500,92000,wednesday,W
Christ College ATM,12/08/2015,128,65,63,499800,312500,187300,wednesday,W
Big Street ATM,13/08/2015,95,37,58,311100,168200,142900,thursday,W
Mount Road ATM,13/08/2015,109,54,55,473700,249700,224000,thursday,W
Airport ATM,13/08/2015,57,43,14,370200,312700,57500,thursday,W
KK Nagar ATM,13/08/2015,29,20,9,160200,108400,51800,thursday,W
Christ College ATM,13/08/2015,106,48,58,457100,266300,190800,thursday,W
Big Street ATM,14/08/2015,116,45,71,384200,156700,227500,friday,W
Mount Road ATM,14/08/2015,159,97,62,624000,409800,214200,friday,W
Airport ATM,14/08/2015,24,15,9,60800,41500,19300,friday,W
KK Nagar ATM,14/08/2015,83,56,27,413800,335600,78200,friday,W
Christ College ATM,14/08/2015,119,51,68,595600,308400,287200,friday,W
Big Street ATM,15/08/2015,112,31,81,424700,145500,279200,saturday,H
Mount Road ATM,15/08/2015,140,63,77,571300,327600,243700,saturday,H
Airport ATM,15/08/2015,101,85,16,512600,454300,58300,saturday,H
KK Nagar ATM,15/08/2015,54,43,11,230600,180800,49800,saturday,H
Christ College ATM,15/08/2015,87,43,44,275400,159300,116100,saturday,H
Big Street ATM,16/08/2015,142,47,95,433500,178400,255100,sunday,H
Mount Road ATM,16/08/2015,115,44,71,245900,111000,134900,sunday,H
Airport ATM,16/08/2015,74,60,14,464800,441200,23600,sunday,H
KK Nagar ATM,16/08/2015,16,13,3,63800,56600,7200,sunday,H
Christ College ATM,16/08/2015,106,36,70,232600,87100,145500,sunday,H
Big Street ATM,17/08/2015,140,50,90,476500,229400,247100,monday,W
Mount Road ATM,17/08/2015,151,91,60,690200,495700,194500,monday,W
Airport ATM,17/08/2015,57,45,12,125700,110100,15600,monday,W
KK Nagar ATM,17/08/2015,22,14,8,138800,105800,33000,monday,W
Christ College ATM,17/08/2015,114,56,58,552200,326300,225900,monday,W
Big Street ATM,18/08/2015,126,38,88,469200,208400,260800,tuesday,W
Mount Road ATM,18/08/2015,142,97,45,602000,477000,125000,tuesday,W
Airport ATM,18/08/2015,19,17,2,162100,150100,12000,tuesday,W
KK Nagar ATM,18/08/2015,70,58,12,356800,319800,37000,tuesday,W
Christ College ATM,18/08/2015,140,58,82,599500,339800,259700,tuesday,W
Big Street ATM,19/08/2015,132,52,80,492900,273600,219300,wednesday,W
Mount Road ATM,19/08/2015,197,102,95,860600,583000,277600,wednesday,W
Airport ATM,19/08/2015,57,49,8,398700,360800,37900,wednesday,W
KK Nagar ATM,19/08/2015,60,46,14,345400,288500,56900,wednesday,W
Christ College ATM,19/08/2015,149,72,77,574600,291300,283300,wednesday,W
Big Street ATM,20/08/2015,132,60,72,522700,272300,250400,thursday,W
Mount Road ATM,20/08/2015,120,82,38,448200,310500,137700,thursday,W
Airport ATM,20/08/2015,25,22,3,89600,64600,25000,thursday,W
KK Nagar ATM,20/08/2015,7,6,1,28400,27900,500,thursday,W
Christ College ATM,20/08/2015,137,53,84,498900,205100,293800,thursday,W
Big Street ATM,21/08/2015,112,38,74,330900,153700,177200,friday,W
Mount Road ATM,21/08/2015,123,74,49,477800,325700,152100,friday,W
Airport ATM,21/08/2015,41,31,10,229300,176600,52700,friday,W
Christ College ATM,21/08/2015,191,57,134,741600,323700,417900,friday,W
Big Street ATM,22/08/2015,112,41,71,377000,200000,177000,saturday,H
Mount Road ATM,22/08/2015,200,91,109,670200,356900,313300,saturday,H
Airport ATM,22/08/2015,53,41,12,272900,215100,57800,saturday,H
Christ College ATM,22/08/2015,160,48,112,571600,173400,398200,saturday,H
Big Street ATM,23/08/2015,151,38,113,301100,78200,222900,sunday,H
Mount Road ATM,23/08/2015,71,31,40,230100,168600,61500,sunday,H
Airport ATM,23/08/2015,71,59,12,342500,300700,41800,sunday,H
Christ College ATM,23/08/2015,78,38,40,239800,118600,121200,sunday,H
Big Street ATM,24/08/2015,85,32,53,280700,141600,139100,monday,W
Mount Road ATM,24/08/2015,143,90,53,541800,406400,135400,monday,W
Airport ATM,24/08/2015,61,49,12,497200,441700,55500,monday,W
KK Nagar ATM,24/08/2015,79,58,21,389400,290700,98700,monday,W
Christ College ATM,24/08/2015,96,48,48,273600,171700,101900,monday,W
Big Street ATM,25/08/2015,106,42,64,349200,217000,132200,tuesday,W
Mount Road ATM,25/08/2015,157,94,63,554400,364200,190200,tuesday,W
Airport ATM,25/08/2015,35,27,8,200100,164500,35600,tuesday,W
KK Nagar ATM,25/08/2015,158,127,31,708300,635200,73100,tuesday,W
Christ College ATM,25/08/2015,138,42,96,411400,111400,300000,tuesday,W
Big Street ATM,26/08/2015,83,31,52,271600,166100,105500,wednesday,W
Mount Road ATM,26/08/2015,175,108,67,632000,473700,158300,wednesday,W
Airport ATM,26/08/2015,59,51,8,416700,396500,20200,wednesday,W
KK Nagar ATM,26/08/2015,190,142,48,971300,760300,211000,wednesday,W
Christ College ATM,26/08/2015,124,50,74,423800,189700,234100,wednesday,W
Big Street ATM,27/08/2015,122,24,98,357800,69100,288700,thursday,W
Mount Road ATM,27/08/2015,146,95,51,659000,535700,123300,thursday,W
Airport ATM,27/08/2015,82,60,22,369200,299100,70100,thursday,W
KK Nagar ATM,27/08/2015,131,107,24,486100,411900,74200,thursday,W
Christ College ATM,27/08/2015,124,49,75,537300,265000,272300,thursday,W
Big Street ATM,28/08/2015,122,50,72,436400,275500,160900,friday,W
Mount Road ATM,28/08/2015,132,79,53,531800,392300,139500,friday,W
Airport ATM,28/08/2015,83,66,17,474800,430200,44600,friday,W
KK Nagar ATM,28/08/2015,95,74,21,571300,477200,94100,friday,W
Christ College ATM,28/08/2015,100,44,56,371900,179000,192900,friday,W
Big Street ATM,29/08/2015,161,58,103,658300,292300,366000,saturday,H
Mount Road ATM,29/08/2015,155,89,66,493200,333300,159900,saturday,H
Airport ATM,29/08/2015,63,48,15,335900,281600,54300,saturday,H
KK Nagar ATM,29/08/2015,59,41,18,198100,147800,50300,saturday,H
Christ College ATM,29/08/2015,130,56,74,495800,251200,244600,saturday,H
Big Street ATM,30/08/2015,126,32,94,330800,89100,241700,sunday,H
Mount Road ATM,30/08/2015,154,80,74,649100,474900,174200,sunday,H
Airport ATM,30/08/2015,25,18,7,103300,71500,31800,sunday,H
KK Nagar ATM,30/08/2015,62,44,18,274200,197700,76500,sunday,H
Christ College ATM,30/08/2015,91,39,52,346900,213100,133800,sunday,H
Big Street ATM,31/08/2015,118,26,92,383700,45000,338700,monday,W
Mount Road ATM,31/08/2015,159,100,59,557200,424200,133000,monday,W
Airport ATM,31/08/2015,45,41,4,262900,259300,3600,monday,W
KK Nagar ATM,31/08/2015,114,76,38,772700,539500,233200,monday,W
Christ College ATM,31/08/2015,123,63,60,473900,245700,228200,monday,W
Big Street ATM,01/09/2015,135,45,90,543800,214200,329600,tuesday,W
Mount Road ATM,01/09/2015,203,128,75,874500,599700,274800,tuesday,W
Airport ATM,01/09/2015,92,69,23,507500,431500,76000,tuesday,W
KK Nagar ATM,01/09/2015,89,63,26,530900,410000,120900,tuesday,W
Christ College ATM,01/09/2015,146,56,90,783000,313600,469400,tuesday,W
Big Street ATM,02/09/2015,143,45,98,568500,222400,346100,wednesday,W
Mount Road ATM,02/09/2015,162,123,39,771400,607600,163800,wednesday,W
Airport ATM,02/09/2015,72,60,12,429900,391000,38900,wednesday,W
KK Nagar ATM,02/09/2015,112,91,21,693500,575600,117900,wednesday,W
Christ College ATM,02/09/2015,144,64,80,828800,404700,424100,wednesday,W
Big Street ATM,03/09/2015,126,38,88,550200,227800,322400,thursday,W
Mount Road ATM,03/09/2015,241,102,139,1059300,555400,503900,thursday,W
Airport ATM,03/09/2015,80,67,13,568200,509200,59000,thursday,W
KK Nagar ATM,03/09/2015,98,59,39,484200,299800,184400,thursday,W
Christ College ATM,03/09/2015,152,65,87,799000,374300,424700,thursday,W
Big Street ATM,04/09/2015,116,35,81,453600,156600,297000,friday,W
Mount Road ATM,04/09/2015,137,80,57,558200,356100,202100,friday,W
Airport ATM,04/09/2015,60,48,12,362100,311900,50200,friday,W
KK Nagar ATM,04/09/2015,67,54,13,270900,213200,57700,friday,W
Christ College ATM,04/09/2015,178,76,102,823800,416200,407600,friday,W
Big Street ATM,05/09/2015,156,48,108,395000,130000,265000,saturday,H
Mount Road ATM,05/09/2015,249,107,142,879400,468200,411200,saturday,H
Airport ATM,05/09/2015,76,58,18,496000,432100,63900,saturday,H
KK Nagar ATM,05/09/2015,43,24,19,195200,112200,83000,saturday,H
Christ College ATM,05/09/2015,239,64,175,1235900,482900,753000,saturday,H
Big Street ATM,06/09/2015,118,31,87,374900,114200,260700,sunday,H
Mount Road ATM,06/09/2015,171,56,115,474300,247800,226500,sunday,H
Airport ATM,06/09/2015,55,45,10,258400,209400,49000,sunday,H
KK Nagar ATM,06/09/2015,72,57,15,431500,348500,83000,sunday,H
Christ College ATM,06/09/2015,90,16,74,211800,33200,178600,sunday,H
Big Street ATM,07/09/2015,122,44,78,498000,232100,265900,monday,W
Mount Road ATM,07/09/2015,247,152,95,1256600,848500,408100,monday,W
Airport ATM,07/09/2015,72,57,15,329400,262300,67100,monday,W
KK Nagar ATM,07/09/2015,138,112,26,725400,662300,63100,monday,W
Christ College ATM,07/09/2015,131,44,87,598200,242200,356000,monday,W
Big Street ATM,08/09/2015,105,41,64,394300,199700,194600,tuesday,W
Mount Road ATM,08/09/2015,143,96,47,493400,389400,104000,tuesday,W
Airport ATM,08/09/2015,50,35,15,293600,222000,71600,tuesday,W
KK Nagar ATM,08/09/2015,120,95,25,529600,429200,100400,tuesday,W
Christ College ATM,08/09/2015,197,72,125,978100,358200,619900,tuesday,W
Big Street ATM,09/09/2015,136,35,101,433700,109300,324400,wednesday,W
Mount Road ATM,09/09/2015,150,93,57,582200,408500,173700,wednesday,W
Airport ATM,09/09/2015,49,35,14,187800,158900,28900,wednesday,W
KK Nagar ATM,09/09/2015,85,58,27,475700,381600,94100,wednesday,W
Christ College ATM,09/09/2015,147,62,85,657300,336900,320400,wednesday,W
Big Street ATM,10/09/2015,127,56,71,580200,371200,209000,thursday,W
Mount Road ATM,10/09/2015,181,94,87,752800,502900,249900,thursday,W
Airport ATM,10/09/2015,33,25,8,105300,93100,12200,thursday,W
KK Nagar ATM,10/09/2015,94,70,24,487600,373200,114400,thursday,W
Christ College ATM,10/09/2015,168,69,99,762300,368600,393700,thursday,W
Big Street ATM,11/09/2015,136,57,79,551700,298000,253700,friday,W
Mount Road ATM,11/09/2015,80,54,26,470200,391800,78400,friday,W
Airport ATM,11/09/2015,47,38,9,226200,210400,15800,friday,W
KK Nagar ATM,11/09/2015,79,62,17,406500,326200,80300,friday,W
Christ College ATM,11/09/2015,132,74,58,695700,466200,229500,friday,W
Big Street ATM,12/09/2015,155,50,105,480300,174500,305800,saturday,H
Mount Road ATM,12/09/2015,177,100,77,697100,461400,235700,saturday,H
Airport ATM,12/09/2015,49,35,14,246900,208800,38100,saturday,H
KK Nagar ATM,12/09/2015,48,37,11,145900,101500,44400,saturday,H
Christ College ATM,12/09/2015,120,65,55,687300,472600,214700,saturday,H
Big Street ATM,13/09/2015,136,43,93,451300,169700,281600,sunday,H
Mount Road ATM,13/09/2015,169,59,110,356800,176900,179900,sunday,H
Airport ATM,13/09/2015,55,47,8,156500,141600,14900,sunday,H
KK Nagar ATM,13/09/2015,53,42,11,263600,230700,32900,sunday,H
Christ College ATM,13/09/2015,128,47,81,661100,334100,327000,sunday,H
Big Street ATM,14/09/2015,87,34,53,439800,263700,176100,monday,W
Mount Road ATM,14/09/2015,162,110,52,642400,492800,149600,monday,W
Airport ATM,14/09/2015,60,46,14,509900,444900,65000,monday,W
KK Nagar ATM,14/09/2015,40,26,14,153700,74000,79700,monday,W
Christ College ATM,14/09/2015,37,18,19,225100,144900,80200,monday,W
Big Street ATM,15/09/2015,113,32,81,388800,123900,264900,tuesday,W
Mount Road ATM,15/09/2015,167,113,54,756300,588300,168000,tuesday,W
Airport ATM,15/09/2015,73,61,12,343400,308500,34900,tuesday,W
KK Nagar ATM,15/09/2015,82,64,18,324400,279800,44600,tuesday,W
Christ College ATM,15/09/2015,137,63,74,600300,326300,274000,tuesday,W
Big Street ATM,16/09/2015,150,47,103,603100,232200,370900,wednesday,W
Mount Road ATM,16/09/2015,175,105,70,732500,544800,187700,wednesday,W
Airport ATM,16/09/2015,61,56,5,362400,353400,9000,wednesday,W
KK Nagar ATM,16/09/2015,40,23,17,143100,55600,87500,wednesday,W
Christ College ATM,16/09/2015,121,56,65,426100,202200,223900,wednesday,W
Big Street ATM,17/09/2015,124,33,91,393100,128200,264900,thursday,H
Mount Road ATM,17/09/2015,103,56,47,420500,312800,107700,thursday,H
Airport ATM,17/09/2015,46,43,3,177200,173900,3300,thursday,H
KK Nagar ATM,17/09/2015,29,24,5,76900,54700,22200,thursday,H
Christ College ATM,17/09/2015,69,35,34,283900,177800,106100,thursday,H
Big Street ATM,18/09/2015,123,43,80,405600,204900,200700,friday,W
Mount Road ATM,18/09/2015,126,75,51,469900,319800,150100,friday,W
Airport ATM,18/09/2015,39,31,8,179600,156900,22700,friday,W
KK Nagar ATM,18/09/2015,50,41,9,225200,198100,27100,friday,W
Christ College ATM,18/09/2015,120,51,69,429200,215000,214200,friday,W
Big Street ATM,19/09/2015,138,42,96,478800,163500,315300,saturday,H
Mount Road ATM,19/09/2015,163,96,67,664000,460800,203200,saturday,H
Airport ATM,19/09/2015,68,59,9,506700,485500,21200,saturday,H
KK Nagar ATM,19/09/2015,24,21,3,91400,84000,7400,saturday,H
Christ College ATM,19/09/2015,119,48,71,512800,259900,252900,saturday,H
Big Street ATM,20/09/2015,127,45,82,508300,283500,224800,sunday,H
Mount Road ATM,20/09/2015,158,84,74,472900,327300,145600,sunday,H
Airport ATM,20/09/2015,53,44,9,284600,275600,9000,sunday,H
KK Nagar ATM,20/09/2015,61,37,24,204600,109500,95100,sunday,H
Christ College ATM,20/09/2015,101,43,58,338500,151200,187300,sunday,H
Big Street ATM,21/09/2015,107,39,68,448700,212100,236600,monday,W
Mount Road ATM,21/09/2015,139,93,46,582800,487900,94900,monday,W
Airport ATM,21/09/2015,51,43,8,270800,253400,17400,monday,W
KK Nagar ATM,21/09/2015,73,55,18,416600,344700,71900,monday,W
Christ College ATM,21/09/2015,144,63,81,574200,254600,319600,monday,W
Big Street ATM,22/09/2015,82,34,48,372200,228400,143800,tuesday,W
Mount Road ATM,22/09/2015,140,91,49,517500,384500,133000,tuesday,W
Airport ATM,22/09/2015,88,82,6,456100,433600,22500,tuesday,W
KK Nagar ATM,22/09/2015,55,43,12,263900,230400,33500,tuesday,W
Christ College ATM,22/09/2015,127,54,73,557000,214500,342500,tuesday,W
Big Street ATM,23/09/2015,114,35,79,361500,103500,258000,wednesday,W
Mount Road ATM,23/09/2015,132,88,44,533800,414200,119600,wednesday,W
Airport ATM,23/09/2015,84,71,13,485300,450600,34700,wednesday,W
KK Nagar ATM,23/09/2015,111,77,34,568500,440800,127700,wednesday,W
Christ College ATM,23/09/2015,91,48,43,325100,214200,110900,wednesday,W
Big Street ATM,24/09/2015,128,51,77,479800,264100,215700,thursday,H
Mount Road ATM,24/09/2015,156,71,85,480500,208200,272300,thursday,H
Airport ATM,24/09/2015,70,54,16,373600,326700,46900,thursday,H
KK Nagar ATM,24/09/2015,33,21,12,196100,150700,45400,thursday,H
Christ College ATM,24/09/2015,97,42,55,343500,190600,152900,thursday,H
Big Street ATM,25/09/2015,112,33,79,324000,123300,200700,friday,W
Mount Road ATM,25/09/2015,189,97,92,744000,518300,225700,friday,W
Airport ATM,25/09/2015,43,42,1,155200,153200,2000,friday,W
KK Nagar ATM,25/09/2015,26,22,4,157500,145300,12200,friday,W
Christ College ATM,25/09/2015,103,48,55,380700,220900,159800,friday,W
Big Street ATM,26/09/2015,106,44,62,304900,184600,120300,saturday,H
Mount Road ATM,26/09/2015,174,66,108,579300,268600,310700,saturday,H
Airport ATM,26/09/2015,71,59,12,266400,239300,27100,saturday,H
KK Nagar ATM,26/09/2015,9,7,2,30700,19100,11600,saturday,H
Christ College ATM,26/09/2015,126,48,78,525100,210500,314600,saturday,H
Big Street ATM,27/09/2015,117,34,83,324900,99100,225800,sunday,H
Mount Road ATM,27/09/2015,151,50,101,328100,106700,221400,sunday,H
Airport ATM,27/09/2015,44,34,10,92000,77000,15000,sunday,H
KK Nagar ATM,27/09/2015,2,2,0,15500,15500,0,sunday,H
Christ College ATM,27/09/2015,82,41,41,190100,90500,99600,sunday,H
Big Street ATM,28/09/2015,82,35,47,322700,190800,131900,monday,W
Mount Road ATM,28/09/2015,227,116,111,801000,422800,378200,monday,W
Airport ATM,28/09/2015,68,58,10,505800,440300,65500,monday,W
KK Nagar ATM,28/09/2015,1,1,0,1500,1500,0,monday,W
Christ College ATM,28/09/2015,132,66,66,597100,335900,261200,monday,W
Big Street ATM,29/09/2015,131,53,78,572900,252900,320000,tuesday,W
Mount Road ATM,29/09/2015,183,97,86,670300,440900,229400,tuesday,W
Airport ATM,29/09/2015,69,57,12,395300,372800,22500,tuesday,W
KK Nagar ATM,29/09/2015,31,27,4,169900,158000,11900,tuesday,W
Christ College ATM,29/09/2015,124,65,59,603500,400900,202600,tuesday,W
Big Street ATM,30/09/2015,141,43,98,550500,211300,339200,wednesday,W
Mount Road ATM,30/09/2015,123,58,65,549600,363000,186600,wednesday,W
Airport ATM,30/09/2015,71,56,15,358800,322900,35900,wednesday,W
KK Nagar ATM,30/09/2015,51,37,14,223700,181800,41900,wednesday,W
Christ College ATM,30/09/2015,116,56,60,674800,340000,334800,wednesday,W
Big Street ATM,01/10/2015,161,52,109,681300,290900,390400,thursday,W
Mount Road ATM,01/10/2015,221,106,115,890800,595200,295600,thursday,W
Airport ATM,01/10/2015,62,44,18,289500,224300,65200,thursday,W
KK Nagar ATM,01/10/2015,137,97,40,721000,577800,143200,thursday,W
Christ College ATM,01/10/2015,161,69,92,917200,409500,507700,thursday,W
Big Street ATM,02/10/2015,109,29,80,360600,132500,228100,friday,H
Mount Road ATM,02/10/2015,179,59,120,544400,270700,273700,friday,H
KK Nagar ATM,02/10/2015,121,72,49,696800,484200,212600,friday,H
Christ College ATM,02/10/2015,109,47,62,520700,227500,293200,friday,H
Big Street ATM,03/10/2015,122,32,90,376800,62500,314300,saturday,H
Mount Road ATM,03/10/2015,228,99,129,1040300,600600,439700,saturday,H
Airport ATM,03/10/2015,15,11,4,62200,53800,8400,saturday,H
KK Nagar ATM,03/10/2015,40,22,18,148600,87200,61400,saturday,H
Christ College ATM,03/10/2015,130,57,73,739200,365100,374100,saturday,H
Big Street ATM,04/10/2015,100,26,74,390900,180100,210800,sunday,H
Mount Road ATM,04/10/2015,152,56,96,433300,215500,217800,sunday,H
Airport ATM,04/10/2015,38,27,11,71700,50300,21400,sunday,H
KK Nagar ATM,04/10/2015,95,56,39,480500,247900,232600,sunday,H
Christ College ATM,04/10/2015,129,48,81,633600,307600,326000,sunday,H
Big Street ATM,05/10/2015,129,55,74,539400,257200,282200,monday,W
Mount Road ATM,05/10/2015,275,148,127,1410700,831800,578900,monday,W
Airport ATM,05/10/2015,21,18,3,59400,53500,5900,monday,W
KK Nagar ATM,05/10/2015,120,88,32,650000,521700,128300,monday,W
Christ College ATM,05/10/2015,165,52,113,845100,267900,577200,monday,W
Big Street ATM,06/10/2015,115,45,70,467700,178900,288800,tuesday,W
Mount Road ATM,06/10/2015,247,123,124,1134300,665100,469200,tuesday,W
Airport ATM,06/10/2015,37,26,11,73100,54500,18600,tuesday,W
KK Nagar ATM,06/10/2015,74,54,20,364800,303900,60900,tuesday,W
Christ College ATM,06/10/2015,186,74,112,960500,491300,469200,tuesday,W
Big Street ATM,07/10/2015,78,25,53,377400,126400,251000,wednesday,W
Mount Road ATM,07/10/2015,228,115,113,1023300,680200,343100,wednesday,W
Airport ATM,07/10/2015,41,26,15,173900,131100,42800,wednesday,W
KK Nagar ATM,07/10/2015,82,66,16,623700,531100,92600,wednesday,W
Christ College ATM,07/10/2015,188,84,104,1024600,498300,526300,wednesday,W
Big Street ATM,08/10/2015,135,39,96,521300,219500,301800,thursday,W
Mount Road ATM,08/10/2015,245,117,128,1032600,598100,434500,thursday,W
Airport ATM,08/10/2015,3,3,0,11800,11800,0,thursday,W
KK Nagar ATM,08/10/2015,84,63,21,453400,322000,131400,thursday,W
Christ College ATM,08/10/2015,112,62,50,540400,292600,247800,thursday,W
Big Street ATM,09/10/2015,117,40,77,374600,205800,168800,friday,W
Mount Road ATM,09/10/2015,198,112,86,618700,417700,201000,friday,W
Airport ATM,09/10/2015,11,11,0,31600,31600,0,friday,W
KK Nagar ATM,09/10/2015,74,54,20,413600,330000,83600,friday,W
Christ College ATM,09/10/2015,116,60,56,580100,359600,220500,friday,W
Big Street ATM,10/10/2015,176,49,127,676200,269000,407200,saturday,H
Mount Road ATM,10/10/2015,240,107,133,943300,500300,443000,saturday,H
Airport ATM,10/10/2015,72,52,20,265100,183400,81700,saturday,H
KK Nagar ATM,10/10/2015,130,93,37,740100,594200,145900,saturday,H
Christ College ATM,10/10/2015,118,61,57,516000,347400,168600,saturday,H
Big Street ATM,11/10/2015,125,27,98,372500,115300,257200,sunday,H
Mount Road ATM,11/10/2015,256,64,192,672600,210400,462200,sunday,H
Airport ATM,11/10/2015,64,54,10,494700,443800,50900,sunday,H
KK Nagar ATM,11/10/2015,75,45,30,359000,231600,127400,sunday,H
Christ College ATM,11/10/2015,101,38,63,342000,162400,179600,sunday,H
Big Street ATM,12/10/2015,119,50,69,515500,263200,252300,monday,W
Mount Road ATM,12/10/2015,242,124,118,981000,586900,394100,monday,W
Airport ATM,12/10/2015,5,5,0,61500,61500,0,monday,W
KK Nagar ATM,12/10/2015,113,84,29,936100,745100,191000,monday,W
Christ College ATM,12/10/2015,141,44,97,565400,188000,377400,monday,W
Big Street ATM,13/10/2015,122,32,90,302800,101200,201600,tuesday,W
Mount Road ATM,13/10/2015,206,108,98,858300,520300,338000,tuesday,W
Airport ATM,13/10/2015,54,45,9,345500,334700,10800,tuesday,W
KK Nagar ATM,13/10/2015,70,54,16,322200,275600,46600,tuesday,W
Christ College ATM,13/10/2015,24,12,12,51500,23000,28500,tuesday,W
Big Street ATM,14/10/2015,121,49,72,443200,248800,194400,wednesday,W
Mount Road ATM,14/10/2015,177,96,81,694100,429100,265000,wednesday,W
Airport ATM,14/10/2015,72,58,14,390700,364700,26000,wednesday,W
KK Nagar ATM,14/10/2015,105,85,20,750200,670600,79600,wednesday,W
Christ College ATM,14/10/2015,146,61,85,645400,396600,248800,wednesday,W
Big Street ATM,15/10/2015,141,49,92,556500,252000,304500,thursday,W
Mount Road ATM,15/10/2015,199,108,91,771900,499500,272400,thursday,W
Airport ATM,15/10/2015,60,46,14,227400,192700,34700,thursday,W
KK Nagar ATM,15/10/2015,72,60,12,363200,314800,48400,thursday,W
Christ College ATM,15/10/2015,140,83,57,735200,514000,221200,thursday,W
Big Street ATM,16/10/2015,95,35,60,325200,153300,171900,friday,W
Mount Road ATM,16/10/2015,171,70,101,488900,232600,256300,friday,W
Airport ATM,16/10/2015,41,35,6,162700,153500,9200,friday,W
KK Nagar ATM,16/10/2015,90,63,27,514600,334500,180100,friday,W
Christ College ATM,16/10/2015,112,51,61,415400,228500,186900,friday,W
Big Street ATM,17/10/2015,141,51,90,476700,237100,239600,saturday,H
Mount Road ATM,17/10/2015,246,115,131,833200,496700,336500,saturday,H
Airport ATM,17/10/2015,1,1,0,100,100,0,saturday,H
KK Nagar ATM,17/10/2015,250,182,68,1340000,1050200,289800,saturday,H
Christ College ATM,17/10/2015,154,76,78,858900,551800,307100,saturday,H
Big Street ATM,18/10/2015,148,51,97,448700,200500,248200,sunday,H
Mount Road ATM,18/10/2015,178,75,103,476800,276200,200600,sunday,H
KK Nagar ATM,18/10/2015,140,103,37,608800,485700,123100,sunday,H
Christ College ATM,18/10/2015,61,39,22,121500,90400,31100,sunday,H
Big Street ATM,19/10/2015,119,47,72,411900,204300,207600,monday,W
Mount Road ATM,19/10/2015,178,104,74,686100,504400,181700,monday,W
Airport ATM,19/10/2015,1,1,0,100,100,0,monday,W
KK Nagar ATM,19/10/2015,151,120,31,923200,749100,174100,monday,W
Christ College ATM,19/10/2015,127,54,73,381800,202900,178900,monday,W
Big Street ATM,20/10/2015,116,39,77,480400,244000,236400,tuesday,W
Mount Road ATM,20/10/2015,134,86,48,512800,373600,139200,tuesday,W
Airport ATM,20/10/2015,59,44,15,283500,234900,48600,tuesday,W
KK Nagar ATM,20/10/2015,177,139,38,924000,827000,97000,tuesday,W
Christ College ATM,20/10/2015,149,82,67,786900,517800,269100,tuesday,W
Big Street ATM,21/10/2015,121,47,74,375400,209300,166100,wednesday,H
Mount Road ATM,21/10/2015,165,71,94,610900,363800,247100,wednesday,H
Airport ATM,21/10/2015,45,33,12,216400,157100,59300,wednesday,H
KK Nagar ATM,21/10/2015,117,88,29,438300,316000,122300,wednesday,H
Christ College ATM,21/10/2015,93,37,56,300000,148100,151900,wednesday,H
Big Street ATM,22/10/2015,121,35,86,286900,121700,165200,thursday,H
Mount Road ATM,22/10/2015,161,76,85,554100,329700,224400,thursday,H
Airport ATM,22/10/2015,55,39,16,244700,212800,31900,thursday,H
KK Nagar ATM,22/10/2015,93,70,23,296600,205100,91500,thursday,H
Christ College ATM,22/10/2015,54,15,39,69600,16700,52900,thursday,H
Big Street ATM,23/10/2015,98,43,55,231600,124100,107500,friday,H
Mount Road ATM,23/10/2015,147,65,82,447600,283100,164500,friday,H
Airport ATM,23/10/2015,45,33,12,283600,243200,40400,friday,H
KK Nagar ATM,23/10/2015,118,84,34,528700,386800,141900,friday,H
Christ College ATM,23/10/2015,81,45,36,397900,286800,111100,friday,H
Big Street ATM,24/10/2015,129,30,99,376700,112600,264100,saturday,H
Mount Road ATM,24/10/2015,221,86,135,702900,389400,313500,saturday,H
Airport ATM,24/10/2015,74,61,13,367500,323400,44100,saturday,H
KK Nagar ATM,24/10/2015,12,9,3,66800,59800,7000,saturday,H
Christ College ATM,24/10/2015,127,49,78,502600,170400,332200,saturday,H
Big Street ATM,25/10/2015,126,34,92,399000,117400,281600,sunday,H
Mount Road ATM,25/10/2015,135,52,83,476200,200700,275500,sunday,H
Airport ATM,25/10/2015,41,31,10,77800,72300,5500,sunday,H
KK Nagar ATM,25/10/2015,104,52,52,335400,136300,199100,sunday,H
Christ College ATM,25/10/2015,98,43,55,248900,130300,118600,sunday,H
Big Street ATM,26/10/2015,135,52,83,468700,182800,285900,monday,W
Mount Road ATM,26/10/2015,158,93,65,565400,395300,170100,monday,W
Airport ATM,26/10/2015,55,42,13,218400,203500,14900,monday,W
KK Nagar ATM,26/10/2015,227,142,85,1126800,745200,381600,monday,W
Christ College ATM,26/10/2015,103,46,57,380500,212000,168500,monday,W
Big Street ATM,27/10/2015,124,39,85,347800,131700,216100,tuesday,W
Mount Road ATM,27/10/2015,167,84,83,516200,276000,240200,tuesday,W
Airport ATM,27/10/2015,86,64,22,462000,362500,99500,tuesday,W
KK Nagar ATM,27/10/2015,110,85,25,749900,601100,148800,tuesday,W
Christ College ATM,27/10/2015,90,40,50,343000,182600,160400,tuesday,W
Big Street ATM,28/10/2015,134,48,86,561300,294200,267100,wednesday,W
Mount Road ATM,28/10/2015,192,98,94,543700,302700,241000,wednesday,W
Airport ATM,28/10/2015,34,23,11,82100,51700,30400,wednesday,W
KK Nagar ATM,28/10/2015,21,19,2,77100,75800,1300,wednesday,W
Christ College ATM,28/10/2015,149,73,76,549500,287000,262500,wednesday,W
Big Street ATM,29/10/2015,135,48,87,546400,237400,309000,thursday,W
Mount Road ATM,29/10/2015,180,92,88,640600,397300,243300,thursday,W
Airport ATM,29/10/2015,56,44,12,347700,323700,24000,thursday,W
Christ College ATM,29/10/2015,98,54,44,454200,281200,173000,thursday,W
Big Street ATM,30/10/2015,122,50,72,448600,253800,194800,friday,W
Mount Road ATM,30/10/2015,189,94,95,693700,423000,270700,friday,W
Airport ATM,30/10/2015,53,39,14,334700,300100,34600,friday,W
KK Nagar ATM,30/10/2015,108,81,27,747100,627400,119700,friday,W
Christ College ATM,30/10/2015,130,72,58,717000,443600,273400,friday,W
Big Street ATM,31/10/2015,202,53,149,889100,287500,601600,saturday,H
Mount Road ATM,31/10/2015,247,99,148,1047500,623500,424000,saturday,H
Airport ATM,31/10/2015,35,19,16,217000,168900,48100,saturday,H
KK Nagar ATM,31/10/2015,91,65,26,494800,349400,145400,saturday,H
Christ College ATM,31/10/2015,101,57,44,607900,468600,139300,saturday,H
Big Street ATM,01/11/2015,164,47,117,550200,216100,334100,sunday,H
Mount Road ATM,01/11/2015,267,63,204,782600,256600,526000,sunday,H
Airport ATM,01/11/2015,69,54,15,329500,266200,63300,sunday,H
KK Nagar ATM,01/11/2015,309,162,147,1579800,774000,805800,sunday,H
Christ College ATM,01/11/2015,2,2,0,3200,3200,0,sunday,H
Big Street ATM,02/11/2015,168,43,125,692500,260700,431800,monday,W
Mount Road ATM,02/11/2015,190,64,126,827000,428100,398900,monday,W
Airport ATM,02/11/2015,87,70,17,501200,407000,94200,monday,W
KK Nagar ATM,02/11/2015,124,69,55,449300,236200,213100,monday,W
Christ College ATM,02/11/2015,133,37,96,670800,199600,471200,monday,W
Big Street ATM,03/11/2015,153,47,106,503500,207700,295800,tuesday,W
Mount Road ATM,03/11/2015,243,115,128,1004400,566300,438100,tuesday,W
Airport ATM,03/11/2015,82,70,12,529000,506600,22400,tuesday,W
KK Nagar ATM,03/11/2015,52,31,21,141500,89500,52000,tuesday,W
Christ College ATM,03/11/2015,169,83,86,946600,518500,428100,tuesday,W
Big Street ATM,04/11/2015,143,53,90,617100,280100,337000,wednesday,W
Mount Road ATM,04/11/2015,256,136,120,1084500,702000,382500,wednesday,W
Airport ATM,04/11/2015,87,78,9,520400,501900,18500,wednesday,W
KK Nagar ATM,04/11/2015,182,132,50,1020500,785100,235400,wednesday,W
Christ College ATM,04/11/2015,148,67,81,747800,376800,371000,wednesday,W
Big Street ATM,05/11/2015,140,47,93,529000,222700,306300,thursday,W
Mount Road ATM,05/11/2015,205,95,110,943100,602500,340600,thursday,W
Airport ATM,05/11/2015,80,70,10,531200,482900,48300,thursday,W
KK Nagar ATM,05/11/2015,63,45,18,392100,270900,121200,thursday,W
Christ College ATM,05/11/2015,154,65,89,655200,236600,418600,thursday,W
Big Street ATM,06/11/2015,170,60,110,784700,387600,397100,friday,W
Mount Road ATM,06/11/2015,209,109,100,993500,696900,296600,friday,W
Airport ATM,06/11/2015,59,49,10,268600,242200,26400,friday,W
KK Nagar ATM,06/11/2015,34,22,12,144500,110000,34500,friday,W
Christ College ATM,06/11/2015,178,84,94,739300,408900,330400,friday,W
Big Street ATM,07/11/2015,151,37,114,462100,134200,327900,saturday,H
Mount Road ATM,07/11/2015,248,133,115,1075500,738700,336800,saturday,H
Airport ATM,07/11/2015,132,89,43,755500,578200,177300,saturday,H
KK Nagar ATM,07/11/2015,148,91,57,720300,488300,232000,saturday,H
Christ College ATM,07/11/2015,193,82,111,1096200,499100,597100,saturday,H
Big Street ATM,08/11/2015,176,39,137,603400,144300,459100,sunday,H
Mount Road ATM,08/11/2015,118,32,86,347600,133200,214400,sunday,H
Airport ATM,08/11/2015,48,33,15,292300,235800,56500,sunday,H
KK Nagar ATM,08/11/2015,86,42,44,424100,207000,217100,sunday,H
Christ College ATM,08/11/2015,50,29,21,106900,73800,33100,sunday,H
Big Street ATM,09/11/2015,145,41,104,552900,137400,415500,monday,W
Mount Road ATM,09/11/2015,114,62,52,614500,383000,231500,monday,W
KK Nagar ATM,09/11/2015,155,80,75,330200,134400,195800,monday,W
Christ College ATM,09/11/2015,68,26,42,469700,206700,263000,monday,W
Big Street ATM,10/11/2015,180,74,106,876700,501100,375600,tuesday,H
Mount Road ATM,10/11/2015,62,36,26,239900,184000,55900,tuesday,H
KK Nagar ATM,10/11/2015,134,76,58,263900,133800,130100,tuesday,H
Christ College ATM,10/11/2015,60,26,34,284600,141900,142700,tuesday,H
Big Street ATM,11/11/2015,157,38,119,423900,124400,299500,wednesday,W
Mount Road ATM,11/11/2015,90,44,46,405600,244300,161300,wednesday,W
Airport ATM,11/11/2015,44,30,14,256000,203000,53000,wednesday,W
KK Nagar ATM,11/11/2015,128,70,58,632000,361900,270100,wednesday,W
Christ College ATM,11/11/2015,108,38,70,524400,206200,318200,wednesday,W
Big Street ATM,12/11/2015,109,35,74,364600,162900,201700,thursday,W
Mount Road ATM,12/11/2015,152,98,54,714300,531000,183300,thursday,W
Airport ATM,12/11/2015,44,34,10,228100,182300,45800,thursday,W
KK Nagar ATM,12/11/2015,37,12,25,107500,12500,95000,thursday,W
Christ College ATM,12/11/2015,141,43,98,559200,175400,383800,thursday,W
Big Street ATM,13/11/2015,69,25,44,183200,95300,87900,friday,W
Mount Road ATM,13/11/2015,76,43,33,262400,197500,64900,friday,W
Airport ATM,13/11/2015,47,35,12,256300,228700,27600,friday,W
KK Nagar ATM,13/11/2015,75,47,28,434500,270800,163700,friday,W
Christ College ATM,13/11/2015,134,42,92,513300,214600,298700,friday,W
Big Street ATM,14/11/2015,157,45,112,553300,206800,346500,saturday,H
Mount Road ATM,14/11/2015,86,36,50,361500,201200,160300,saturday,H
Airport ATM,14/11/2015,87,69,18,542800,500700,42100,saturday,H
KK Nagar ATM,14/11/2015,152,79,73,787800,444800,343000,saturday,H
Christ College ATM,14/11/2015,123,50,73,474000,247000,227000,saturday,H
Big Street ATM,15/11/2015,125,47,78,492700,268100,224600,sunday,H
Mount Road ATM,15/11/2015,41,10,31,57400,29700,27700,sunday,H
Airport ATM,15/11/2015,45,30,15,221600,157700,63900,sunday,H
KK Nagar ATM,15/11/2015,119,46,73,454600,216400,238200,sunday,H
Christ College ATM,15/11/2015,60,25,35,179400,103700,75700,sunday,H
Big Street ATM,16/11/2015,118,53,65,475900,310900,165000,monday,W
Mount Road ATM,16/11/2015,97,46,51,371000,237500,133500,monday,W
Airport ATM,16/11/2015,19,16,3,25100,23600,1500,monday,W
KK Nagar ATM,16/11/2015,106,65,41,596300,366700,229600,monday,W
Christ College ATM,16/11/2015,82,40,42,336700,182700,154000,monday,W
Big Street ATM,17/11/2015,154,47,107,666300,347200,319100,tuesday,W
Mount Road ATM,17/11/2015,171,88,83,759000,539000,220000,tuesday,W
Airport ATM,17/11/2015,63,52,11,353300,341200,12100,tuesday,W
KK Nagar ATM,17/11/2015,16,14,2,77100,75700,1400,tuesday,W
Christ College ATM,17/11/2015,142,56,86,749700,277900,471800,tuesday,W
Big Street ATM,18/11/2015,117,41,76,365500,162800,202700,wednesday,W
Mount Road ATM,18/11/2015,134,81,53,430700,309300,121400,wednesday,W
Airport ATM,18/11/2015,48,40,8,190800,176400,14400,wednesday,W
KK Nagar ATM,18/11/2015,121,93,28,590900,493200,97700,wednesday,W
Christ College ATM,18/11/2015,137,50,87,497400,212600,284800,wednesday,W
Big Street ATM,19/11/2015,123,48,75,365400,199700,165700,thursday,W
Mount Road ATM,19/11/2015,106,64,42,464900,358300,106600,thursday,W
Airport ATM,19/11/2015,55,49,6,361800,357400,4400,thursday,W
KK Nagar ATM,19/11/2015,18,12,6,89800,74400,15400,thursday,W
Christ College ATM,19/11/2015,126,60,66,501500,259200,242300,thursday,W
Big Street ATM,20/11/2015,121,53,68,578600,408200,170400,friday,W
Mount Road ATM,20/11/2015,44,33,11,68100,45100,23000,friday,W
Airport ATM,20/11/2015,71,51,20,380400,282300,98100,friday,W
KK Nagar ATM,20/11/2015,16,12,4,87100,70900,16200,friday,W
Christ College ATM,20/11/2015,116,41,75,434600,196400,238200,friday,W
Big Street ATM,21/11/2015,140,48,92,452800,223700,229100,saturday,H
Mount Road ATM,21/11/2015,145,94,51,471500,355300,116200,saturday,H
Airport ATM,21/11/2015,91,73,18,507200,433400,73800,saturday,H
KK Nagar ATM,21/11/2015,89,54,35,510800,338400,172400,saturday,H
Christ College ATM,21/11/2015,170,75,95,758200,421400,336800,saturday,H
Big Street ATM,22/11/2015,112,32,80,350500,120600,229900,sunday,H
Mount Road ATM,22/11/2015,74,44,30,305000,204000,101000,sunday,H
Airport ATM,22/11/2015,30,23,7,103500,94400,9100,sunday,H
Christ College ATM,22/11/2015,112,31,81,320700,119700,201000,sunday,H
Big Street ATM,23/11/2015,119,41,78,312000,150800,161200,monday,H
Mount Road ATM,23/11/2015,69,31,38,218100,132300,85800,monday,H
Airport ATM,23/11/2015,39,34,5,126700,122000,4700,monday,H
KK Nagar ATM,23/11/2015,3,3,0,22400,22400,0,monday,H
Christ College ATM,23/11/2015,125,50,75,605000,402300,202700,monday,H
Big Street ATM,24/11/2015,135,39,96,447700,150500,297200,tuesday,W
Mount Road ATM,24/11/2015,142,79,63,470300,302500,167800,tuesday,W
Airport ATM,24/11/2015,44,35,9,267800,255800,12000,tuesday,W
KK Nagar ATM,24/11/2015,94,70,24,349600,274600,75000,tuesday,W
Christ College ATM,24/11/2015,108,34,74,458800,156700,302100,tuesday,W
Big Street ATM,25/11/2015,146,41,105,442400,174200,268200,wednesday,W
Mount Road ATM,25/11/2015,114,48,66,396800,188400,208400,wednesday,W
Airport ATM,25/11/2015,51,40,11,207500,192200,15300,wednesday,W
KK Nagar ATM,25/11/2015,138,96,42,673700,540300,133400,wednesday,W
Christ College ATM,25/11/2015,157,57,100,592500,221100,371400,wednesday,W
Big Street ATM,26/11/2015,146,72,74,569600,430400,139200,thursday,W
Mount Road ATM,26/11/2015,96,62,34,444200,310900,133300,thursday,W
Airport ATM,26/11/2015,109,85,24,449400,389500,59900,thursday,W
KK Nagar ATM,26/11/2015,123,92,31,632700,488100,144600,thursday,W
Christ College ATM,26/11/2015,162,60,102,666800,296200,370600,thursday,W
Big Street ATM,27/11/2015,143,56,87,515400,322600,192800,friday,W
Mount Road ATM,27/11/2015,58,40,18,208100,168800,39300,friday,W
Airport ATM,27/11/2015,85,68,17,414300,380900,33400,friday,W
KK Nagar ATM,27/11/2015,60,47,13,201900,157400,44500,friday,W
Christ College ATM,27/11/2015,165,59,106,743500,336500,407000,friday,W
Big Street ATM,28/11/2015,129,32,97,352900,148400,204500,saturday,H
Mount Road ATM,28/11/2015,33,22,11,68400,58500,9900,saturday,H
Airport ATM,28/11/2015,79,63,16,505500,454600,50900,saturday,H
KK Nagar ATM,28/11/2015,171,106,65,921100,619400,301700,saturday,H
Christ College ATM,28/11/2015,138,58,80,385200,223800,161400,saturday,H
Big Street ATM,29/11/2015,145,42,103,382300,157400,224900,sunday,H
Mount Road ATM,29/11/2015,21,9,12,25600,9900,15700,sunday,H
Airport ATM,29/11/2015,25,21,4,118500,111500,7000,sunday,H
KK Nagar ATM,29/11/2015,84,47,37,307300,169000,138300,sunday,H
Christ College ATM,29/11/2015,3,3,0,1400,1400,0,sunday,H
Big Street ATM,30/11/2015,149,57,92,611100,351800,259300,monday,W
Mount Road ATM,30/11/2015,64,36,28,248600,167900,80700,monday,W
Airport ATM,30/11/2015,93,65,28,752500,632300,120200,monday,W
KK Nagar ATM,30/11/2015,224,132,92,1239700,739200,500500,monday,W
Christ College ATM,30/11/2015,191,74,117,784500,290500,494000,monday,W
Big Street ATM,01/12/2015,181,53,128,711900,310600,401300,tuesday,W
Mount Road ATM,01/12/2015,34,21,13,139700,97800,41900,tuesday,W
Airport ATM,01/12/2015,28,16,12,218300,139400,78900,tuesday,W
KK Nagar ATM,01/12/2015,107,71,36,485800,347000,138800,tuesday,W
Christ College ATM,01/12/2015,189,100,89,990900,583600,407300,tuesday,W
Big Street ATM,02/12/2015,148,32,116,618400,255000,363400,wednesday,W
Mount Road ATM,02/12/2015,3,3,0,10000,10000,0,wednesday,W
KK Nagar ATM,02/12/2015,248,160,88,1405400,918300,487100,wednesday,W
Christ College ATM,02/12/2015,174,83,91,980700,570500,410200,wednesday,W
Big Street ATM,03/12/2015,148,30,118,562200,121400,440800,thursday,W
KK Nagar ATM,03/12/2015,210,146,64,1101700,846900,254800,thursday,W
Christ College ATM,03/12/2015,155,61,94,758400,379500,378900,thursday,W
Big Street ATM,04/12/2015,133,43,90,498200,235400,262800,friday,W
KK Nagar ATM,04/12/2015,159,112,47,719500,546200,173300,friday,W
Christ College ATM,04/12/2015,173,60,113,782000,306600,475400,friday,W
Big Street ATM,05/12/2015,132,33,99,462100,168100,294000,saturday,H
Mount Road ATM,05/12/2015,8,4,4,20100,8100,12000,saturday,H
KK Nagar ATM,05/12/2015,109,61,48,575100,294800,280300,saturday,H
Christ College ATM,05/12/2015,234,68,166,978600,356800,621800,saturday,H
Big Street ATM,06/12/2015,163,30,133,493500,134100,359400,sunday,H
Airport ATM,06/12/2015,84,32,52,330800,138100,192700,sunday,H
KK Nagar ATM,06/12/2015,1,0,1,10000,0,10000,sunday,H
Christ College ATM,06/12/2015,7,0,7,34000,0,34000,sunday,H
Big Street ATM,07/12/2015,140,39,101,514800,242900,271900,monday,W
Airport ATM,07/12/2015,48,30,18,311500,221900,89600,monday,W
KK Nagar ATM,07/12/2015,107,70,37,489000,311300,177700,monday,W
Christ College ATM,07/12/2015,158,60,98,694500,290900,403600,monday,W
Big Street ATM,08/12/2015,160,41,119,570700,209300,361400,tuesday,W
Airport ATM,08/12/2015,130,84,46,922900,667500,255400,tuesday,W
KK Nagar ATM,08/12/2015,91,62,29,508900,394000,114900,tuesday,W
Christ College ATM,08/12/2015,128,58,70,596900,357400,239500,tuesday,W
Big Street ATM,09/12/2015,118,40,78,414700,197000,217700,wednesday,W
Airport ATM,09/12/2015,92,57,35,582400,383500,198900,wednesday,W
KK Nagar ATM,09/12/2015,17,10,7,96400,46400,50000,wednesday,W
Christ College ATM,09/12/2015,132,65,67,634900,327300,307600,wednesday,W
Big Street ATM,10/12/2015,141,42,99,517500,272300,245200,thursday,W
Airport ATM,10/12/2015,83,56,27,553400,417800,135600,thursday,W
KK Nagar ATM,10/12/2015,98,64,34,432500,311200,121300,thursday,W
Christ College ATM,10/12/2015,126,60,66,595000,371200,223800,thursday,W
Big Street ATM,11/12/2015,129,51,78,569700,288500,281200,friday,W
Airport ATM,11/12/2015,96,67,29,616200,568300,47900,friday,W
KK Nagar ATM,11/12/2015,60,31,29,330000,180000,150000,friday,W
Christ College ATM,11/12/2015,106,57,49,461700,363400,98300,friday,W
Big Street ATM,12/12/2015,142,43,99,491500,277600,213900,saturday,H
Airport ATM,12/12/2015,58,36,22,312500,223100,89400,saturday,H
KK Nagar ATM,12/12/2015,164,104,60,868700,616600,252100,saturday,H
Christ College ATM,12/12/2015,152,58,94,590400,243000,347400,saturday,H
Big Street ATM,13/12/2015,157,32,125,598000,141300,456700,sunday,H
Airport ATM,13/12/2015,97,34,63,227900,116700,111200,sunday,H
KK Nagar ATM,13/12/2015,224,126,98,936300,530000,406300,sunday,H
Christ College ATM,13/12/2015,164,43,121,445800,134300,311500,sunday,H
Big Street ATM,14/12/2015,137,47,90,550600,276300,274300,monday,W
Airport ATM,14/12/2015,91,61,30,404000,330700,73300,monday,W
KK Nagar ATM,14/12/2015,206,129,77,1148300,835700,312600,monday,W
Christ College ATM,14/12/2015,169,60,109,490300,233900,256400,monday,W
Big Street ATM,15/12/2015,104,41,63,376100,197300,178800,tuesday,W
Airport ATM,15/12/2015,86,53,33,432200,301300,130900,tuesday,W
KK Nagar ATM,15/12/2015,141,116,25,693900,581500,112400,tuesday,W
Christ College ATM,15/12/2015,138,61,77,673300,348900,324400,tuesday,W
Big Street ATM,16/12/2015,143,42,101,539200,200700,338500,wednesday,W
Airport ATM,16/12/2015,84,61,23,230300,154800,75500,wednesday,W
KK Nagar ATM,16/12/2015,230,177,53,1287800,1081600,206200,wednesday,W
Christ College ATM,16/12/2015,135,74,61,693400,473900,219500,wednesday,W
Big Street ATM,17/12/2015,112,43,69,413700,213700,200000,thursday,W
Airport ATM,17/12/2015,65,45,20,206100,151900,54200,thursday,W
KK Nagar ATM,17/12/2015,240,175,65,1237200,961400,275800,thursday,W
Christ College ATM,17/12/2015,107,54,53,442500,283700,158800,thursday,W
Big Street ATM,18/12/2015,116,37,79,284100,109500,174600,friday,W
Airport ATM,18/12/2015,80,61,19,383200,326500,56700,friday,W
KK Nagar ATM,18/12/2015,156,129,27,841100,753900,87200,friday,W
Christ College ATM,18/12/2015,115,54,61,563100,294300,268800,friday,W
Big Street ATM,19/12/2015,121,39,82,443800,253500,190300,saturday,H
Airport ATM,19/12/2015,102,82,20,518900,443000,75900,saturday,H
KK Nagar ATM,19/12/2015,129,94,35,740600,613800,126800,saturday,H
Christ College ATM,19/12/2015,124,54,70,550800,323700,227100,saturday,H
Big Street ATM,20/12/2015,149,35,114,406400,151300,255100,sunday,H
Airport ATM,20/12/2015,78,58,20,389700,321700,68000,sunday,H
KK Nagar ATM,20/12/2015,21,14,7,99900,77400,22500,sunday,H
Christ College ATM,20/12/2015,119,57,62,422200,240700,181500,sunday,H
Big Street ATM,21/12/2015,145,48,97,522800,235400,287400,monday,W
Airport ATM,21/12/2015,58,48,10,352800,304500,48300,monday,W
KK Nagar ATM,21/12/2015,206,141,65,1000800,748400,252400,monday,W
Christ College ATM,21/12/2015,134,74,60,520100,326900,193200,monday,W
Big Street ATM,22/12/2015,144,42,102,494900,196900,298000,tuesday,W
Airport ATM,22/12/2015,64,47,17,249800,224700,25100,tuesday,W
KK Nagar ATM,22/12/2015,95,59,36,435100,285700,149400,tuesday,W
Christ College ATM,22/12/2015,119,60,59,549900,268100,281800,tuesday,W
Big Street ATM,23/12/2015,144,50,94,578900,255600,323300,wednesday,W
Airport ATM,23/12/2015,70,62,8,543200,514200,29000,wednesday,W
KK Nagar ATM,23/12/2015,166,116,50,988900,734700,254200,wednesday,W
Christ College ATM,23/12/2015,127,63,64,648400,361300,287100,wednesday,W
Big Street ATM,24/12/2015,122,39,83,497100,238100,259000,thursday,W
Airport ATM,24/12/2015,22,19,3,99400,92900,6500,thursday,W
KK Nagar ATM,24/12/2015,119,89,30,547400,422800,124600,thursday,W
Christ College ATM,24/12/2015,99,48,51,488100,304400,183700,thursday,W
Big Street ATM,25/12/2015,73,21,52,234300,131800,102500,friday,H
KK Nagar ATM,25/12/2015,40,29,11,149400,141000,8400,friday,H
Christ College ATM,25/12/2015,66,30,36,244800,138000,106800,friday,H
Big Street ATM,26/12/2015,77,15,62,232700,58000,174700,saturday,H
Airport ATM,26/12/2015,71,42,29,247400,129800,117600,saturday,H
KK Nagar ATM,26/12/2015,253,109,144,1126700,492300,634400,saturday,H
Christ College ATM,26/12/2015,63,40,23,191100,129700,61400,saturday,H
Big Street ATM,27/12/2015,134,29,105,375700,113600,262100,sunday,H
Airport ATM,27/12/2015,78,57,21,320300,290100,30200,sunday,H
KK Nagar ATM,27/12/2015,231,121,110,712200,338300,373900,sunday,H
Christ College ATM,27/12/2015,1,1,0,300,300,0,sunday,H
Big Street ATM,28/12/2015,122,33,89,418400,125600,292800,monday,W
Airport ATM,28/12/2015,94,64,30,470600,322000,148600,monday,W
KK Nagar ATM,28/12/2015,282,170,112,1359200,934300,424900,monday,W
Christ College ATM,28/12/2015,111,55,56,507000,284400,222600,monday,W
Big Street ATM,29/12/2015,135,35,100,494000,180400,313600,tuesday,W
Airport ATM,29/12/2015,72,43,29,290700,177300,113400,tuesday,W
KK Nagar ATM,29/12/2015,229,168,61,1191300,962000,229300,tuesday,W
Christ College ATM,29/12/2015,131,74,57,504600,271600,233000,tuesday,W
Big Street ATM,30/12/2015,128,45,83,489500,252000,237500,wednesday,W
Airport ATM,30/12/2015,47,28,19,69600,42700,26900,wednesday,W
KK Nagar ATM,30/12/2015,147,106,41,699100,565700,133400,wednesday,W
Christ College ATM,30/12/2015,146,79,67,703700,468400,235300,wednesday,W
Big Street ATM,31/12/2015,156,45,111,497700,155900,341800,thursday,W
Airport ATM,31/12/2015,51,37,14,76200,49600,26600,thursday,W
KK Nagar ATM,31/12/2015,290,181,109,1595200,1107500,487700,thursday,W
Christ College ATM,31/12/2015,129,58,71,558400,336800,221600,thursday,W
Big Street ATM,01/01/2016,155,42,113,663600,273700,389900,friday,H
Airport ATM,01/01/2016,19,14,5,25600,20100,5500,friday,H
KK Nagar ATM,01/01/2016,356,155,201,1878400,746200,1132200,friday,H
Christ College ATM,01/01/2016,4,0,4,9100,0,9100,friday,H
Big Street ATM,02/01/2016,67,18,49,305900,99000,206900,saturday,H
Airport ATM,02/01/2016,35,23,12,52000,33900,18100,saturday,H
KK Nagar ATM,02/01/2016,389,203,186,2337700,1164900,1172800,saturday,H
Christ College ATM,02/01/2016,166,55,111,866800,385700,481100,saturday,H
Big Street ATM,03/01/2016,51,17,34,224900,111100,113800,sunday,H
Airport ATM,03/01/2016,5,3,2,20000,17000,3000,sunday,H
KK Nagar ATM,03/01/2016,126,48,78,324000,99200,224800,sunday,H
Christ College ATM,03/01/2016,160,62,98,710300,319800,390500,sunday,H
Big Street ATM,04/01/2016,115,30,85,466400,168500,297900,monday,W
Airport ATM,04/01/2016,23,20,3,74400,65400,9000,monday,W
Christ College ATM,04/01/2016,190,71,119,990300,460900,529400,monday,W
Big Street ATM,05/01/2016,122,41,81,610000,260400,349600,tuesday,W
Airport ATM,05/01/2016,31,18,13,117700,83500,34200,tuesday,W
KK Nagar ATM,05/01/2016,85,57,28,455700,300800,154900,tuesday,W
Christ College ATM,05/01/2016,136,61,75,682100,345000,337100,tuesday,W
Big Street ATM,06/01/2016,143,42,101,596600,272700,323900,wednesday,W
Airport ATM,06/01/2016,27,19,8,76700,50700,26000,wednesday,W
KK Nagar ATM,06/01/2016,306,190,116,1368100,880800,487300,wednesday,W
Christ College ATM,06/01/2016,202,90,112,1009700,446700,563000,wednesday,W
Big Street ATM,07/01/2016,131,43,88,494700,223000,271700,thursday,W
Airport ATM,07/01/2016,19,17,2,69700,65200,4500,thursday,W
KK Nagar ATM,07/01/2016,138,95,43,912200,737200,175000,thursday,W
Christ College ATM,07/01/2016,169,91,78,795700,555800,239900,thursday,W
Big Street ATM,08/01/2016,85,28,57,390700,186400,204300,friday,W
Airport ATM,08/01/2016,12,11,1,53900,53400,500,friday,W
KK Nagar ATM,08/01/2016,206,147,59,1082600,820200,262400,friday,W
Christ College ATM,08/01/2016,118,49,69,541200,307100,234100,friday,W
Big Street ATM,09/01/2016,149,48,101,577600,275200,302400,saturday,H
Airport ATM,09/01/2016,67,38,29,407800,249200,158600,saturday,H
KK Nagar ATM,09/01/2016,124,78,46,637200,399800,237400,saturday,H
Christ College ATM,09/01/2016,142,82,60,740600,523700,216900,saturday,H
Big Street ATM,10/01/2016,171,33,138,646100,117300,528800,sunday,H
Airport ATM,10/01/2016,52,37,15,221600,193000,28600,sunday,H
KK Nagar ATM,10/01/2016,129,61,68,530800,240400,290400,sunday,H
Christ College ATM,10/01/2016,63,28,35,92000,32900,59100,sunday,H
Big Street ATM,11/01/2016,131,48,83,423600,179400,244200,monday,W
Airport ATM,11/01/2016,53,42,11,343600,306300,37300,monday,W
KK Nagar ATM,11/01/2016,127,77,50,641400,415000,226400,monday,W
Christ College ATM,11/01/2016,170,76,94,1031800,626200,405600,monday,W
Big Street ATM,12/01/2016,124,44,80,456700,217600,239100,tuesday,W
Airport ATM,12/01/2016,134,95,39,743700,603100,140600,tuesday,W
KK Nagar ATM,12/01/2016,117,73,44,745600,507600,238000,tuesday,W
Christ College ATM,12/01/2016,165,73,92,811100,475200,335900,tuesday,W
Big Street ATM,13/01/2016,104,34,70,447600,183300,264300,wednesday,W
Airport ATM,13/01/2016,65,56,9,385500,363700,21800,wednesday,W
KK Nagar ATM,13/01/2016,155,114,41,1000900,851200,149700,wednesday,W
Christ College ATM,13/01/2016,160,83,77,839300,583400,255900,wednesday,W
Big Street ATM,14/01/2016,127,38,89,466200,150500,315700,thursday,W
Airport ATM,14/01/2016,130,97,33,661300,523300,138000,thursday,W
KK Nagar ATM,14/01/2016,169,103,66,1126800,788500,338300,thursday,W
Christ College ATM,14/01/2016,143,65,78,670800,423400,247400,thursday,W
Big Street ATM,15/01/2016,130,44,86,424300,217900,206400,friday,H
KK Nagar ATM,15/01/2016,197,131,66,760700,513300,247400,friday,H
Christ College ATM,15/01/2016,79,38,41,269100,146400,122700,friday,H
Big Street ATM,16/01/2016,117,35,82,379400,128300,251100,saturday,H
Airport ATM,16/01/2016,6,5,1,9700,9200,500,saturday,H
KK Nagar ATM,16/01/2016,88,58,30,331900,207000,124900,saturday,H
Christ College ATM,16/01/2016,73,38,35,273200,149500,123700,saturday,H
Big Street ATM,17/01/2016,118,38,80,354400,153300,201100,sunday,H
KK Nagar ATM,17/01/2016,202,119,83,777600,503000,274600,sunday,H
Christ College ATM,17/01/2016,76,34,42,135700,74600,61100,sunday,H
Big Street ATM,18/01/2016,129,43,86,406900,148100,258800,monday,W
Airport ATM,18/01/2016,76,53,23,391400,319600,71800,monday,W
KK Nagar ATM,18/01/2016,36,23,13,151300,101900,49400,monday,W
Christ College ATM,18/01/2016,129,56,73,479400,195800,283600,monday,W
Big Street ATM,19/01/2016,115,51,64,360800,230600,130200,tuesday,W
Airport ATM,19/01/2016,19,18,1,125100,121600,3500,tuesday,W
KK Nagar ATM,19/01/2016,206,138,68,1263300,928500,334800,tuesday,W
Christ College ATM,19/01/2016,130,73,57,654400,455300,199100,tuesday,W
Big Street ATM,20/01/2016,55,26,29,271300,173600,97700,wednesday,W
Airport ATM,20/01/2016,8,5,3,19100,12800,6300,wednesday,W
KK Nagar ATM,20/01/2016,134,84,50,739800,549500,190300,wednesday,W
Christ College ATM,20/01/2016,143,61,82,652400,393100,259300,wednesday,W
Big Street ATM,21/01/2016,73,19,54,178300,83800,94500,thursday,W
Airport ATM,21/01/2016,29,22,7,80200,74300,5900,thursday,W
KK Nagar ATM,21/01/2016,94,76,18,489900,435600,54300,thursday,W
Christ College ATM,21/01/2016,138,57,81,713100,308700,404400,thursday,W
Big Street ATM,22/01/2016,132,51,81,447900,263300,184600,friday,W
Airport ATM,22/01/2016,49,41,8,285100,252400,32700,friday,W
KK Nagar ATM,22/01/2016,173,115,58,935900,677200,258700,friday,W
Christ College ATM,22/01/2016,98,34,64,431700,188500,243200,friday,W
Big Street ATM,23/01/2016,123,34,89,327900,120100,207800,saturday,H
Mount Road ATM,23/01/2016,5,4,1,1800,1300,500,saturday,H
Airport ATM,23/01/2016,44,35,9,212600,193900,18700,saturday,H
KK Nagar ATM,23/01/2016,104,79,25,604300,489200,115100,saturday,H
Christ College ATM,23/01/2016,133,70,63,581200,389900,191300,saturday,H
Big Street ATM,24/01/2016,42,19,23,49600,19600,30000,sunday,H
Airport ATM,24/01/2016,34,17,17,81600,26900,54700,sunday,H
KK Nagar ATM,24/01/2016,241,116,125,946700,438100,508600,sunday,H
Christ College ATM,24/01/2016,93,27,66,259500,73700,185800,sunday,H
Big Street ATM,25/01/2016,86,29,57,314800,152400,162400,monday,W
Mount Road ATM,25/01/2016,10,6,4,11100,7500,3600,monday,W
Airport ATM,25/01/2016,79,59,20,330400,287600,42800,monday,W
KK Nagar ATM,25/01/2016,306,215,91,1671800,1299100,372700,monday,W
Christ College ATM,25/01/2016,125,62,63,487400,227700,259700,monday,W
Big Street ATM,26/01/2016,46,17,29,74200,43000,31200,tuesday,H
KK Nagar ATM,26/01/2016,248,148,100,1207300,836400,370900,tuesday,H
Christ College ATM,26/01/2016,93,50,43,387200,278200,109000,tuesday,H
Big Street ATM,27/01/2016,68,25,43,194300,85600,108700,wednesday,W
Mount Road ATM,27/01/2016,14,12,2,15700,14000,1700,wednesday,W
Airport ATM,27/01/2016,88,69,19,439500,374900,64600,wednesday,W
KK Nagar ATM,27/01/2016,88,62,26,426500,281200,145300,wednesday,W
Christ College ATM,27/01/2016,100,52,48,447100,328100,119000,wednesday,W
Big Street ATM,28/01/2016,122,36,86,312500,105300,207200,thursday,W
Mount Road ATM,28/01/2016,6,5,1,12100,12000,100,thursday,W
Airport ATM,28/01/2016,59,45,14,314800,270800,44000,thursday,W
KK Nagar ATM,28/01/2016,267,180,87,1325700,924200,401500,thursday,W
Christ College ATM,28/01/2016,139,65,74,559900,366500,193400,thursday,W
Big Street ATM,29/01/2016,124,37,87,450200,180600,269600,friday,W
Mount Road ATM,29/01/2016,44,24,20,132300,80900,51400,friday,W
Airport ATM,29/01/2016,63,43,20,411100,276700,134400,friday,W
KK Nagar ATM,29/01/2016,111,78,33,379900,282300,97600,friday,W
Christ College ATM,29/01/2016,109,59,50,486400,349000,137400,friday,W
Big Street ATM,30/01/2016,162,48,114,617900,267200,350700,saturday,H
Mount Road ATM,30/01/2016,59,21,38,205500,64800,140700,saturday,H
Airport ATM,30/01/2016,123,86,37,653900,425400,228500,saturday,H
KK Nagar ATM,30/01/2016,219,131,88,1089700,700700,389000,saturday,H
Christ College ATM,30/01/2016,157,85,72,783200,532100,251100,saturday,H
Big Street ATM,31/01/2016,174,54,120,792000,359000,433000,sunday,H
Mount Road ATM,31/01/2016,6,5,1,4500,2500,2000,sunday,H
Airport ATM,31/01/2016,52,36,16,300900,241900,59000,sunday,H
KK Nagar ATM,31/01/2016,238,171,67,1222300,934200,288100,sunday,H
Christ College ATM,31/01/2016,117,46,71,456300,242800,213500,sunday,H
Big Street ATM,01/02/2016,166,38,128,634100,144000,490100,monday,W
Mount Road ATM,01/02/2016,6,2,4,44200,20100,24100,monday,W
Airport ATM,01/02/2016,37,21,16,240600,179300,61300,monday,W
KK Nagar ATM,01/02/2016,206,114,92,1409300,871900,537400,monday,W
Christ College ATM,01/02/2016,123,57,66,655000,315700,339300,monday,W
Big Street ATM,02/02/2016,132,33,99,425000,93900,331100,tuesday,W
Mount Road ATM,02/02/2016,14,9,5,13400,8700,4700,tuesday,W
Airport ATM,02/02/2016,65,41,24,391300,256000,135300,tuesday,W
KK Nagar ATM,02/02/2016,189,96,93,996200,522000,474200,tuesday,W
Christ College ATM,02/02/2016,152,83,69,711100,486100,225000,tuesday,W
Big Street ATM,03/02/2016,160,44,116,570300,182600,387700,wednesday,W
Mount Road ATM,03/02/2016,40,37,3,81600,77100,4500,wednesday,W
Airport ATM,03/02/2016,43,38,5,293200,277000,16200,wednesday,W
KK Nagar ATM,03/02/2016,216,144,72,1389100,958700,430400,wednesday,W
Christ College ATM,03/02/2016,149,81,68,1010700,648800,361900,wednesday,W
Big Street ATM,04/02/2016,134,44,90,588600,299000,289600,thursday,W
Mount Road ATM,04/02/2016,149,82,67,772100,483900,288200,thursday,W
Airport ATM,04/02/2016,22,11,11,95400,38700,56700,thursday,W
KK Nagar ATM,04/02/2016,123,100,23,851500,749800,101700,thursday,W
Christ College ATM,04/02/2016,147,79,68,731100,448800,282300,thursday,W
Big Street ATM,05/02/2016,152,47,105,568500,181900,386600,friday,W
Mount Road ATM,05/02/2016,184,99,85,668200,451800,216400,friday,W
Airport ATM,05/02/2016,62,50,12,284800,230900,53900,friday,W
KK Nagar ATM,05/02/2016,229,149,80,1455800,1070700,385100,friday,W
Christ College ATM,05/02/2016,186,77,109,875100,401200,473900,friday,W
Big Street ATM,06/02/2016,84,19,65,295100,45000,250100,saturday,H
Mount Road ATM,06/02/2016,29,15,14,122200,85900,36300,saturday,H
Airport ATM,06/02/2016,12,6,6,65200,41700,23500,saturday,H
KK Nagar ATM,06/02/2016,106,76,30,648400,532800,115600,saturday,H
Christ College ATM,06/02/2016,178,83,95,1011500,519500,492000,saturday,H
Big Street ATM,07/02/2016,69,17,52,227800,54000,173800,sunday,H
Airport ATM,07/02/2016,9,8,1,58600,53600,5000,sunday,H
KK Nagar ATM,07/02/2016,155,108,47,820500,620000,200500,sunday,H
Christ College ATM,07/02/2016,134,60,74,581000,356900,224100,sunday,H
Big Street ATM,08/02/2016,70,21,49,252600,99400,153200,monday,W
Mount Road ATM,08/02/2016,34,20,14,143000,80600,62400,monday,W
Airport ATM,08/02/2016,41,31,10,256300,205200,51100,monday,W
KK Nagar ATM,08/02/2016,74,55,19,572100,491400,80700,monday,W
Christ College ATM,08/02/2016,116,58,58,579000,303700,275300,monday,W
Big Street ATM,09/02/2016,77,29,48,318600,158500,160100,tuesday,W
Mount Road ATM,09/02/2016,120,59,61,699800,486400,213400,tuesday,W
Airport ATM,09/02/2016,31,28,3,216100,208100,8000,tuesday,W
KK Nagar ATM,09/02/2016,267,191,76,1613100,1253000,360100,tuesday,W
Christ College ATM,09/02/2016,136,74,62,662400,427900,234500,tuesday,W
Big Street ATM,10/02/2016,161,51,110,576000,228200,347800,wednesday,W
Airport ATM,10/02/2016,37,32,5,172100,164600,7500,wednesday,W
KK Nagar ATM,10/02/2016,64,50,14,423200,357700,65500,wednesday,W
Christ College ATM,10/02/2016,141,67,74,719000,408400,310600,wednesday,W
Big Street ATM,11/02/2016,150,45,105,618400,305300,313100,thursday,W
Mount Road ATM,11/02/2016,16,6,10,68100,13800,54300,thursday,W
Airport ATM,11/02/2016,40,29,11,217700,165100,52600,thursday,W
KK Nagar ATM,11/02/2016,218,143,75,1471000,1046100,424900,thursday,W
Christ College ATM,11/02/2016,154,79,75,783000,499400,283600,thursday,W
Big Street ATM,12/02/2016,151,53,98,571500,310900,260600,friday,W
Mount Road ATM,12/02/2016,48,23,25,180200,116800,63400,friday,W
Airport ATM,12/02/2016,7,7,0,18300,18300,0,friday,W
KK Nagar ATM,12/02/2016,257,170,87,1351100,1002800,348300,friday,W
Christ College ATM,12/02/2016,156,64,92,785800,399100,386700,friday,W
Big Street ATM,13/02/2016,129,43,86,458700,220200,238500,saturday,H
Mount Road ATM,13/02/2016,88,34,54,398400,251200,147200,saturday,H
Airport ATM,13/02/2016,38,25,13,147800,102900,44900,saturday,H
KK Nagar ATM,13/02/2016,154,115,39,868900,723000,145900,saturday,H
Christ College ATM,13/02/2016,110,47,63,443800,221200,222600,saturday,H
Big Street ATM,14/02/2016,166,48,118,557300,245600,311700,sunday,H
Mount Road ATM,14/02/2016,92,37,55,273000,149500,123500,sunday,H
Airport ATM,14/02/2016,40,25,15,203100,146700,56400,sunday,H
KK Nagar ATM,14/02/2016,168,109,59,591400,368900,222500,sunday,H
Christ College ATM,14/02/2016,132,55,77,366800,150300,216500,sunday,H
Big Street ATM,15/02/2016,155,51,104,671500,328300,343200,monday,W
Mount Road ATM,15/02/2016,57,28,29,214300,119000,95300,monday,W
Airport ATM,15/02/2016,83,61,22,391500,297300,94200,monday,W
KK Nagar ATM,15/02/2016,172,111,61,958800,673100,285700,monday,W
Christ College ATM,15/02/2016,42,26,16,213900,167600,46300,monday,W
Big Street ATM,16/02/2016,107,36,71,392600,190100,202500,tuesday,W
Airport ATM,16/02/2016,98,74,24,588500,507400,81100,tuesday,W
KK Nagar ATM,16/02/2016,143,111,32,771800,660600,111200,tuesday,W
Christ College ATM,16/02/2016,135,63,72,507400,313200,194200,tuesday,W
Big Street ATM,17/02/2016,134,64,70,366700,244000,122700,wednesday,W
Mount Road ATM,17/02/2016,38,16,22,192600,99400,93200,wednesday,W
Airport ATM,17/02/2016,100,87,13,595100,555200,39900,wednesday,W
KK Nagar ATM,17/02/2016,190,123,67,1137000,859100,277900,wednesday,W
Christ College ATM,17/02/2016,160,71,89,795500,435800,359700,wednesday,W
Big Street ATM,18/02/2016,147,59,88,647900,322300,325600,thursday,W
Mount Road ATM,18/02/2016,33,19,14,131100,103300,27800,thursday,W
Airport ATM,18/02/2016,109,87,22,593100,544000,49100,thursday,W
KK Nagar ATM,18/02/2016,78,48,30,413300,335300,78000,thursday,W
Christ College ATM,18/02/2016,143,67,76,512400,321300,191100,thursday,W
Big Street ATM,19/02/2016,144,34,110,435600,159600,276000,friday,W
Mount Road ATM,19/02/2016,27,16,11,55100,44100,11000,friday,W
Airport ATM,19/02/2016,115,87,28,517600,443700,73900,friday,W
KK Nagar ATM,19/02/2016,44,34,10,149700,112800,36900,friday,W
Christ College ATM,19/02/2016,162,56,106,734500,364700,369800,friday,W
Big Street ATM,20/02/2016,147,34,113,535100,125800,409300,saturday,H
Mount Road ATM,20/02/2016,68,26,42,296300,159500,136800,saturday,H
Airport ATM,20/02/2016,61,49,12,407800,377900,29900,saturday,H
KK Nagar ATM,20/02/2016,108,78,30,703700,586600,117100,saturday,H
Christ College ATM,20/02/2016,148,58,90,812100,487900,324200,saturday,H
Big Street ATM,21/02/2016,181,48,133,652400,225800,426600,sunday,H
Mount Road ATM,21/02/2016,98,43,55,350500,251500,99000,sunday,H
Airport ATM,21/02/2016,60,41,19,331000,271500,59500,sunday,H
KK Nagar ATM,21/02/2016,85,51,34,187500,130800,56700,sunday,H
Big Street ATM,22/02/2016,130,51,79,400300,229400,170900,monday,W
Mount Road ATM,22/02/2016,4,2,2,18000,5000,13000,monday,W
Airport ATM,22/02/2016,48,34,14,202500,160100,42400,monday,W
KK Nagar ATM,22/02/2016,93,48,45,164400,110600,53800,monday,W
Christ College ATM,22/02/2016,203,61,142,957400,425100,532300,monday,W
Big Street ATM,23/02/2016,165,65,100,666700,411500,255200,tuesday,W
Mount Road ATM,23/02/2016,40,25,15,233600,212000,21600,tuesday,W
Airport ATM,23/02/2016,54,45,9,120900,109100,11800,tuesday,W
KK Nagar ATM,23/02/2016,212,128,84,989800,659500,330300,tuesday,W
Christ College ATM,23/02/2016,162,79,83,759800,440800,319000,tuesday,W
Big Street ATM,24/02/2016,121,43,78,399700,201500,198200,wednesday,W
Mount Road ATM,24/02/2016,13,10,3,28400,22700,5700,wednesday,W
Airport ATM,24/02/2016,48,37,11,228600,196500,32100,wednesday,W
KK Nagar ATM,24/02/2016,28,22,6,102400,84600,17800,wednesday,W
Christ College ATM,24/02/2016,121,50,71,331200,142900,188300,wednesday,W
Big Street ATM,25/02/2016,136,38,98,434200,160700,273500,thursday,W
Mount Road ATM,25/02/2016,59,30,29,199900,148700,51200,thursday,W
Airport ATM,25/02/2016,34,29,5,209200,193700,15500,thursday,W
KK Nagar ATM,25/02/2016,106,76,30,573400,435400,138000,thursday,W
Christ College ATM,25/02/2016,163,70,93,647600,397500,250100,thursday,W
Big Street ATM,26/02/2016,135,59,76,591800,349300,242500,friday,W
Mount Road ATM,26/02/2016,11,2,9,13700,2800,10900,friday,W
Airport ATM,26/02/2016,60,45,15,229900,182900,47000,friday,W
KK Nagar ATM,26/02/2016,84,66,18,695100,589400,105700,friday,W
Christ College ATM,26/02/2016,144,62,82,616100,318300,297800,friday,W
Big Street ATM,27/02/2016,141,40,101,527500,243600,283900,saturday,H
Airport ATM,27/02/2016,46,38,8,323300,299500,23800,saturday,H
KK Nagar ATM,27/02/2016,37,27,10,137000,112600,24400,saturday,H
Christ College ATM,27/02/2016,135,56,79,661300,311300,350000,saturday,H
Big Street ATM,28/02/2016,150,45,105,470100,211900,258200,sunday,H
Airport ATM,28/02/2016,107,80,27,493500,448100,45400,sunday,H
KK Nagar ATM,28/02/2016,123,79,44,484100,346700,137400,sunday,H
Christ College ATM,28/02/2016,120,45,75,316400,130500,185900,sunday,H
Big Street ATM,29/02/2016,142,48,94,632800,326400,306400,monday,W
Mount Road ATM,29/02/2016,44,24,20,156600,110500,46100,monday,W
Airport ATM,29/02/2016,109,84,25,744100,630200,113900,monday,W
KK Nagar ATM,29/02/2016,68,53,15,366500,326200,40300,monday,W
Christ College ATM,29/02/2016,132,64,68,601500,285500,316000,monday,W
Big Street ATM,01/03/2016,169,43,126,665800,219800,446000,tuesday,W
Mount Road ATM,01/03/2016,33,21,12,100300,67600,32700,tuesday,W
Airport ATM,01/03/2016,48,37,11,249000,213500,35500,tuesday,W
KK Nagar ATM,01/03/2016,177,138,39,979600,802400,177200,tuesday,W
Christ College ATM,01/03/2016,109,64,45,514300,317200,197100,tuesday,W
Big Street ATM,02/03/2016,97,32,65,402900,132600,270300,wednesday,W
Mount Road ATM,02/03/2016,98,47,51,446200,269900,176300,wednesday,W
Airport ATM,02/03/2016,71,54,17,215100,179500,35600,wednesday,W
KK Nagar ATM,02/03/2016,180,135,45,1194400,923500,270900,wednesday,W
Christ College ATM,02/03/2016,61,30,31,279800,177300,102500,wednesday,W
Mount Road ATM,03/03/2016,52,34,18,324900,279700,45200,thursday,W
Airport ATM,03/03/2016,85,63,22,443800,354400,89400,thursday,W
KK Nagar ATM,03/03/2016,97,68,29,737000,573900,163100,thursday,W
Christ College ATM,03/03/2016,137,65,72,742200,427600,314600,thursday,W
Big Street ATM,04/03/2016,113,37,76,345000,150600,194400,friday,W
Mount Road ATM,04/03/2016,106,64,42,462700,377200,85500,friday,W
Airport ATM,04/03/2016,73,60,13,348600,311900,36700,friday,W
KK Nagar ATM,04/03/2016,184,136,48,977200,800900,176300,friday,W
Christ College ATM,04/03/2016,135,71,64,800300,523700,276600,friday,W
Big Street ATM,05/03/2016,168,51,117,628700,262700,366000,saturday,H
Mount Road ATM,05/03/2016,82,39,43,369200,265200,104000,saturday,H
Airport ATM,05/03/2016,100,76,24,583000,494000,89000,saturday,H
KK Nagar ATM,05/03/2016,135,95,40,867000,656900,210100,saturday,H
Christ College ATM,05/03/2016,150,78,72,963200,608600,354600,saturday,H
Big Street ATM,06/03/2016,156,50,106,594300,284900,309400,sunday,H
Mount Road ATM,06/03/2016,120,50,70,444100,257000,187100,sunday,H
Airport ATM,06/03/2016,79,60,19,489400,418500,70900,sunday,H
KK Nagar ATM,06/03/2016,110,77,33,388400,238600,149800,sunday,H
Christ College ATM,06/03/2016,119,58,61,421000,244500,176500,sunday,H
Big Street ATM,07/03/2016,134,33,101,415300,91600,323700,monday,W
Mount Road ATM,07/03/2016,8,4,4,29800,22000,7800,monday,W
Airport ATM,07/03/2016,110,89,21,699100,614400,84700,monday,W
KK Nagar ATM,07/03/2016,48,35,13,149500,113600,35900,monday,W
Christ College ATM,07/03/2016,202,70,132,876700,362200,514500,monday,W
Big Street ATM,08/03/2016,109,39,70,479400,238700,240700,tuesday,W
Mount Road ATM,08/03/2016,32,17,15,120000,82900,37100,tuesday,W
Airport ATM,08/03/2016,57,36,21,355300,281100,74200,tuesday,W
KK Nagar ATM,08/03/2016,115,91,24,784200,689600,94600,tuesday,W
Christ College ATM,08/03/2016,146,73,73,628200,299500,328700,tuesday,W
Big Street ATM,09/03/2016,152,47,105,569100,257500,311600,wednesday,W
Mount Road ATM,09/03/2016,39,19,20,129100,70700,58400,wednesday,W
Airport ATM,09/03/2016,75,50,25,523600,391100,132500,wednesday,W
KK Nagar ATM,09/03/2016,56,42,14,365600,282200,83400,wednesday,W
Christ College ATM,09/03/2016,158,72,86,814800,417200,397600,wednesday,W
Big Street ATM,10/03/2016,171,61,110,926100,462400,463700,thursday,W
Mount Road ATM,10/03/2016,33,17,16,108500,54800,53700,thursday,W
Airport ATM,10/03/2016,54,38,16,408900,299800,109100,thursday,W
Christ College ATM,10/03/2016,140,59,81,760900,343500,417400,thursday,W
Big Street ATM,11/03/2016,161,57,104,567600,250900,316700,friday,W
Airport ATM,11/03/2016,78,58,20,468000,353500,114500,friday,W
KK Nagar ATM,11/03/2016,70,60,10,690800,641100,49700,friday,W
Christ College ATM,11/03/2016,141,71,70,590300,375900,214400,friday,W
Big Street ATM,12/03/2016,165,41,124,545500,157800,387700,saturday,H
Mount Road ATM,12/03/2016,46,13,33,122500,72800,49700,saturday,H
Airport ATM,12/03/2016,111,84,27,566600,452100,114500,saturday,H
KK Nagar ATM,12/03/2016,145,98,47,702100,469700,232400,saturday,H
Christ College ATM,12/03/2016,161,82,79,780100,457000,323100,saturday,H
Big Street ATM,13/03/2016,152,49,103,493800,228600,265200,sunday,H
Mount Road ATM,13/03/2016,111,47,64,281500,178500,103000,sunday,H
Airport ATM,13/03/2016,46,31,15,268300,216100,52200,sunday,H
KK Nagar ATM,13/03/2016,155,124,31,834400,754800,79600,sunday,H
Christ College ATM,13/03/2016,134,53,81,513300,250000,263300,sunday,H
Big Street ATM,14/03/2016,135,52,83,454700,226200,228500,monday,W
Mount Road ATM,14/03/2016,64,37,27,257100,216900,40200,monday,W
Airport ATM,14/03/2016,53,36,17,214500,185800,28700,monday,W
KK Nagar ATM,14/03/2016,156,128,28,969100,821100,148000,monday,W
Christ College ATM,14/03/2016,153,66,87,754200,445200,309000,monday,W
Big Street ATM,15/03/2016,140,40,100,580700,214800,365900,tuesday,W
Mount Road ATM,15/03/2016,34,21,13,210500,192300,18200,tuesday,W
Airport ATM,15/03/2016,33,28,5,143700,140200,3500,tuesday,W
KK Nagar ATM,15/03/2016,116,87,29,635200,531100,104100,tuesday,W
Christ College ATM,15/03/2016,127,64,63,602200,392500,209700,tuesday,W
Big Street ATM,16/03/2016,130,37,93,501400,222100,279300,wednesday,W
Mount Road ATM,16/03/2016,48,32,16,317200,282000,35200,wednesday,W
Airport ATM,16/03/2016,69,61,8,400400,383700,16700,wednesday,W
KK Nagar ATM,16/03/2016,85,65,20,599900,501100,98800,wednesday,W
Christ College ATM,16/03/2016,121,62,59,569800,373900,195900,wednesday,W
Big Street ATM,17/03/2016,117,36,81,398100,232300,165800,thursday,W
Airport ATM,17/03/2016,109,82,27,498900,407100,91800,thursday,W
KK Nagar ATM,17/03/2016,107,83,24,770500,668000,102500,thursday,W
Christ College ATM,17/03/2016,140,71,69,729700,470700,259000,thursday,W
Big Street ATM,18/03/2016,119,42,77,441200,279100,162100,friday,W
Airport ATM,18/03/2016,125,90,35,608700,504300,104400,friday,W
Christ College ATM,18/03/2016,103,54,49,462500,254500,208000,friday,W
Big Street ATM,19/03/2016,101,31,70,273000,102400,170600,saturday,H
Airport ATM,19/03/2016,31,23,8,141800,104300,37500,saturday,H
KK Nagar ATM,19/03/2016,156,119,37,1052100,872400,179700,saturday,H
Christ College ATM,19/03/2016,125,63,62,611800,379600,232200,saturday,H
Big Street ATM,20/03/2016,150,46,104,605700,246500,359200,sunday,H
Mount Road ATM,20/03/2016,62,25,37,191500,111800,79700,sunday,H
Airport ATM,20/03/2016,82,55,27,221200,182300,38900,sunday,H
KK Nagar ATM,20/03/2016,127,88,39,497400,405800,91600,sunday,H
Christ College ATM,20/03/2016,107,50,57,308500,155400,153100,sunday,H
Big Street ATM,21/03/2016,134,55,79,558400,326800,231600,monday,W
Mount Road ATM,21/03/2016,54,31,23,265600,200800,64800,monday,W
Airport ATM,21/03/2016,86,59,27,328800,197900,130900,monday,W
KK Nagar ATM,21/03/2016,118,86,32,736200,603400,132800,monday,W
Christ College ATM,21/03/2016,146,74,72,740600,484900,255700,monday,W
Big Street ATM,22/03/2016,127,37,90,467500,235100,232400,tuesday,W
Mount Road ATM,22/03/2016,48,32,16,191300,146700,44600,tuesday,W
Airport ATM,22/03/2016,63,52,11,267800,248900,18900,tuesday,W
KK Nagar ATM,22/03/2016,73,63,10,489600,448700,40900,tuesday,W
Christ College ATM,22/03/2016,129,58,71,650000,385000,265000,tuesday,W
Big Street ATM,23/03/2016,143,52,91,453900,164800,289100,wednesday,W
Mount Road ATM,23/03/2016,22,14,8,43200,38500,4700,wednesday,W
Airport ATM,23/03/2016,71,51,20,416000,329500,86500,wednesday,W
KK Nagar ATM,23/03/2016,83,67,16,505200,446300,58900,wednesday,W
Christ College ATM,23/03/2016,104,65,39,505900,320000,185900,wednesday,W
Big Street ATM,24/03/2016,26,5,21,53800,4400,49400,thursday,W
Airport ATM,24/03/2016,50,39,11,240200,222800,17400,thursday,W
KK Nagar ATM,24/03/2016,107,76,31,761000,586400,174600,thursday,W
Christ College ATM,24/03/2016,117,63,54,675900,495400,180500,thursday,W
Big Street ATM,25/03/2016,99,19,80,222900,55800,167100,friday,H
KK Nagar ATM,25/03/2016,179,131,48,889900,716500,173400,friday,H
Christ College ATM,25/03/2016,26,20,6,103100,96800,6300,friday,H
Big Street ATM,26/03/2016,124,32,92,384700,143100,241600,saturday,H
Airport ATM,26/03/2016,35,25,10,124800,112200,12600,saturday,H
KK Nagar ATM,26/03/2016,18,17,1,50500,48500,2000,saturday,H
Big Street ATM,27/03/2016,105,31,74,240300,84900,155400,sunday,H
Airport ATM,27/03/2016,13,7,6,96700,72500,24200,sunday,H
Big Street ATM,28/03/2016,55,16,39,173100,75900,97200,monday,W
Mount Road ATM,28/03/2016,19,14,5,83100,62600,20500,monday,W
Airport ATM,28/03/2016,36,26,10,330000,293700,36300,monday,W
KK Nagar ATM,28/03/2016,154,107,47,975500,725000,250500,monday,W
Christ College ATM,28/03/2016,137,76,61,592600,440500,152100,monday,W
Mount Road ATM,29/03/2016,40,20,20,103000,74300,28700,tuesday,W
Airport ATM,29/03/2016,48,30,18,191400,145000,46400,tuesday,W
KK Nagar ATM,29/03/2016,178,145,33,1191000,1017700,173300,tuesday,W
Christ College ATM,29/03/2016,109,59,50,424900,307200,117700,tuesday,W
Big Street ATM,30/03/2016,38,11,27,82200,19800,62400,wednesday,W
Mount Road ATM,30/03/2016,45,31,14,229800,195800,34000,wednesday,W
Airport ATM,30/03/2016,79,58,21,380400,305300,75100,wednesday,W
KK Nagar ATM,30/03/2016,107,86,21,715100,608400,106700,wednesday,W
Christ College ATM,30/03/2016,134,75,59,713100,463800,249300,wednesday,W
Big Street ATM,31/03/2016,105,33,72,427400,181000,246400,thursday,W
Mount Road ATM,31/03/2016,45,24,21,237100,195500,41600,thursday,W
Airport ATM,31/03/2016,94,66,28,690000,532300,157700,thursday,W
KK Nagar ATM,31/03/2016,3,3,0,1000,1000,0,thursday,W
Christ College ATM,31/03/2016,142,84,58,662700,396300,266400,thursday,W
Mount Road ATM,01/04/2016,69,35,34,295000,171300,123700,friday,W
Airport ATM,01/04/2016,19,14,5,104900,81300,23600,friday,W
KK Nagar ATM,01/04/2016,157,157,0,822200,822200,0,friday,W
Christ College ATM,01/04/2016,69,43,26,294100,196000,98100,friday,W
Big Street ATM,02/04/2016,35,7,28,129900,7900,122000,saturday,H
Mount Road ATM,02/04/2016,63,17,46,296700,161400,135300,saturday,H
Airport ATM,02/04/2016,22,15,7,79600,61800,17800,saturday,H
KK Nagar ATM,02/04/2016,117,117,0,587700,587700,0,saturday,H
Christ College ATM,02/04/2016,87,28,59,387200,147800,239400,saturday,H
Big Street ATM,03/04/2016,90,26,64,391200,154300,236900,sunday,H
Mount Road ATM,03/04/2016,16,9,7,57900,36400,21500,sunday,H
Airport ATM,03/04/2016,46,34,12,307200,256800,50400,sunday,H
KK Nagar ATM,03/04/2016,158,158,0,816000,816000,0,sunday,H
Christ College ATM,03/04/2016,164,73,91,638600,284400,354200,sunday,H
Big Street ATM,04/04/2016,111,29,82,480600,129600,351000,monday,W
Mount Road ATM,04/04/2016,47,35,12,240100,192900,47200,monday,W
Airport ATM,04/04/2016,35,28,7,288400,245800,42600,monday,W
KK Nagar ATM,04/04/2016,36,31,5,125100,111600,13500,monday,W
Christ College ATM,04/04/2016,180,53,127,982000,375700,606300,monday,W
Big Street ATM,05/04/2016,121,29,92,487100,139300,347800,tuesday,W
Mount Road ATM,05/04/2016,84,50,34,517100,404700,112400,tuesday,W
Airport ATM,05/04/2016,39,32,7,182800,163300,19500,tuesday,W
KK Nagar ATM,05/04/2016,123,93,30,875100,698100,177000,tuesday,W
Christ College ATM,05/04/2016,132,48,84,591300,254300,337000,tuesday,W
Big Street ATM,06/04/2016,134,47,87,574500,284100,290400,wednesday,W
Mount Road ATM,06/04/2016,34,23,11,200900,175300,25600,wednesday,W
Airport ATM,06/04/2016,81,62,19,499600,446200,53400,wednesday,W
KK Nagar ATM,06/04/2016,65,50,15,278700,201100,77600,wednesday,W
Christ College ATM,06/04/2016,222,101,121,1262600,617000,645600,wednesday,W
Big Street ATM,07/04/2016,122,34,88,421300,160500,260800,thursday,W
Mount Road ATM,07/04/2016,69,50,19,313600,272800,40800,thursday,W
Airport ATM,07/04/2016,42,27,15,243800,173700,70100,thursday,W
KK Nagar ATM,07/04/2016,77,53,24,540100,467300,72800,thursday,W
Christ College ATM,07/04/2016,104,57,47,455200,266800,188400,thursday,W
Big Street ATM,08/04/2016,10,6,4,10700,4400,6300,friday,H
Airport ATM,08/04/2016,37,23,14,120200,87200,33000,friday,H
KK Nagar ATM,08/04/2016,150,109,41,898800,681000,217800,friday,H
Big Street ATM,09/04/2016,104,26,78,399900,127100,272800,saturday,H
Mount Road ATM,09/04/2016,170,83,87,736400,483000,253400,saturday,H
Airport ATM,09/04/2016,132,98,34,856100,666700,189400,saturday,H
KK Nagar ATM,09/04/2016,97,61,36,682000,456000,226000,saturday,H
Big Street ATM,10/04/2016,79,19,60,217500,85800,131700,sunday,H
Mount Road ATM,10/04/2016,226,72,154,694900,266100,428800,sunday,H
Airport ATM,10/04/2016,46,33,13,281700,216200,65500,sunday,H
KK Nagar ATM,10/04/2016,120,61,59,566900,265700,301200,sunday,H
Big Street ATM,11/04/2016,150,38,112,472600,205100,267500,monday,W
Mount Road ATM,11/04/2016,114,56,58,409400,257800,151600,monday,W
Airport ATM,11/04/2016,39,28,11,177700,145800,31900,monday,W
KK Nagar ATM,11/04/2016,17,10,7,145200,85700,59500,monday,W
Christ College ATM,11/04/2016,182,63,119,827600,372400,455200,monday,W
Big Street ATM,12/04/2016,163,53,110,632300,337100,295200,tuesday,W
Mount Road ATM,12/04/2016,47,32,15,179700,114900,64800,tuesday,W
Airport ATM,12/04/2016,51,42,9,332100,313900,18200,tuesday,W
KK Nagar ATM,12/04/2016,60,45,15,350500,319100,31400,tuesday,W
Christ College ATM,12/04/2016,151,83,68,773100,518900,254200,tuesday,W
Big Street ATM,13/04/2016,142,53,89,654800,380900,273900,wednesday,W
Mount Road ATM,13/04/2016,29,14,15,89900,45500,44400,wednesday,W
Airport ATM,13/04/2016,71,51,20,475800,375200,100600,wednesday,W
KK Nagar ATM,13/04/2016,132,113,19,782100,721400,60700,wednesday,W
Christ College ATM,13/04/2016,185,75,110,1005600,536800,468800,wednesday,W
Big Street ATM,14/04/2016,45,13,32,144600,46700,97900,thursday,H
KK Nagar ATM,14/04/2016,31,23,8,169500,129500,40000,thursday,H
Christ College ATM,14/04/2016,147,37,110,348300,92800,255500,thursday,H
Mount Road ATM,15/04/2016,14,11,3,60000,47700,12300,friday,W
Airport ATM,15/04/2016,16,14,2,96800,91200,5600,friday,W
KK Nagar ATM,15/04/2016,268,179,89,1474500,1113700,360800,friday,W
Christ College ATM,15/04/2016,186,83,103,905000,502600,402400,friday,W
Big Street ATM,16/04/2016,112,40,72,452700,214100,238600,saturday,H
Mount Road ATM,16/04/2016,30,12,18,61700,19700,42000,saturday,H
Airport ATM,16/04/2016,62,51,11,405900,364300,41600,saturday,H
KK Nagar ATM,16/04/2016,147,109,38,865000,737000,128000,saturday,H
Christ College ATM,16/04/2016,161,82,79,882500,631700,250800,saturday,H
Big Street ATM,17/04/2016,118,30,88,376800,136800,240000,sunday,H
Airport ATM,17/04/2016,69,55,14,302400,286800,15600,sunday,H
KK Nagar ATM,17/04/2016,100,74,26,349300,283700,65600,sunday,H
Christ College ATM,17/04/2016,4,2,2,900,300,600,sunday,H
Big Street ATM,18/04/2016,152,62,90,643300,360400,282900,monday,W
Mount Road ATM,18/04/2016,16,11,5,60000,38200,21800,monday,W
Airport ATM,18/04/2016,63,54,9,441700,410400,31300,monday,W
KK Nagar ATM,18/04/2016,96,74,22,588400,489100,99300,monday,W
Christ College ATM,18/04/2016,99,42,57,351700,175100,176600,monday,W
Big Street ATM,19/04/2016,140,46,94,516400,267600,248800,tuesday,H
Airport ATM,19/04/2016,50,41,9,405200,351200,54000,tuesday,H
KK Nagar ATM,19/04/2016,60,45,15,329400,254800,74600,tuesday,H
Christ College ATM,19/04/2016,100,48,52,529200,268800,260400,tuesday,H
Big Street ATM,20/04/2016,133,42,91,442300,243800,198500,wednesday,W
Mount Road ATM,20/04/2016,27,17,10,60000,28200,31800,wednesday,W
Airport ATM,20/04/2016,27,19,8,203400,177500,25900,wednesday,W
KK Nagar ATM,20/04/2016,130,92,38,835800,631800,204000,wednesday,W
Christ College ATM,20/04/2016,149,68,81,629900,284800,345100,wednesday,W
Big Street ATM,21/04/2016,99,22,77,276400,85800,190600,thursday,W
Mount Road ATM,21/04/2016,18,9,9,43500,37100,6400,thursday,W
KK Nagar ATM,21/04/2016,187,151,36,1110000,949800,160200,thursday,W
Christ College ATM,21/04/2016,12,3,9,63200,26000,37200,thursday,W
Big Street ATM,22/04/2016,134,50,84,547900,245000,302900,friday,W
Mount Road ATM,22/04/2016,21,16,5,181300,145300,36000,friday,W
KK Nagar ATM,22/04/2016,77,65,12,459000,413900,45100,friday,W
Christ College ATM,22/04/2016,89,46,43,451100,271300,179800,friday,W
Big Street ATM,23/04/2016,132,29,103,448100,187900,260200,saturday,H
Mount Road ATM,23/04/2016,76,31,45,304100,168000,136100,saturday,H
KK Nagar ATM,23/04/2016,110,84,26,559000,447000,112000,saturday,H
Christ College ATM,23/04/2016,119,61,58,710700,426500,284200,saturday,H
Big Street ATM,24/04/2016,23,9,14,75200,27700,47500,sunday,H
Mount Road ATM,24/04/2016,13,4,9,35000,9500,25500,sunday,H
Christ College ATM,24/04/2016,93,32,61,318000,137000,181000,sunday,H
Big Street ATM,25/04/2016,49,18,31,236100,141200,94900,monday,W
Airport ATM,25/04/2016,31,22,9,140700,96900,43800,monday,W
KK Nagar ATM,25/04/2016,81,57,24,549900,461100,88800,monday,W
Christ College ATM,25/04/2016,108,50,58,533900,298400,235500,monday,W
Big Street ATM,26/04/2016,125,52,73,438700,259400,179300,tuesday,W
Airport ATM,26/04/2016,28,25,3,238400,229900,8500,tuesday,W
KK Nagar ATM,26/04/2016,198,147,51,1030800,806500,224300,tuesday,W
Christ College ATM,26/04/2016,102,50,52,470600,335300,135300,tuesday,W
Big Street ATM,27/04/2016,133,42,91,381400,140400,241000,wednesday,W
Mount Road ATM,27/04/2016,26,24,2,135500,129500,6000,wednesday,W
Airport ATM,27/04/2016,27,21,6,155900,121400,34500,wednesday,W
KK Nagar ATM,27/04/2016,131,103,28,838800,682000,156800,wednesday,W
Christ College ATM,27/04/2016,103,57,46,446800,319000,127800,wednesday,W
Big Street ATM,28/04/2016,100,32,68,305200,149400,155800,thursday,W
Mount Road ATM,28/04/2016,43,13,30,114200,22900,91300,thursday,W
Airport ATM,28/04/2016,69,58,11,425600,386900,38700,thursday,W
KK Nagar ATM,28/04/2016,98,78,20,495200,428200,67000,thursday,W
Christ College ATM,28/04/2016,86,31,55,328000,159600,168400,thursday,W
Big Street ATM,29/04/2016,101,31,70,306300,112800,193500,friday,W
Mount Road ATM,29/04/2016,6,6,0,33500,33500,0,friday,W
Airport ATM,29/04/2016,35,29,6,233700,210500,23200,friday,W
KK Nagar ATM,29/04/2016,158,115,43,886600,684600,202000,friday,W
Christ College ATM,29/04/2016,142,63,79,772700,451200,321500,friday,W
Big Street ATM,30/04/2016,135,49,86,494000,246000,248000,saturday,H
Airport ATM,30/04/2016,38,29,9,284700,245400,39300,saturday,H
KK Nagar ATM,30/04/2016,143,112,31,803400,685400,118000,saturday,H
Christ College ATM,30/04/2016,175,74,101,1062700,520000,542700,saturday,H
KK Nagar ATM,01/05/2016,56,42,14,187700,146500,41200,sunday,H
Christ College ATM,01/05/2016,10,5,5,23700,15000,8700,sunday,H
Big Street ATM,02/05/2016,96,43,53,395500,266000,129500,monday,W
Airport ATM,02/05/2016,21,9,12,137800,60000,77800,monday,W
KK Nagar ATM,02/05/2016,167,118,49,1145800,878700,267100,monday,W
Christ College ATM,02/05/2016,138,41,97,673900,208100,465800,monday,W
Big Street ATM,03/05/2016,102,38,64,340400,178100,162300,tuesday,W
Airport ATM,03/05/2016,9,6,3,46800,36000,10800,tuesday,W
KK Nagar ATM,03/05/2016,119,81,38,738700,530300,208400,tuesday,W
Christ College ATM,03/05/2016,121,57,64,626200,325200,301000,tuesday,W
Big Street ATM,04/05/2016,80,18,62,312600,82500,230100,wednesday,W
Mount Road ATM,04/05/2016,18,10,8,42500,29500,13000,wednesday,W
Airport ATM,04/05/2016,53,41,12,281800,257700,24100,wednesday,W
KK Nagar ATM,04/05/2016,181,143,38,1205400,973000,232400,wednesday,W
Christ College ATM,04/05/2016,129,68,61,672300,392300,280000,wednesday,W
Big Street ATM,05/05/2016,53,11,42,212700,72200,140500,thursday,W
Airport ATM,05/05/2016,22,18,4,164900,136600,28300,thursday,W
KK Nagar ATM,05/05/2016,89,79,10,706600,656800,49800,thursday,W
Christ College ATM,05/05/2016,92,50,42,521000,373100,147900,thursday,W
Big Street ATM,06/05/2016,68,25,43,258800,111300,147500,friday,W
Airport ATM,06/05/2016,12,11,1,69300,68300,1000,friday,W
KK Nagar ATM,06/05/2016,143,110,33,853400,711100,142300,friday,W
Christ College ATM,06/05/2016,141,66,75,633800,334800,299000,friday,W
Big Street ATM,07/05/2016,87,16,71,294300,49100,245200,saturday,H
Airport ATM,07/05/2016,115,94,21,626400,576000,50400,saturday,H
KK Nagar ATM,07/05/2016,50,34,16,202100,159900,42200,saturday,H
Christ College ATM,07/05/2016,155,70,85,865900,460600,405300,saturday,H
Big Street ATM,08/05/2016,148,25,123,458600,114800,343800,sunday,H
Mount Road ATM,08/05/2016,18,9,9,35500,20100,15400,sunday,H
Airport ATM,08/05/2016,87,74,13,432900,386400,46500,sunday,H
KK Nagar ATM,08/05/2016,2,2,0,20400,20400,0,sunday,H
Christ College ATM,08/05/2016,4,1,3,4500,200,4300,sunday,H
Big Street ATM,09/05/2016,149,40,109,602200,291200,311000,monday,W
Mount Road ATM,09/05/2016,35,19,16,141400,92700,48700,monday,W
Airport ATM,09/05/2016,69,57,12,411700,374200,37500,monday,W
KK Nagar ATM,09/05/2016,63,46,17,319700,275900,43800,monday,W
Christ College ATM,09/05/2016,96,43,53,485000,191600,293400,monday,W
Big Street ATM,10/05/2016,150,48,102,630200,304200,326000,tuesday,W
Mount Road ATM,10/05/2016,3,2,1,3800,3000,800,tuesday,W
Airport ATM,10/05/2016,40,25,15,228600,151900,76700,tuesday,W
KK Nagar ATM,10/05/2016,95,81,14,591500,515600,75900,tuesday,W
Christ College ATM,10/05/2016,200,54,146,934600,319400,615200,tuesday,W
Big Street ATM,11/05/2016,100,38,62,420600,267000,153600,wednesday,W
Mount Road ATM,11/05/2016,56,28,28,251700,190100,61600,wednesday,W
Airport ATM,11/05/2016,67,51,16,365900,318700,47200,wednesday,W
KK Nagar ATM,11/05/2016,73,49,24,422800,290300,132500,wednesday,W
Christ College ATM,11/05/2016,187,57,130,867800,385100,482700,wednesday,W
Big Street ATM,12/05/2016,113,46,67,319200,195000,124200,thursday,W
Mount Road ATM,12/05/2016,5,2,3,1900,1200,700,thursday,W
Airport ATM,12/05/2016,68,46,22,322400,265700,56700,thursday,W
KK Nagar ATM,12/05/2016,32,29,3,189400,182300,7100,thursday,W
Christ College ATM,12/05/2016,151,57,94,600500,308600,291900,thursday,W
Big Street ATM,13/05/2016,106,31,75,350300,109600,240700,friday,W
Mount Road ATM,13/05/2016,26,21,5,94600,85900,8700,friday,W
Airport ATM,13/05/2016,34,26,8,184600,161100,23500,friday,W
KK Nagar ATM,13/05/2016,52,41,11,262000,197600,64400,friday,W
Christ College ATM,13/05/2016,152,59,93,602200,319600,282600,friday,W
Big Street ATM,14/05/2016,110,31,79,426100,166000,260100,saturday,H
Mount Road ATM,14/05/2016,23,7,16,81600,23500,58100,saturday,H
Airport ATM,14/05/2016,14,14,0,80300,80300,0,saturday,H
KK Nagar ATM,14/05/2016,67,51,16,409800,355600,54200,saturday,H
Christ College ATM,14/05/2016,90,36,54,388300,174400,213900,saturday,H
Big Street ATM,15/05/2016,86,22,64,243900,104000,139900,sunday,H
KK Nagar ATM,15/05/2016,151,112,39,601500,468400,133100,sunday,H
Big Street ATM,16/05/2016,124,45,79,439100,199700,239400,monday,W
KK Nagar ATM,16/05/2016,134,90,44,546000,305200,240800,monday,W
Big Street ATM,17/05/2016,124,57,67,452900,361900,91000,tuesday,W
Airport ATM,17/05/2016,8,6,2,51700,48700,3000,tuesday,W
KK Nagar ATM,17/05/2016,130,96,34,603100,488000,115100,tuesday,W
Christ College ATM,17/05/2016,93,38,55,374800,188300,186500,tuesday,W
Big Street ATM,18/05/2016,100,28,72,376700,133400,243300,wednesday,W
Mount Road ATM,18/05/2016,18,11,7,18600,13400,5200,wednesday,W
Airport ATM,18/05/2016,35,27,8,218300,187800,30500,wednesday,W
KK Nagar ATM,18/05/2016,143,112,31,888300,755400,132900,wednesday,W
Christ College ATM,18/05/2016,134,52,82,553800,246600,307200,wednesday,W
Big Street ATM,19/05/2016,129,39,90,413500,125900,287600,thursday,W
Mount Road ATM,19/05/2016,2,0,2,1200,0,1200,thursday,W
Airport ATM,19/05/2016,13,10,3,83800,71300,12500,thursday,W
KK Nagar ATM,19/05/2016,69,46,23,210100,111800,98300,thursday,W
Christ College ATM,19/05/2016,124,47,77,652900,323300,329600,thursday,W
Big Street ATM,20/05/2016,154,48,106,597600,246600,351000,friday,W
Mount Road ATM,20/05/2016,22,10,12,55600,37700,17900,friday,W
Airport ATM,20/05/2016,28,24,4,115300,100800,14500,friday,W
KK Nagar ATM,20/05/2016,99,69,30,599700,488900,110800,friday,W
Christ College ATM,20/05/2016,144,48,96,607800,308300,299500,friday,W
Mount Road ATM,21/05/2016,8,6,2,5900,4900,1000,saturday,H
Airport ATM,21/05/2016,38,28,10,198200,183100,15100,saturday,H
KK Nagar ATM,21/05/2016,137,115,22,797600,708500,89100,saturday,H
Christ College ATM,21/05/2016,164,47,117,667700,201200,466500,saturday,H
Big Street ATM,22/05/2016,51,16,35,209700,117600,92100,sunday,H
Mount Road ATM,22/05/2016,1,0,1,1000,0,1000,sunday,H
Airport ATM,22/05/2016,15,13,2,90500,80000,10500,sunday,H
KK Nagar ATM,22/05/2016,106,79,27,421300,333500,87800,sunday,H
Christ College ATM,22/05/2016,53,10,43,225800,33200,192600,sunday,H
Big Street ATM,23/05/2016,89,28,61,342000,178900,163100,monday,W
Mount Road ATM,23/05/2016,36,14,22,87500,41500,46000,monday,W
KK Nagar ATM,23/05/2016,121,89,32,793400,628300,165100,monday,W
Christ College ATM,23/05/2016,48,26,22,207900,145600,62300,monday,W
Big Street ATM,24/05/2016,85,37,48,475200,300000,175200,tuesday,W
Mount Road ATM,24/05/2016,75,43,32,304000,207000,97000,tuesday,W
KK Nagar ATM,24/05/2016,132,87,45,613600,403700,209900,tuesday,W
Christ College ATM,24/05/2016,12,9,3,61600,48100,13500,tuesday,W
Big Street ATM,25/05/2016,127,49,78,456400,248200,208200,wednesday,W
Mount Road ATM,25/05/2016,46,24,22,256500,183000,73500,wednesday,W
KK Nagar ATM,25/05/2016,110,94,16,794100,754000,40100,wednesday,W
Christ College ATM,25/05/2016,64,33,31,295400,195600,99800,wednesday,W
Big Street ATM,26/05/2016,118,25,93,337600,87400,250200,thursday,W
Mount Road ATM,26/05/2016,36,18,18,172500,86000,86500,thursday,W
KK Nagar ATM,26/05/2016,155,118,37,1034500,849300,185200,thursday,W
Christ College ATM,26/05/2016,105,44,61,567800,271900,295900,thursday,W
Big Street ATM,27/05/2016,86,35,51,321300,190100,131200,friday,W
Mount Road ATM,27/05/2016,47,25,22,185500,118500,67000,friday,W
KK Nagar ATM,27/05/2016,77,55,22,484500,396500,88000,friday,W
Christ College ATM,27/05/2016,101,46,55,494200,264200,230000,friday,W
Big Street ATM,28/05/2016,79,34,45,294200,145400,148800,saturday,H
KK Nagar ATM,28/05/2016,137,83,54,796800,462800,334000,saturday,H
Christ College ATM,28/05/2016,100,45,55,416800,233400,183400,saturday,H
Big Street ATM,29/05/2016,125,46,79,485800,272800,213000,sunday,H
KK Nagar ATM,29/05/2016,90,69,21,435800,351000,84800,sunday,H
Big Street ATM,30/05/2016,107,34,73,434900,169000,265900,monday,W
Airport ATM,30/05/2016,18,13,5,80500,40500,40000,monday,W
KK Nagar ATM,30/05/2016,96,73,23,652300,533500,118800,monday,W
Christ College ATM,30/05/2016,124,51,73,669500,341200,328300,monday,W
Big Street ATM,31/05/2016,142,43,99,555000,210100,344900,tuesday,W
KK Nagar ATM,31/05/2016,16,10,6,29600,12600,17000,tuesday,W
Christ College ATM,31/05/2016,158,90,68,811000,504600,306400,tuesday,W
Big Street ATM,01/06/2016,171,41,130,796800,258500,538300,wednesday,W
Mount Road ATM,01/06/2016,15,15,0,105100,105100,0,wednesday,W
KK Nagar ATM,01/06/2016,174,123,51,835900,587300,248600,wednesday,W
Christ College ATM,01/06/2016,173,59,114,999100,351100,648000,wednesday,W
Big Street ATM,02/06/2016,157,39,118,728200,173900,554300,thursday,W
Mount Road ATM,02/06/2016,82,73,9,558800,527300,31500,thursday,W
KK Nagar ATM,02/06/2016,67,46,21,294200,208800,85400,thursday,W
Christ College ATM,02/06/2016,198,79,119,1214200,562200,652000,thursday,W
Big Street ATM,03/06/2016,167,59,108,562800,270600,292200,friday,W
Mount Road ATM,03/06/2016,1,1,0,3500,3500,0,friday,W
Airport ATM,03/06/2016,3,3,0,2600,2600,0,friday,W
KK Nagar ATM,03/06/2016,63,47,16,280000,212800,67200,friday,W
Christ College ATM,03/06/2016,98,45,53,501800,266600,235200,friday,W
Big Street ATM,04/06/2016,160,44,116,661600,203900,457700,saturday,H
Mount Road ATM,04/06/2016,19,19,0,145500,145500,0,saturday,H
KK Nagar ATM,04/06/2016,110,69,41,508000,369800,138200,saturday,H
Christ College ATM,04/06/2016,130,57,73,754300,365500,388800,saturday,H
Big Street ATM,05/06/2016,173,39,134,670700,156100,514600,sunday,H
Mount Road ATM,05/06/2016,11,11,0,60600,60600,0,sunday,H
KK Nagar ATM,05/06/2016,126,92,34,644500,445800,198700,sunday,H
Christ College ATM,05/06/2016,165,70,95,644500,285600,358900,sunday,H
Big Street ATM,06/06/2016,150,40,110,627500,255800,371700,monday,W
Mount Road ATM,06/06/2016,2,2,0,700,700,0,monday,W
Airport ATM,06/06/2016,4,3,1,21900,21000,900,monday,W
KK Nagar ATM,06/06/2016,132,100,32,848900,680400,168500,monday,W
Christ College ATM,06/06/2016,48,18,30,193100,105500,87600,monday,W
Big Street ATM,07/06/2016,127,40,87,488800,152400,336400,tuesday,W
KK Nagar ATM,07/06/2016,129,97,32,773500,665600,107900,tuesday,W
Christ College ATM,07/06/2016,65,39,26,411600,295900,115700,tuesday,W
Big Street ATM,08/06/2016,163,43,120,697100,262000,435100,wednesday,W
KK Nagar ATM,08/06/2016,72,60,12,324500,291100,33400,wednesday,W
Christ College ATM,08/06/2016,181,93,88,919000,631200,287800,wednesday,W
Big Street ATM,09/06/2016,167,50,117,702400,293200,409200,thursday,W
KK Nagar ATM,09/06/2016,57,42,15,231500,184500,47000,thursday,W
Christ College ATM,09/06/2016,160,68,92,915700,522000,393700,thursday,W
Big Street ATM,10/06/2016,115,23,92,412000,145700,266300,friday,W
Mount Road ATM,10/06/2016,28,18,10,77500,47000,30500,friday,W
Airport ATM,10/06/2016,34,29,5,127100,123700,3400,friday,W
KK Nagar ATM,10/06/2016,69,55,14,350200,285400,64800,friday,W
Christ College ATM,10/06/2016,146,64,82,642600,353400,289200,friday,W
Big Street ATM,11/06/2016,96,23,73,355900,120300,235600,saturday,H
Airport ATM,11/06/2016,79,58,21,524800,442100,82700,saturday,H
KK Nagar ATM,11/06/2016,95,69,26,550800,416300,134500,saturday,H
Christ College ATM,11/06/2016,14,7,7,61500,28500,33000,saturday,H
Big Street ATM,12/06/2016,121,30,91,437500,190400,247100,sunday,H
Airport ATM,12/06/2016,29,20,9,152300,135400,16900,sunday,H
KK Nagar ATM,12/06/2016,131,99,32,502100,412300,89800,sunday,H
Big Street ATM,13/06/2016,124,45,79,431800,242700,189100,monday,W
Mount Road ATM,13/06/2016,27,19,8,133000,118500,14500,monday,W
Airport ATM,13/06/2016,41,26,15,220200,150500,69700,monday,W
KK Nagar ATM,13/06/2016,96,65,31,528900,423200,105700,monday,W
Christ College ATM,13/06/2016,144,73,71,663800,368900,294900,monday,W
Big Street ATM,14/06/2016,104,43,61,436200,277600,158600,tuesday,W
Mount Road ATM,14/06/2016,5,4,1,28000,18000,10000,tuesday,W
Airport ATM,14/06/2016,51,40,11,301600,279100,22500,tuesday,W
KK Nagar ATM,14/06/2016,41,27,14,277200,232500,44700,tuesday,W
Christ College ATM,14/06/2016,136,74,62,718800,470600,248200,tuesday,W
Big Street ATM,15/06/2016,131,39,92,499300,196600,302700,wednesday,W
Mount Road ATM,15/06/2016,10,10,0,50800,50800,0,wednesday,W
Airport ATM,15/06/2016,63,45,18,276800,216000,60800,wednesday,W
KK Nagar ATM,15/06/2016,47,35,12,291500,231100,60400,wednesday,W
Christ College ATM,15/06/2016,138,69,69,743600,459900,283700,wednesday,W
Big Street ATM,16/06/2016,117,32,85,386200,157200,229000,thursday,W
Mount Road ATM,16/06/2016,20,17,3,181400,152400,29000,thursday,W
Airport ATM,16/06/2016,71,54,17,387600,319300,68300,thursday,W
KK Nagar ATM,16/06/2016,89,65,24,574600,486600,88000,thursday,W
Christ College ATM,16/06/2016,175,80,95,869500,495700,373800,thursday,W
Big Street ATM,17/06/2016,114,24,90,371300,105700,265600,friday,W
Mount Road ATM,17/06/2016,29,12,17,93500,37000,56500,friday,W
Airport ATM,17/06/2016,58,44,14,267300,251000,16300,friday,W
KK Nagar ATM,17/06/2016,109,83,26,895100,778400,116700,friday,W
Christ College ATM,17/06/2016,103,50,53,538400,363000,175400,friday,W
Big Street ATM,18/06/2016,119,28,91,312900,107400,205500,saturday,H
Mount Road ATM,18/06/2016,6,3,3,84000,55000,29000,saturday,H
Airport ATM,18/06/2016,50,42,8,317000,295500,21500,saturday,H
KK Nagar ATM,18/06/2016,132,104,28,712500,588600,123900,saturday,H
Christ College ATM,18/06/2016,149,81,68,765500,435800,329700,saturday,H
Big Street ATM,19/06/2016,127,26,101,368400,57600,310800,sunday,H
Airport ATM,19/06/2016,52,45,7,311600,294500,17100,sunday,H
KK Nagar ATM,19/06/2016,139,112,27,517300,384100,133200,sunday,H
Christ College ATM,19/06/2016,124,44,80,615500,303100,312400,sunday,H
Big Street ATM,20/06/2016,103,27,76,345500,150600,194900,monday,W
Airport ATM,20/06/2016,75,62,13,457200,404500,52700,monday,W
KK Nagar ATM,20/06/2016,83,61,22,580700,472900,107800,monday,W
Christ College ATM,20/06/2016,137,77,60,762800,482600,280200,monday,W
Big Street ATM,21/06/2016,112,36,76,418400,183600,234800,tuesday,W
Airport ATM,21/06/2016,43,32,11,194900,169900,25000,tuesday,W
KK Nagar ATM,21/06/2016,93,64,29,576100,428500,147600,tuesday,W
Christ College ATM,21/06/2016,121,64,57,564800,372000,192800,tuesday,W
Big Street ATM,22/06/2016,114,35,79,470600,256600,214000,wednesday,W
Airport ATM,22/06/2016,22,12,10,120600,70900,49700,wednesday,W
KK Nagar ATM,22/06/2016,124,95,29,752700,642700,110000,wednesday,W
Christ College ATM,22/06/2016,101,59,42,605100,442800,162300,wednesday,W
Big Street ATM,23/06/2016,116,39,77,440000,202000,238000,thursday,W
Airport ATM,23/06/2016,46,33,13,187500,124800,62700,thursday,W
KK Nagar ATM,23/06/2016,108,66,42,621100,405800,215300,thursday,W
Christ College ATM,23/06/2016,125,70,55,612800,454200,158600,thursday,W
Big Street ATM,24/06/2016,90,22,68,302900,127300,175600,friday,W
Airport ATM,24/06/2016,45,37,8,217800,188100,29700,friday,W
KK Nagar ATM,24/06/2016,99,76,23,684300,572000,112300,friday,W
Christ College ATM,24/06/2016,135,71,64,681600,447600,234000,friday,W
Big Street ATM,25/06/2016,62,21,41,191000,70600,120400,saturday,H
Mount Road ATM,25/06/2016,22,13,9,100000,73500,26500,saturday,H
Airport ATM,25/06/2016,51,39,12,230400,188500,41900,saturday,H
KK Nagar ATM,25/06/2016,90,68,22,533800,452400,81400,saturday,H
Christ College ATM,25/06/2016,140,83,57,862300,696500,165800,saturday,H
Big Street ATM,26/06/2016,119,28,91,384400,133100,251300,sunday,H
Airport ATM,26/06/2016,51,36,15,170700,135600,35100,sunday,H
KK Nagar ATM,26/06/2016,145,95,50,615800,392900,222900,sunday,H
Christ College ATM,26/06/2016,122,45,77,447200,150700,296500,sunday,H
Big Street ATM,27/06/2016,92,33,59,354500,182300,172200,monday,W
Airport ATM,27/06/2016,110,82,28,688600,585900,102700,monday,W
KK Nagar ATM,27/06/2016,25,16,9,103500,69700,33800,monday,W
Christ College ATM,27/06/2016,125,67,58,614600,442800,171800,monday,W
Big Street ATM,28/06/2016,66,22,44,258200,153500,104700,tuesday,W
Mount Road ATM,28/06/2016,15,6,9,43000,15000,28000,tuesday,W
Airport ATM,28/06/2016,23,18,5,148300,131700,16600,tuesday,W
KK Nagar ATM,28/06/2016,101,82,19,666600,577300,89300,tuesday,W
Christ College ATM,28/06/2016,125,68,57,519400,367200,152200,tuesday,W
Big Street ATM,29/06/2016,96,28,68,398300,184900,213400,wednesday,W
Mount Road ATM,29/06/2016,1,1,0,2500,2500,0,wednesday,W
Airport ATM,29/06/2016,36,29,7,211200,162000,49200,wednesday,W
KK Nagar ATM,29/06/2016,97,79,18,675500,636200,39300,wednesday,W
Christ College ATM,29/06/2016,129,49,80,649100,346200,302900,wednesday,W
Big Street ATM,30/06/2016,27,11,16,103800,61800,42000,thursday,W
Airport ATM,30/06/2016,98,72,26,561300,469200,92100,thursday,W
KK Nagar ATM,30/06/2016,69,50,19,489400,398000,91400,thursday,W
Christ College ATM,30/06/2016,136,69,67,648900,397300,251600,thursday,W
Big Street ATM,01/07/2016,42,15,27,205300,102900,102400,friday,W
Airport ATM,01/07/2016,44,36,8,369700,337200,32500,friday,W
KK Nagar ATM,01/07/2016,103,75,28,602900,475000,127900,friday,W
Christ College ATM,01/07/2016,165,66,99,1155400,524400,631000,friday,W
Big Street ATM,02/07/2016,75,16,59,285100,72100,213000,saturday,H
Airport ATM,02/07/2016,23,19,4,175400,148300,27100,saturday,H
KK Nagar ATM,02/07/2016,132,96,36,851600,677200,174400,saturday,H
Christ College ATM,02/07/2016,202,55,147,1056900,342500,714400,saturday,H
Big Street ATM,03/07/2016,126,27,99,508100,171400,336700,sunday,H
Airport ATM,03/07/2016,38,28,10,244300,188800,55500,sunday,H
KK Nagar ATM,03/07/2016,109,78,31,594700,475100,119600,sunday,H
Big Street ATM,04/07/2016,92,24,68,458900,194300,264600,monday,W
Mount Road ATM,04/07/2016,20,12,8,80500,67500,13000,monday,W
Airport ATM,04/07/2016,57,43,14,395600,336300,59300,monday,W
KK Nagar ATM,04/07/2016,105,74,31,610400,417000,193400,monday,W
Christ College ATM,04/07/2016,187,81,106,1007800,486900,520900,monday,W
Big Street ATM,05/07/2016,60,20,40,160000,69700,90300,tuesday,W
Mount Road ATM,05/07/2016,84,44,40,531000,357500,173500,tuesday,W
Airport ATM,05/07/2016,38,25,13,151000,98700,52300,tuesday,W
KK Nagar ATM,05/07/2016,98,74,24,673900,547000,126900,tuesday,W
Christ College ATM,05/07/2016,164,86,78,765800,462800,303000,tuesday,W
Mount Road ATM,06/07/2016,13,9,4,52500,47500,5000,wednesday,W
Airport ATM,06/07/2016,51,38,13,332300,276600,55700,wednesday,W
KK Nagar ATM,06/07/2016,90,67,23,593800,502700,91100,wednesday,W
Christ College ATM,06/07/2016,184,80,104,1207600,633400,574200,wednesday,W
Big Street ATM,07/07/2016,79,20,59,289400,89300,200100,thursday,H
Mount Road ATM,07/07/2016,66,23,43,252000,117000,135000,thursday,H
KK Nagar ATM,07/07/2016,164,126,38,1165800,991100,174700,thursday,H
Christ College ATM,07/07/2016,184,61,123,762700,313200,449500,thursday,H
Big Street ATM,08/07/2016,49,18,31,232600,117400,115200,friday,W
Mount Road ATM,08/07/2016,1,0,1,500,0,500,friday,W
Airport ATM,08/07/2016,47,35,12,240200,167400,72800,friday,W
KK Nagar ATM,08/07/2016,116,90,26,581700,487800,93900,friday,W
Christ College ATM,08/07/2016,189,77,112,1062900,547800,515100,friday,W
Big Street ATM,09/07/2016,138,36,102,402200,141400,260800,saturday,H
Airport ATM,09/07/2016,55,36,19,448300,351800,96500,saturday,H
KK Nagar ATM,09/07/2016,6,6,0,33600,33600,0,saturday,H
Christ College ATM,09/07/2016,121,61,60,745300,447300,298000,saturday,H
Big Street ATM,10/07/2016,142,33,109,502000,155600,346400,sunday,H
Airport ATM,10/07/2016,24,21,3,107900,95400,12500,sunday,H
KK Nagar ATM,10/07/2016,146,117,29,714300,587700,126600,sunday,H
Big Street ATM,11/07/2016,117,32,85,477900,226100,251800,monday,W
Mount Road ATM,11/07/2016,12,7,5,94500,68500,26000,monday,W
KK Nagar ATM,11/07/2016,53,36,17,279500,198300,81200,monday,W
Christ College ATM,11/07/2016,130,55,75,556800,306500,250300,monday,W
Big Street ATM,12/07/2016,127,47,80,609600,341600,268000,tuesday,W
Mount Road ATM,12/07/2016,39,23,16,265500,192000,73500,tuesday,W
KK Nagar ATM,12/07/2016,36,30,6,274200,247500,26700,tuesday,W
Christ College ATM,12/07/2016,120,75,45,585100,454100,131000,tuesday,W
Big Street ATM,13/07/2016,78,17,61,268800,45600,223200,wednesday,W
Mount Road ATM,13/07/2016,1,1,0,500,500,0,wednesday,W
KK Nagar ATM,13/07/2016,15,11,4,36600,20900,15700,wednesday,W
Christ College ATM,13/07/2016,227,90,137,1031200,539200,492000,wednesday,W
Big Street ATM,14/07/2016,134,58,76,516300,333400,182900,thursday,W
KK Nagar ATM,14/07/2016,2,2,0,14700,14700,0,thursday,W
Christ College ATM,14/07/2016,165,54,111,922500,377300,545200,thursday,W
Big Street ATM,15/07/2016,133,30,103,425400,159700,265700,friday,W
KK Nagar ATM,15/07/2016,62,46,16,292500,222200,70300,friday,W
Christ College ATM,15/07/2016,152,72,80,783700,465200,318500,friday,W
Big Street ATM,16/07/2016,67,17,50,241800,59200,182600,saturday,H
KK Nagar ATM,16/07/2016,48,25,23,230200,140000,90200,saturday,H
Christ College ATM,16/07/2016,132,65,67,780300,477100,303200,saturday,H
Big Street ATM,17/07/2016,8,3,5,32700,4700,28000,sunday,H
Mount Road ATM,17/07/2016,38,15,23,98000,60000,38000,sunday,H
KK Nagar ATM,17/07/2016,6,5,1,21100,20600,500,sunday,H
Christ College ATM,17/07/2016,123,68,55,434200,317700,116500,sunday,H
Big Street ATM,18/07/2016,81,26,55,315400,117600,197800,monday,W
Mount Road ATM,18/07/2016,86,64,22,420400,341400,79000,monday,W
Airport ATM,18/07/2016,34,25,9,159300,140500,18800,monday,W
KK Nagar ATM,18/07/2016,52,42,10,193600,175100,18500,monday,W
Christ College ATM,18/07/2016,192,58,134,974100,440800,533300,monday,W
Big Street ATM,19/07/2016,90,27,63,322500,161500,161000,tuesday,W
Mount Road ATM,19/07/2016,91,60,31,481900,388400,93500,tuesday,W
Airport ATM,19/07/2016,74,61,13,431800,380700,51100,tuesday,W
KK Nagar ATM,19/07/2016,108,83,25,629600,492600,137000,tuesday,W
Christ College ATM,19/07/2016,195,77,118,961200,494500,466700,tuesday,W
Big Street ATM,20/07/2016,100,25,75,327800,147600,180200,wednesday,W
Mount Road ATM,20/07/2016,91,59,32,419000,327500,91500,wednesday,W
Airport ATM,20/07/2016,55,47,8,308700,303100,5600,wednesday,W
KK Nagar ATM,20/07/2016,86,69,17,458700,397300,61400,wednesday,W
Christ College ATM,20/07/2016,163,62,101,818800,425800,393000,wednesday,W
Big Street ATM,21/07/2016,47,15,32,113500,64700,48800,thursday,W
Mount Road ATM,21/07/2016,19,5,14,45500,6500,39000,thursday,W
Airport ATM,21/07/2016,7,6,1,19700,12700,7000,thursday,W
KK Nagar ATM,21/07/2016,47,35,12,221600,164600,57000,thursday,W
Christ College ATM,21/07/2016,168,74,94,593300,306100,287200,thursday,W
Big Street ATM,22/07/2016,68,20,48,202300,89300,113000,friday,W
Mount Road ATM,22/07/2016,78,52,26,440100,346600,93500,friday,W
Airport ATM,22/07/2016,54,41,13,300100,254800,45300,friday,W
KK Nagar ATM,22/07/2016,57,41,16,275400,214300,61100,friday,W
Christ College ATM,22/07/2016,138,76,62,665300,501100,164200,friday,W
Big Street ATM,23/07/2016,24,9,15,41800,20700,21100,saturday,H
Mount Road ATM,23/07/2016,115,59,56,455000,291500,163500,saturday,H
Airport ATM,23/07/2016,49,39,10,378200,342300,35900,saturday,H
KK Nagar ATM,23/07/2016,98,59,39,478500,235100,243400,saturday,H
Christ College ATM,23/07/2016,147,75,72,735500,451400,284100,saturday,H
Mount Road ATM,24/07/2016,119,47,72,473000,273000,200000,sunday,H
Airport ATM,24/07/2016,25,17,8,81500,57800,23700,sunday,H
KK Nagar ATM,24/07/2016,36,27,9,145600,98000,47600,sunday,H
Christ College ATM,24/07/2016,72,45,27,98400,53900,44500,sunday,H
Mount Road ATM,25/07/2016,156,107,49,935500,796500,139000,monday,W
Airport ATM,25/07/2016,49,37,12,356700,325900,30800,monday,W
KK Nagar ATM,25/07/2016,64,50,14,351800,298800,53000,monday,W
Christ College ATM,25/07/2016,128,48,80,535600,321700,213900,monday,W
Mount Road ATM,26/07/2016,106,55,51,501000,351000,150000,tuesday,W
Airport ATM,26/07/2016,35,27,8,270800,240100,30700,tuesday,W
KK Nagar ATM,26/07/2016,41,30,11,280600,220700,59900,tuesday,W
Christ College ATM,26/07/2016,117,49,68,360400,195300,165100,tuesday,W
Mount Road ATM,27/07/2016,35,20,15,218500,164000,54500,wednesday,W
Airport ATM,27/07/2016,72,52,20,395200,345300,49900,wednesday,W
KK Nagar ATM,27/07/2016,27,23,4,154900,138900,16000,wednesday,W
Christ College ATM,27/07/2016,138,64,74,626700,336400,290300,wednesday,W
Mount Road ATM,28/07/2016,14,11,3,26000,20500,5500,thursday,W
Airport ATM,28/07/2016,42,36,6,308700,277000,31700,thursday,W
KK Nagar ATM,28/07/2016,32,25,7,228100,183300,44800,thursday,W
Christ College ATM,28/07/2016,67,33,34,264300,172500,91800,thursday,W
Big Street ATM,29/07/2016,67,16,51,197100,66400,130700,friday,W
Mount Road ATM,29/07/2016,38,21,17,155000,107000,48000,friday,W
Airport ATM,29/07/2016,55,43,12,336900,289800,47100,friday,W
KK Nagar ATM,29/07/2016,50,41,9,292000,266700,25300,friday,W
Christ College ATM,29/07/2016,100,54,46,460100,317100,143000,friday,W
Big Street ATM,30/07/2016,46,6,40,192600,35900,156700,saturday,H
Mount Road ATM,30/07/2016,120,45,75,638000,317000,321000,saturday,H
Airport ATM,30/07/2016,39,27,12,204600,147700,56900,saturday,H
Christ College ATM,30/07/2016,209,39,170,994100,234300,759800,saturday,H
Big Street ATM,31/07/2016,107,26,81,326800,74200,252600,sunday,H
Mount Road ATM,31/07/2016,157,47,110,570000,263000,307000,sunday,H
Christ College ATM,31/07/2016,109,41,68,399600,222000,177600,sunday,H
Big Street ATM,01/08/2016,119,36,83,428100,171000,257100,monday,W
Mount Road ATM,01/08/2016,38,18,20,191000,118500,72500,monday,W
Christ College ATM,01/08/2016,108,59,49,479100,250800,228300,monday,W
Big Street ATM,02/08/2016,147,29,118,562700,169100,393600,tuesday,W
Mount Road ATM,02/08/2016,11,10,1,88500,81000,7500,tuesday,W
Christ College ATM,02/08/2016,101,39,62,419000,174500,244500,tuesday,W
Big Street ATM,03/08/2016,106,34,72,443800,155500,288300,wednesday,W
Mount Road ATM,03/08/2016,38,13,25,138000,69500,68500,wednesday,W
KK Nagar ATM,03/08/2016,32,25,7,217000,187500,29500,wednesday,W
Christ College ATM,03/08/2016,201,103,98,1165100,717100,448000,wednesday,W
Big Street ATM,04/08/2016,63,17,46,229200,48900,180300,thursday,W
Mount Road ATM,04/08/2016,87,21,66,374000,98500,275500,thursday,W
KK Nagar ATM,04/08/2016,38,30,8,208600,184400,24200,thursday,W
Christ College ATM,04/08/2016,148,98,50,871300,667700,203600,thursday,W
Big Street ATM,05/08/2016,109,25,84,469300,169900,299400,friday,W
Mount Road ATM,05/08/2016,62,25,37,317800,187800,130000,friday,W
Airport ATM,05/08/2016,17,12,5,19300,12700,6600,friday,W
KK Nagar ATM,05/08/2016,39,26,13,198800,156300,42500,friday,W
Christ College ATM,05/08/2016,172,79,93,994300,553200,441100,friday,W
Big Street ATM,06/08/2016,169,36,133,607300,157300,450000,saturday,H
Mount Road ATM,06/08/2016,134,37,97,513000,201500,311500,saturday,H
Airport ATM,06/08/2016,84,68,16,577600,533900,43700,saturday,H
KK Nagar ATM,06/08/2016,53,34,19,302000,218000,84000,saturday,H
Christ College ATM,06/08/2016,262,96,166,1322800,513800,809000,saturday,H
Big Street ATM,07/08/2016,145,28,117,450400,88800,361600,sunday,H
Mount Road ATM,07/08/2016,155,30,125,452000,167500,284500,sunday,H
Airport ATM,07/08/2016,19,14,5,150800,134800,16000,sunday,H
KK Nagar ATM,07/08/2016,71,55,16,305600,240900,64700,sunday,H
Big Street ATM,08/08/2016,125,31,94,492700,166500,326200,monday,W
Mount Road ATM,08/08/2016,47,15,32,252000,116000,136000,monday,W
Airport ATM,08/08/2016,29,21,8,172600,136500,36100,monday,W
KK Nagar ATM,08/08/2016,44,38,6,176300,149900,26400,monday,W
Christ College ATM,08/08/2016,55,33,22,301000,229800,71200,monday,W
Big Street ATM,09/08/2016,99,39,60,518300,265300,253000,tuesday,W
Mount Road ATM,09/08/2016,96,58,38,546500,401500,145000,tuesday,W
Airport ATM,09/08/2016,15,13,2,141100,129600,11500,tuesday,W
KK Nagar ATM,09/08/2016,57,47,10,223300,204300,19000,tuesday,W
Christ College ATM,09/08/2016,147,71,76,679800,387500,292300,tuesday,W
Big Street ATM,10/08/2016,71,24,47,299600,145700,153900,wednesday,W
Mount Road ATM,10/08/2016,75,37,38,436000,271500,164500,wednesday,W
Airport ATM,10/08/2016,28,24,4,281300,262300,19000,wednesday,W
KK Nagar ATM,10/08/2016,105,68,37,717200,555300,161900,wednesday,W
Christ College ATM,10/08/2016,151,79,72,679500,452500,227000,wednesday,W
Big Street ATM,11/08/2016,69,24,45,280500,143100,137400,thursday,W
Mount Road ATM,11/08/2016,89,53,36,361000,239000,122000,thursday,W
KK Nagar ATM,11/08/2016,35,29,6,189000,147800,41200,thursday,W
Christ College ATM,11/08/2016,165,87,78,909400,568800,340600,thursday,W
Big Street ATM,12/08/2016,98,34,64,439300,220900,218400,friday,W
Mount Road ATM,12/08/2016,88,30,58,366000,157000,209000,friday,W
KK Nagar ATM,12/08/2016,51,35,16,365900,298100,67800,friday,W
Christ College ATM,12/08/2016,119,56,63,757100,478400,278700,friday,W
Big Street ATM,13/08/2016,138,36,102,433500,110800,322700,saturday,H
Mount Road ATM,13/08/2016,99,37,62,448000,259000,189000,saturday,H
Airport ATM,13/08/2016,23,17,6,162400,134600,27800,saturday,H
Christ College ATM,13/08/2016,175,74,101,929500,536600,392900,saturday,H
Big Street ATM,14/08/2016,133,37,96,415500,165600,249900,sunday,H
Mount Road ATM,14/08/2016,91,19,72,326500,73500,253000,sunday,H
Airport ATM,14/08/2016,51,36,15,206800,163700,43100,sunday,H
KK Nagar ATM,14/08/2016,45,35,10,257300,194500,62800,sunday,H
Christ College ATM,14/08/2016,110,49,61,385000,165900,219100,sunday,H
Big Street ATM,15/08/2016,150,25,125,383700,54700,329000,monday,H
Mount Road ATM,15/08/2016,2,2,0,3500,3500,0,monday,H
Airport ATM,15/08/2016,38,26,12,200500,157100,43400,monday,H
KK Nagar ATM,15/08/2016,1,1,0,300,300,0,monday,H
Christ College ATM,15/08/2016,115,42,73,456600,210500,246100,monday,H
Big Street ATM,16/08/2016,126,33,93,477000,162500,314500,tuesday,W
Mount Road ATM,16/08/2016,23,13,10,109500,73500,36000,tuesday,W
Airport ATM,16/08/2016,53,40,13,388300,327000,61300,tuesday,W
KK Nagar ATM,16/08/2016,50,39,11,307300,269800,37500,tuesday,W
Christ College ATM,16/08/2016,105,55,50,543200,387600,155600,tuesday,W
Big Street ATM,17/08/2016,83,22,61,231700,70600,161100,wednesday,W
Mount Road ATM,17/08/2016,14,11,3,94500,91000,3500,wednesday,W
Airport ATM,17/08/2016,92,70,22,502000,399000,103000,wednesday,W
KK Nagar ATM,17/08/2016,14,10,4,90000,81700,8300,wednesday,W
Christ College ATM,17/08/2016,87,51,36,529000,383500,145500,wednesday,W
Big Street ATM,18/08/2016,151,36,115,637300,207300,430000,thursday,W
Mount Road ATM,18/08/2016,24,15,9,118500,86500,32000,thursday,W
Airport ATM,18/08/2016,55,43,12,426000,381500,44500,thursday,W
Christ College ATM,18/08/2016,62,29,33,259600,157200,102400,thursday,W
Big Street ATM,19/08/2016,131,37,94,451900,145700,306200,friday,W
Mount Road ATM,19/08/2016,19,8,11,43000,18500,24500,friday,W
Airport ATM,19/08/2016,40,35,5,265300,258300,7000,friday,W
Christ College ATM,19/08/2016,129,65,64,799000,497000,302000,friday,W
Big Street ATM,20/08/2016,129,35,94,447200,210900,236300,saturday,H
Mount Road ATM,20/08/2016,11,11,0,55500,55500,0,saturday,H
Airport ATM,20/08/2016,53,43,10,397100,343800,53300,saturday,H
Christ College ATM,20/08/2016,164,76,88,843100,552100,291000,saturday,H
Big Street ATM,21/08/2016,99,27,72,392800,166500,226300,sunday,H
Mount Road ATM,21/08/2016,34,18,16,127300,105300,22000,sunday,H
Christ College ATM,21/08/2016,115,53,62,474100,259000,215100,sunday,H
Big Street ATM,22/08/2016,59,11,48,177900,60900,117000,monday,W
Mount Road ATM,22/08/2016,21,11,10,123000,96500,26500,monday,W
Airport ATM,22/08/2016,1,1,0,500,500,0,monday,W
Christ College ATM,22/08/2016,126,41,85,547800,218800,329000,monday,W
Big Street ATM,23/08/2016,107,29,78,418000,107700,310300,tuesday,W
Mount Road ATM,23/08/2016,55,19,36,273000,171000,102000,tuesday,W
Airport ATM,23/08/2016,74,55,19,344200,282500,61700,tuesday,W
Christ College ATM,23/08/2016,139,56,83,553500,305200,248300,tuesday,W
Big Street ATM,24/08/2016,122,37,85,420400,151100,269300,wednesday,W
Mount Road ATM,24/08/2016,71,42,29,348000,228000,120000,wednesday,W
Airport ATM,24/08/2016,71,59,12,450100,411100,39000,wednesday,W
Christ College ATM,24/08/2016,114,57,57,604100,395300,208800,wednesday,W
Big Street ATM,25/08/2016,135,37,98,376500,127300,249200,thursday,H
Mount Road ATM,25/08/2016,151,73,78,714500,480500,234000,thursday,H
Airport ATM,25/08/2016,25,22,3,206400,199200,7200,thursday,H
Christ College ATM,25/08/2016,130,63,67,655100,398000,257100,thursday,H
Big Street ATM,26/08/2016,116,40,76,407900,200000,207900,friday,W
Mount Road ATM,26/08/2016,15,11,4,102500,80000,22500,friday,W
Airport ATM,26/08/2016,61,49,12,395300,350700,44600,friday,W
KK Nagar ATM,26/08/2016,1,1,0,100,100,0,friday,W
Christ College ATM,26/08/2016,123,46,77,567500,315000,252500,friday,W
Big Street ATM,27/08/2016,125,31,94,394900,155100,239800,saturday,H
Airport ATM,27/08/2016,97,73,24,550900,456800,94100,saturday,H
KK Nagar ATM,27/08/2016,23,10,13,71900,30600,41300,saturday,H
Christ College ATM,27/08/2016,112,55,57,554800,377500,177300,saturday,H
Big Street ATM,28/08/2016,135,31,104,352600,106000,246600,sunday,H
Mount Road ATM,28/08/2016,118,14,104,293000,75000,218000,sunday,H
Airport ATM,28/08/2016,81,57,24,327500,237000,90500,sunday,H
KK Nagar ATM,28/08/2016,1,1,0,11000,11000,0,sunday,H
Christ College ATM,28/08/2016,93,31,62,287600,152200,135400,sunday,H
Big Street ATM,29/08/2016,141,36,105,425300,127500,297800,monday,W
Mount Road ATM,29/08/2016,14,6,8,60000,10000,50000,monday,W
Airport ATM,29/08/2016,6,4,2,28600,28000,600,monday,W
KK Nagar ATM,29/08/2016,52,40,12,298800,242100,56700,monday,W
Christ College ATM,29/08/2016,147,66,81,548300,267100,281200,monday,W
Big Street ATM,30/08/2016,136,37,99,476200,199300,276900,tuesday,W
Mount Road ATM,30/08/2016,20,13,7,91700,81200,10500,tuesday,W
KK Nagar ATM,30/08/2016,35,31,4,131300,118300,13000,tuesday,W
Christ College ATM,30/08/2016,111,67,44,561600,421300,140300,tuesday,W
Big Street ATM,31/08/2016,143,41,102,554700,224900,329800,wednesday,W
Mount Road ATM,31/08/2016,75,38,37,449500,261500,188000,wednesday,W
KK Nagar ATM,31/08/2016,53,39,14,354000,265000,89000,wednesday,W
Christ College ATM,31/08/2016,148,73,75,873300,583500,289800,wednesday,W
Big Street ATM,01/09/2016,165,41,124,725400,290600,434800,thursday,W
Mount Road ATM,01/09/2016,81,35,46,365000,224000,141000,thursday,W
Airport ATM,01/09/2016,50,28,22,270500,183300,87200,thursday,W
KK Nagar ATM,01/09/2016,2,2,0,700,700,0,thursday,W
Christ College ATM,01/09/2016,211,91,120,1332600,643800,688800,thursday,W
Big Street ATM,02/09/2016,150,56,94,643700,318800,324900,friday,W
Mount Road ATM,02/09/2016,24,14,10,128500,96000,32500,friday,W
Airport ATM,02/09/2016,31,22,9,241600,178500,63100,friday,W
KK Nagar ATM,02/09/2016,20,14,6,156600,122100,34500,friday,W
Christ College ATM,02/09/2016,230,82,148,1073300,402000,671300,friday,W
Big Street ATM,03/09/2016,120,30,90,502100,204000,298100,saturday,H
Mount Road ATM,03/09/2016,7,4,3,17000,7000,10000,saturday,H
KK Nagar ATM,03/09/2016,70,57,13,336900,278400,58500,saturday,H
Christ College ATM,03/09/2016,225,71,154,1095700,369700,726000,saturday,H
Big Street ATM,04/09/2016,175,34,141,620600,128600,492000,sunday,H
Mount Road ATM,04/09/2016,89,39,50,375000,196000,179000,sunday,H
KK Nagar ATM,04/09/2016,33,27,6,221800,201400,20400,sunday,H
Christ College ATM,04/09/2016,163,77,86,778900,485800,293100,sunday,H
Big Street ATM,05/09/2016,160,33,127,512200,140200,372000,monday,H
Mount Road ATM,05/09/2016,54,30,24,221000,114000,107000,monday,H
KK Nagar ATM,05/09/2016,15,8,7,46300,32800,13500,monday,H
Christ College ATM,05/09/2016,188,78,110,1125600,606400,519200,monday,H
Big Street ATM,06/09/2016,147,42,105,639700,275700,364000,tuesday,W
Mount Road ATM,06/09/2016,39,17,22,154000,118500,35500,tuesday,W
KK Nagar ATM,06/09/2016,31,22,9,219700,168300,51400,tuesday,W
Christ College ATM,06/09/2016,182,68,114,1020200,422500,597700,tuesday,W
Big Street ATM,07/09/2016,98,27,71,306500,91100,215400,wednesday,W
Mount Road ATM,07/09/2016,88,70,18,605100,526100,79000,wednesday,W
Airport ATM,07/09/2016,5,4,1,2200,1700,500,wednesday,W
Christ College ATM,07/09/2016,133,71,62,817600,469100,348500,wednesday,W
Big Street ATM,08/09/2016,153,48,105,659200,360700,298500,thursday,W
Mount Road ATM,08/09/2016,80,45,35,367500,222000,145500,thursday,W
Airport ATM,08/09/2016,28,21,7,132900,107500,25400,thursday,W
Christ College ATM,08/09/2016,162,77,85,879900,522500,357400,thursday,W
Big Street ATM,09/09/2016,83,21,62,327200,104400,222800,friday,W
Mount Road ATM,09/09/2016,79,41,38,358000,255000,103000,friday,W
Airport ATM,09/09/2016,1,1,0,3000,3000,0,friday,W
KK Nagar ATM,09/09/2016,1,1,0,800,800,0,friday,W
Christ College ATM,09/09/2016,154,91,63,868800,651200,217600,friday,W
Big Street ATM,10/09/2016,35,14,21,145200,85000,60200,saturday,H
Mount Road ATM,10/09/2016,24,15,9,118100,96600,21500,saturday,H
Christ College ATM,10/09/2016,195,80,115,1011100,523200,487900,saturday,H
Big Street ATM,11/09/2016,152,32,120,489900,104400,385500,sunday,H
Mount Road ATM,11/09/2016,25,25,0,95500,95500,0,sunday,H
Christ College ATM,11/09/2016,117,58,59,503900,270300,233600,sunday,H
Big Street ATM,12/09/2016,137,36,101,571700,204200,367500,monday,W
Mount Road ATM,12/09/2016,55,50,5,424300,402800,21500,monday,W
KK Nagar ATM,12/09/2016,10,5,5,26700,7700,19000,monday,W
Christ College ATM,12/09/2016,172,79,93,988700,593500,395200,monday,W
Big Street ATM,13/09/2016,112,30,82,382600,184900,197700,tuesday,H
Mount Road ATM,13/09/2016,45,27,18,209000,150500,58500,tuesday,H
KK Nagar ATM,13/09/2016,94,68,26,406600,307600,99000,tuesday,H
Christ College ATM,13/09/2016,144,74,70,812900,479100,333800,tuesday,H
Big Street ATM,14/09/2016,106,31,75,487100,212800,274300,wednesday,W
Mount Road ATM,14/09/2016,31,26,5,206500,180000,26500,wednesday,W
Airport ATM,14/09/2016,1,1,0,4000,4000,0,wednesday,W
KK Nagar ATM,14/09/2016,110,86,24,689100,552800,136300,wednesday,W
Christ College ATM,14/09/2016,169,86,83,762400,435400,327000,wednesday,W
Big Street ATM,15/09/2016,105,38,67,406500,219600,186900,thursday,W
Mount Road ATM,15/09/2016,75,48,27,426000,336000,90000,thursday,W
KK Nagar ATM,15/09/2016,22,15,7,114400,75600,38800,thursday,W
Christ College ATM,15/09/2016,134,66,68,730100,415700,314400,thursday,W
Big Street ATM,16/09/2016,53,17,36,200700,60200,140500,friday,W
Mount Road ATM,16/09/2016,4,2,2,17000,14500,2500,friday,W
Airport ATM,16/09/2016,10,8,2,25500,22000,3500,friday,W
KK Nagar ATM,16/09/2016,37,29,8,136500,122000,14500,friday,W
Christ College ATM,16/09/2016,94,52,42,412500,258500,154000,friday,W
Big Street ATM,17/09/2016,87,17,70,271900,87600,184300,saturday,H
Mount Road ATM,17/09/2016,11,4,7,29500,25500,4000,saturday,H
Airport ATM,17/09/2016,62,48,14,276000,233600,42400,saturday,H
KK Nagar ATM,17/09/2016,80,50,30,471400,315500,155900,saturday,H
Christ College ATM,17/09/2016,152,82,70,1001300,688100,313200,saturday,H
Big Street ATM,18/09/2016,133,29,104,379300,80700,298600,sunday,H
Mount Road ATM,18/09/2016,100,39,61,475500,281000,194500,sunday,H
Airport ATM,18/09/2016,21,18,3,138000,127000,11000,sunday,H
KK Nagar ATM,18/09/2016,77,59,18,386800,330300,56500,sunday,H
Christ College ATM,18/09/2016,128,55,73,556500,264200,292300,sunday,H
Big Street ATM,19/09/2016,87,25,62,259900,77600,182300,monday,W
Mount Road ATM,19/09/2016,69,43,26,287200,172700,114500,monday,W
Airport ATM,19/09/2016,37,28,9,205300,165500,39800,monday,W
KK Nagar ATM,19/09/2016,76,63,13,515200,485000,30200,monday,W
Christ College ATM,19/09/2016,129,64,65,707300,443100,264200,monday,W
Big Street ATM,20/09/2016,108,35,73,381600,153400,228200,tuesday,W
Mount Road ATM,20/09/2016,44,30,14,223500,206000,17500,tuesday,W
Airport ATM,20/09/2016,121,95,26,841200,762700,78500,tuesday,W
KK Nagar ATM,20/09/2016,41,32,9,171100,154200,16900,tuesday,W
Christ College ATM,20/09/2016,138,77,61,812600,583000,229600,tuesday,W
Big Street ATM,21/09/2016,124,32,92,455400,126800,328600,wednesday,W
Mount Road ATM,21/09/2016,22,16,6,127500,85500,42000,wednesday,W
Airport ATM,21/09/2016,83,70,13,491500,443500,48000,wednesday,W
KK Nagar ATM,21/09/2016,75,61,14,334600,267600,67000,wednesday,W
Christ College ATM,21/09/2016,147,74,73,737100,468300,268800,wednesday,W
Big Street ATM,22/09/2016,115,32,83,442800,212200,230600,thursday,W
Mount Road ATM,22/09/2016,34,23,11,137000,112000,25000,thursday,W
Airport ATM,22/09/2016,83,70,13,427400,401500,25900,thursday,W
KK Nagar ATM,22/09/2016,69,49,20,367400,266800,100600,thursday,W
Christ College ATM,22/09/2016,109,54,55,463300,311200,152100,thursday,W
Big Street ATM,23/09/2016,109,32,77,339600,209600,130000,friday,W
Mount Road ATM,23/09/2016,3,3,0,6000,6000,0,friday,W
Airport ATM,23/09/2016,81,62,19,512900,419000,93900,friday,W
KK Nagar ATM,23/09/2016,58,40,18,331900,212500,119400,friday,W
Christ College ATM,23/09/2016,130,84,46,699600,559100,140500,friday,W
Big Street ATM,24/09/2016,129,35,94,402900,161500,241400,saturday,H
Airport ATM,24/09/2016,70,48,22,439000,379500,59500,saturday,H
KK Nagar ATM,24/09/2016,64,40,24,375600,304600,71000,saturday,H
Christ College ATM,24/09/2016,129,76,53,762800,569500,193300,saturday,H
Big Street ATM,25/09/2016,130,27,103,272700,93900,178800,sunday,H
Airport ATM,25/09/2016,32,20,12,129900,95000,34900,sunday,H
KK Nagar ATM,25/09/2016,58,40,18,409500,348500,61000,sunday,H
Christ College ATM,25/09/2016,123,55,68,468700,340100,128600,sunday,H
Big Street ATM,26/09/2016,136,44,92,517200,302900,214300,monday,W
Mount Road ATM,26/09/2016,58,27,31,305500,184000,121500,monday,W
Airport ATM,26/09/2016,90,60,30,539100,390700,148400,monday,W
KK Nagar ATM,26/09/2016,85,62,23,566100,497000,69100,monday,W
Christ College ATM,26/09/2016,172,75,97,798800,387400,411400,monday,W
Big Street ATM,27/09/2016,115,33,82,406500,210400,196100,tuesday,W
Mount Road ATM,27/09/2016,35,21,14,103000,58500,44500,tuesday,W
Airport ATM,27/09/2016,100,75,25,547400,445200,102200,tuesday,W
KK Nagar ATM,27/09/2016,82,62,20,390400,339100,51300,tuesday,W
Christ College ATM,27/09/2016,171,74,97,876700,520300,356400,tuesday,W
Big Street ATM,28/09/2016,139,51,88,567100,350700,216400,wednesday,W
Mount Road ATM,28/09/2016,72,42,30,316000,232000,84000,wednesday,W
Airport ATM,28/09/2016,109,84,25,645400,582900,62500,wednesday,W
KK Nagar ATM,28/09/2016,153,124,29,904200,711600,192600,wednesday,W
Christ College ATM,28/09/2016,139,76,63,641600,451200,190400,wednesday,W
Big Street ATM,29/09/2016,110,23,87,324800,98000,226800,thursday,W
Mount Road ATM,29/09/2016,65,36,29,289000,216000,73000,thursday,W
Airport ATM,29/09/2016,14,13,1,96100,86100,10000,thursday,W
KK Nagar ATM,29/09/2016,84,65,19,515000,462100,52900,thursday,W
Christ College ATM,29/09/2016,149,78,71,648900,378700,270200,thursday,W
Big Street ATM,30/09/2016,88,21,67,370000,153800,216200,friday,W
Mount Road ATM,30/09/2016,56,24,32,244000,140000,104000,friday,W
Airport ATM,30/09/2016,56,40,16,282900,236300,46600,friday,W
KK Nagar ATM,30/09/2016,85,68,17,434700,372800,61900,friday,W
Christ College ATM,30/09/2016,177,85,92,971700,584200,387500,friday,W
Big Street ATM,01/10/2016,105,23,82,381000,128500,252500,saturday,H
Mount Road ATM,01/10/2016,112,50,62,649000,406000,243000,saturday,H
Airport ATM,01/10/2016,95,71,24,374400,316700,57700,saturday,H
KK Nagar ATM,01/10/2016,126,79,47,682600,437100,245500,saturday,H
Christ College ATM,01/10/2016,202,70,132,1207300,561000,646300,saturday,H
Mount Road ATM,02/10/2016,113,28,85,424000,225500,198500,sunday,H
Airport ATM,02/10/2016,47,31,16,262500,201500,61000,sunday,H
KK Nagar ATM,02/10/2016,96,81,15,531600,448600,83000,sunday,H
Christ College ATM,02/10/2016,220,56,164,876500,271700,604800,sunday,H
Big Street ATM,03/10/2016,96,25,71,439200,182400,256800,monday,W
Mount Road ATM,03/10/2016,87,40,47,523500,319000,204500,monday,W
Airport ATM,03/10/2016,61,43,18,315400,210100,105300,monday,W
KK Nagar ATM,03/10/2016,80,57,23,626700,516700,110000,monday,W
Christ College ATM,03/10/2016,82,46,36,444600,321000,123600,monday,W
Big Street ATM,04/10/2016,102,16,86,316100,66600,249500,tuesday,W
Mount Road ATM,04/10/2016,39,18,21,210000,127000,83000,tuesday,W
Airport ATM,04/10/2016,77,58,19,475400,398900,76500,tuesday,W
KK Nagar ATM,04/10/2016,84,66,18,550500,448600,101900,tuesday,W
Christ College ATM,04/10/2016,140,72,68,639300,349100,290200,tuesday,W
Big Street ATM,05/10/2016,132,39,93,527600,222100,305500,wednesday,W
Mount Road ATM,05/10/2016,77,47,30,532500,412000,120500,wednesday,W
KK Nagar ATM,05/10/2016,73,61,12,503800,426500,77300,wednesday,W
Christ College ATM,05/10/2016,17,10,7,90800,61400,29400,wednesday,W
Big Street ATM,06/10/2016,137,39,98,633100,298400,334700,thursday,W
Mount Road ATM,06/10/2016,45,40,5,335900,316400,19500,thursday,W
Airport ATM,06/10/2016,67,42,25,464500,344500,120000,thursday,W
KK Nagar ATM,06/10/2016,111,92,19,914600,819300,95300,thursday,W
Christ College ATM,06/10/2016,178,87,91,997400,651500,345900,thursday,W
Big Street ATM,07/10/2016,95,27,68,189900,66800,123100,friday,W
Mount Road ATM,07/10/2016,114,62,52,785800,486800,299000,friday,W
Airport ATM,07/10/2016,85,57,28,555600,362000,193600,friday,W
KK Nagar ATM,07/10/2016,112,90,22,768600,651100,117500,friday,W
Christ College ATM,07/10/2016,208,97,111,1132900,663000,469900,friday,W
Big Street ATM,08/10/2016,60,14,46,161500,46300,115200,saturday,H
Mount Road ATM,08/10/2016,68,25,43,301500,190500,111000,saturday,H
Airport ATM,08/10/2016,98,80,18,529900,477800,52100,saturday,H
KK Nagar ATM,08/10/2016,110,66,44,743400,462700,280700,saturday,H
Christ College ATM,08/10/2016,149,90,59,781600,529500,252100,saturday,H
Big Street ATM,09/10/2016,107,16,91,337100,78600,258500,sunday,H
Mount Road ATM,09/10/2016,105,27,78,333000,113000,220000,sunday,H
Airport ATM,09/10/2016,69,50,19,304500,249900,54600,sunday,H
KK Nagar ATM,09/10/2016,15,11,4,104700,87800,16900,sunday,H
Christ College ATM,09/10/2016,67,29,38,304900,149900,155000,sunday,H
Big Street ATM,10/10/2016,86,26,60,198500,89800,108700,monday,H
Mount Road ATM,10/10/2016,134,65,69,523000,323500,199500,monday,H
Airport ATM,10/10/2016,43,34,9,309100,269200,39900,monday,H
KK Nagar ATM,10/10/2016,169,106,63,833100,532600,300500,monday,H
Christ College ATM,10/10/2016,82,34,48,338500,126500,212000,monday,H
Big Street ATM,11/10/2016,36,9,27,48600,17700,30900,tuesday,H
Mount Road ATM,11/10/2016,81,44,37,439500,296000,143500,tuesday,H
KK Nagar ATM,11/10/2016,259,171,88,1444000,993100,450900,tuesday,H
Mount Road ATM,12/10/2016,20,20,0,53000,53000,0,wednesday,H
Airport ATM,12/10/2016,4,4,0,10000,10000,0,wednesday,H
KK Nagar ATM,12/10/2016,149,84,65,698500,412900,285600,wednesday,H
Big Street ATM,13/10/2016,137,38,99,580200,268700,311500,thursday,W
Mount Road ATM,13/10/2016,32,32,0,175400,175400,0,thursday,W
Airport ATM,13/10/2016,43,37,6,309400,282400,27000,thursday,W
KK Nagar ATM,13/10/2016,107,61,46,441100,252200,188900,thursday,W
Christ College ATM,13/10/2016,170,72,98,901500,492300,409200,thursday,W
Big Street ATM,14/10/2016,86,32,54,326300,189700,136600,friday,W
Mount Road ATM,14/10/2016,76,39,37,401500,272000,129500,friday,W
Airport ATM,14/10/2016,48,40,8,297400,275400,22000,friday,W
KK Nagar ATM,14/10/2016,79,48,31,409600,290500,119100,friday,W
Christ College ATM,14/10/2016,170,76,94,821000,468900,352100,friday,W
Big Street ATM,15/10/2016,132,34,98,407400,139600,267800,saturday,H
Mount Road ATM,15/10/2016,6,2,4,23500,4000,19500,saturday,H
Airport ATM,15/10/2016,63,47,16,298000,256000,42000,saturday,H
KK Nagar ATM,15/10/2016,98,62,36,488500,326900,161600,saturday,H
Christ College ATM,15/10/2016,158,77,81,948700,621400,327300,saturday,H
Big Street ATM,16/10/2016,86,13,73,157400,23900,133500,sunday,H
Mount Road ATM,16/10/2016,34,16,18,143000,123000,20000,sunday,H
Airport ATM,16/10/2016,79,63,16,386900,346500,40400,sunday,H
KK Nagar ATM,16/10/2016,103,64,39,581800,397100,184700,sunday,H
Christ College ATM,16/10/2016,124,59,65,437500,285500,152000,sunday,H
Big Street ATM,17/10/2016,93,36,57,260200,153900,106300,monday,W
Mount Road ATM,17/10/2016,30,18,12,208500,159000,49500,monday,W
Airport ATM,17/10/2016,54,42,12,292900,233300,59600,monday,W
KK Nagar ATM,17/10/2016,112,78,34,775900,570800,205100,monday,W
Christ College ATM,17/10/2016,194,99,95,1152300,771700,380600,monday,W
Big Street ATM,18/10/2016,54,20,34,108400,48000,60400,tuesday,W
Airport ATM,18/10/2016,96,79,17,565000,522000,43000,tuesday,W
KK Nagar ATM,18/10/2016,113,87,26,718900,576400,142500,tuesday,W
Christ College ATM,18/10/2016,150,69,81,761100,431100,330000,tuesday,W
Big Street ATM,19/10/2016,102,24,78,408400,198500,209900,wednesday,W
Mount Road ATM,19/10/2016,67,38,29,470500,390000,80500,wednesday,W
Airport ATM,19/10/2016,64,52,12,412500,375800,36700,wednesday,W
KK Nagar ATM,19/10/2016,104,71,33,630900,504300,126600,wednesday,W
Christ College ATM,19/10/2016,251,65,186,1182600,355800,826800,wednesday,W
Big Street ATM,20/10/2016,119,35,84,516900,267700,249200,thursday,W
Mount Road ATM,20/10/2016,57,33,24,267000,208000,59000,thursday,W
Airport ATM,20/10/2016,103,75,28,619600,534400,85200,thursday,W
KK Nagar ATM,20/10/2016,95,66,29,549800,396000,153800,thursday,W
Christ College ATM,20/10/2016,136,66,70,769400,463300,306100,thursday,W
Big Street ATM,21/10/2016,77,24,53,352300,135600,216700,friday,W
Mount Road ATM,21/10/2016,10,6,4,112000,87500,24500,friday,W
Airport ATM,21/10/2016,83,69,14,666000,630000,36000,friday,W
KK Nagar ATM,21/10/2016,54,40,14,239900,186200,53700,friday,W
Christ College ATM,21/10/2016,94,48,46,462400,312800,149600,friday,W
Big Street ATM,22/10/2016,130,26,104,475500,106500,369000,saturday,H
Mount Road ATM,22/10/2016,12,7,5,38000,31500,6500,saturday,H
Airport ATM,22/10/2016,15,12,3,124500,103900,20600,saturday,H
KK Nagar ATM,22/10/2016,72,46,26,459800,294600,165200,saturday,H
Christ College ATM,22/10/2016,152,65,87,821800,467700,354100,saturday,H
Big Street ATM,23/10/2016,96,27,69,342800,138600,204200,sunday,H
Mount Road ATM,23/10/2016,63,31,32,211000,149500,61500,sunday,H
Airport ATM,23/10/2016,63,42,21,382800,350600,32200,sunday,H
KK Nagar ATM,23/10/2016,175,104,71,677400,405100,272300,sunday,H
Christ College ATM,23/10/2016,156,53,103,650300,278100,372200,sunday,H
Big Street ATM,24/10/2016,76,19,57,253800,79500,174300,monday,W
Mount Road ATM,24/10/2016,74,43,31,356000,239000,117000,monday,W
Airport ATM,24/10/2016,88,65,23,498800,410800,88000,monday,W
KK Nagar ATM,24/10/2016,150,101,49,730400,504600,225800,monday,W
Christ College ATM,24/10/2016,176,97,79,1126300,755800,370500,monday,W
Big Street ATM,25/10/2016,107,34,73,410000,211000,199000,tuesday,W
Mount Road ATM,25/10/2016,47,28,19,173700,128700,45000,tuesday,W
Airport ATM,25/10/2016,96,77,19,505000,442700,62300,tuesday,W
KK Nagar ATM,25/10/2016,104,80,24,567500,479800,87700,tuesday,W
Christ College ATM,25/10/2016,163,88,75,848800,535800,313000,tuesday,W
Big Street ATM,26/10/2016,119,42,77,607600,327000,280600,wednesday,W
Mount Road ATM,26/10/2016,54,37,17,379200,311200,68000,wednesday,W
Airport ATM,26/10/2016,40,33,7,215100,204400,10700,wednesday,W
KK Nagar ATM,26/10/2016,110,73,37,623900,510300,113600,wednesday,W
Christ College ATM,26/10/2016,198,96,102,940800,617600,323200,wednesday,W
Big Street ATM,27/10/2016,129,40,89,469300,235400,233900,thursday,W
Mount Road ATM,27/10/2016,45,43,2,287400,283900,3500,thursday,W
Airport ATM,27/10/2016,63,45,18,308900,250400,58500,thursday,W
KK Nagar ATM,27/10/2016,193,131,62,1235400,985200,250200,thursday,W
Christ College ATM,27/10/2016,234,111,123,1291100,775800,515300,thursday,W
Big Street ATM,28/10/2016,24,7,17,163400,86000,77400,friday,W
Mount Road ATM,28/10/2016,5,5,0,47000,47000,0,friday,W
Airport ATM,28/10/2016,28,24,4,100700,93300,7400,friday,W
KK Nagar ATM,28/10/2016,198,132,66,820600,551700,268900,friday,W
Christ College ATM,28/10/2016,163,69,94,728500,393500,335000,friday,W
Big Street ATM,29/10/2016,72,12,60,247100,76200,170900,saturday,H
KK Nagar ATM,29/10/2016,109,61,48,374800,172600,202200,saturday,H
Christ College ATM,29/10/2016,78,35,43,295900,176700,119200,saturday,H
Big Street ATM,30/10/2016,103,13,90,316500,59400,257100,sunday,H
Mount Road ATM,30/10/2016,9,9,0,23900,23900,0,sunday,H
Airport ATM,30/10/2016,40,30,10,182800,155900,26900,sunday,H
KK Nagar ATM,30/10/2016,53,33,20,278000,186300,91700,sunday,H
Christ College ATM,30/10/2016,69,34,35,253300,142100,111200,sunday,H
Big Street ATM,31/10/2016,1,1,0,1000,1000,0,monday,W
Mount Road ATM,31/10/2016,43,31,12,231100,168100,63000,monday,W
KK Nagar ATM,31/10/2016,82,59,23,549600,417900,131700,monday,W
Christ College ATM,31/10/2016,196,79,117,1022100,512100,510000,monday,W
Mount Road ATM,01/11/2016,37,35,2,264600,254100,10500,tuesday,W
KK Nagar ATM,01/11/2016,64,36,28,392600,247100,145500,tuesday,W
Christ College ATM,01/11/2016,141,59,82,697000,367100,329900,tuesday,W
Big Street ATM,02/11/2016,75,24,51,357900,157300,200600,wednesday,W
Mount Road ATM,02/11/2016,34,28,6,192900,163400,29500,wednesday,W
KK Nagar ATM,02/11/2016,34,19,15,170600,97800,72800,wednesday,W
Christ College ATM,02/11/2016,154,60,94,808400,323900,484500,wednesday,W
Big Street ATM,03/11/2016,126,36,90,646700,255800,390900,thursday,W
Mount Road ATM,03/11/2016,15,13,2,57800,53300,4500,thursday,W
KK Nagar ATM,03/11/2016,89,49,40,436900,250200,186700,thursday,W
Christ College ATM,03/11/2016,54,25,29,309700,162700,147000,thursday,W
Big Street ATM,04/11/2016,100,23,77,397000,178200,218800,friday,W
Mount Road ATM,04/11/2016,36,32,4,161200,157200,4000,friday,W
KK Nagar ATM,04/11/2016,97,59,38,587800,408500,179300,friday,W
Christ College ATM,04/11/2016,1,0,1,2000,0,2000,friday,W
Big Street ATM,05/11/2016,141,37,104,654300,311900,342400,saturday,H
Mount Road ATM,05/11/2016,40,39,1,241600,236600,5000,saturday,H
KK Nagar ATM,05/11/2016,107,65,42,527500,343400,184100,saturday,H
Christ College ATM,05/11/2016,154,61,93,760900,323600,437300,saturday,H
Big Street ATM,06/11/2016,156,34,122,576800,194900,381900,sunday,H
Mount Road ATM,06/11/2016,21,20,1,67200,65200,2000,sunday,H
KK Nagar ATM,06/11/2016,48,35,13,182800,127700,55100,sunday,H
Christ College ATM,06/11/2016,138,57,81,535000,259500,275500,sunday,H
Big Street ATM,07/11/2016,113,25,88,381000,138900,242100,monday,W
Mount Road ATM,07/11/2016,40,30,10,222800,164300,58500,monday,W
Airport ATM,07/11/2016,14,8,6,51700,19700,32000,monday,W
KK Nagar ATM,07/11/2016,85,58,27,405800,314800,91000,monday,W
Christ College ATM,07/11/2016,107,46,61,545700,313800,231900,monday,W
Big Street ATM,08/11/2016,109,49,60,334400,125700,208700,tuesday,W
Mount Road ATM,08/11/2016,51,51,0,180300,180300,0,tuesday,W
Airport ATM,08/11/2016,10,8,2,77300,62300,15000,tuesday,W
KK Nagar ATM,08/11/2016,40,20,20,242400,142800,99600,tuesday,W
Christ College ATM,08/11/2016,233,121,112,966400,639900,326500,tuesday,W
Big Street ATM,11/11/2016,4,4,0,8000,8000,0,friday,W
KK Nagar ATM,11/11/2016,2,1,1,1500,1000,500,friday,W
Big Street ATM,12/11/2016,18,3,15,29100,4100,25000,saturday,H
KK Nagar ATM,12/11/2016,1,0,1,500,0,500,saturday,H
Big Street ATM,13/11/2016,145,16,129,270500,27400,243100,sunday,H
Christ College ATM,13/11/2016,1,0,1,7000,0,7000,sunday,H
Big Street ATM,14/11/2016,1,1,0,200,200,0,monday,W
KK Nagar ATM,14/11/2016,1,1,0,100,100,0,monday,W
Big Street ATM,15/11/2016,76,25,51,150900,52500,98400,tuesday,W
Big Street ATM,16/11/2016,10,10,0,18600,18600,0,wednesday,W
Big Street ATM,17/11/2016,4,2,2,9000,5000,4000,thursday,W
Airport ATM,17/11/2016,3,3,0,1300,1300,0,thursday,W
KK Nagar ATM,17/11/2016,1,0,1,2000,0,2000,thursday,W
Big Street ATM,18/11/2016,5,4,1,10000,7500,2500,friday,W
Airport ATM,18/11/2016,6,2,4,4500,1500,3000,friday,W
KK Nagar ATM,18/11/2016,7,7,0,3800,3800,0,friday,W
Big Street ATM,19/11/2016,17,13,4,41500,31500,10000,saturday,H
Mount Road ATM,19/11/2016,3,3,0,5000,5000,0,saturday,H
Airport ATM,19/11/2016,1,1,0,100,100,0,saturday,H
KK Nagar ATM,19/11/2016,13,8,5,16100,10500,5600,saturday,H
Big Street ATM,20/11/2016,15,10,5,22500,15800,6700,sunday,H
Mount Road ATM,20/11/2016,5,5,0,4800,4800,0,sunday,H
KK Nagar ATM,20/11/2016,17,9,8,13700,10700,3000,sunday,H
Airport ATM,21/11/2016,4,3,1,1800,1300,500,monday,W
KK Nagar ATM,21/11/2016,14,10,4,9600,8400,1200,monday,W
Big Street ATM,22/11/2016,2,2,0,2100,2100,0,tuesday,W
Mount Road ATM,22/11/2016,1,1,0,1000,1000,0,tuesday,W
Airport ATM,22/11/2016,4,0,4,1700,0,1700,tuesday,W
Christ College ATM,22/11/2016,19,5,14,30000,7200,22800,tuesday,W
Big Street ATM,23/11/2016,5,4,1,6600,6500,100,wednesday,W
Mount Road ATM,23/11/2016,2,2,0,1500,1500,0,wednesday,W
Airport ATM,23/11/2016,3,3,0,1000,1000,0,wednesday,W
KK Nagar ATM,23/11/2016,16,10,6,11600,7100,4500,wednesday,W
Big Street ATM,24/11/2016,8,5,3,13900,10000,3900,thursday,W
Mount Road ATM,24/11/2016,13,13,0,7500,7500,0,thursday,W
Airport ATM,24/11/2016,1,0,1,200,0,200,thursday,W
KK Nagar ATM,24/11/2016,24,10,14,14500,7900,6600,thursday,W
Big Street ATM,25/11/2016,19,6,13,29600,11000,18600,friday,W
Mount Road ATM,25/11/2016,19,19,0,25100,25100,0,friday,W
Airport ATM,25/11/2016,8,3,5,8400,3400,5000,friday,W
KK Nagar ATM,25/11/2016,30,15,15,23000,12300,10700,friday,W
Mount Road ATM,26/11/2016,5,5,0,4000,4000,0,saturday,H
Airport ATM,26/11/2016,4,1,3,2100,400,1700,saturday,H
KK Nagar ATM,26/11/2016,43,11,32,34500,7600,26900,saturday,H
Airport ATM,27/11/2016,5,3,2,2500,1600,900,sunday,H
KK Nagar ATM,27/11/2016,49,18,31,30400,10000,20400,sunday,H
Big Street ATM,28/11/2016,4,1,3,3500,500,3000,monday,W
Mount Road ATM,28/11/2016,9,9,0,12400,12400,0,monday,W
Airport ATM,28/11/2016,3,3,0,3100,3100,0,monday,W
KK Nagar ATM,28/11/2016,38,25,13,23600,12000,11600,monday,W
Christ College ATM,28/11/2016,1,1,0,100,100,0,monday,W
Mount Road ATM,29/11/2016,3,3,0,2400,2400,0,tuesday,W
Airport ATM,29/11/2016,1,1,0,200,200,0,tuesday,W
KK Nagar ATM,29/11/2016,23,15,8,19600,15100,4500,tuesday,W
Christ College ATM,29/11/2016,20,14,6,30700,23000,7700,tuesday,W
Big Street ATM,30/11/2016,22,5,17,31700,9500,22200,wednesday,W
Mount Road ATM,30/11/2016,13,13,0,16500,16500,0,wednesday,W
KK Nagar ATM,30/11/2016,35,19,16,31400,17900,13500,wednesday,W
Christ College ATM,30/11/2016,9,3,6,8200,400,7800,wednesday,W
Big Street ATM,01/12/2016,23,6,17,36700,4000,32700,thursday,W
Mount Road ATM,01/12/2016,1,1,0,100,100,0,thursday,W
Airport ATM,01/12/2016,6,4,2,6500,4000,2500,thursday,W
KK Nagar ATM,01/12/2016,41,22,19,35100,16500,18600,thursday,W
Christ College ATM,01/12/2016,1,1,0,1500,1500,0,thursday,W
Airport ATM,07/12/2016,8,5,3,9400,6400,3000,wednesday,W
KK Nagar ATM,07/12/2016,13,10,3,5600,4900,700,wednesday,W
Christ College ATM,07/12/2016,3,1,2,2600,2000,600,wednesday,W
Airport ATM,08/12/2016,12,3,9,24000,5000,19000,thursday,W
KK Nagar ATM,08/12/2016,7,3,4,8900,6500,2400,thursday,W
KK Nagar ATM,28/12/2016,20,10,10,20700,10500,10200,wednesday,W
KK Nagar ATM,29/12/2016,25,10,15,39400,15300,24100,thursday,W
KK Nagar ATM,30/12/2016,17,11,6,21400,13700,7700,friday,W
KK Nagar ATM,31/12/2016,29,19,10,37300,25800,11500,saturday,H
KK Nagar ATM,01/01/2017,1,0,1,500,0,500,sunday,H
KK Nagar ATM,02/01/2017,26,10,16,42400,19100,23300,monday,W
KK Nagar ATM,03/01/2017,20,12,8,35200,12800,22400,tuesday,W
KK Nagar ATM,04/01/2017,34,17,17,77900,46400,31500,wednesday,W
KK Nagar ATM,05/01/2017,69,40,29,151800,88700,63100,thursday,W
KK Nagar ATM,06/01/2017,19,12,7,22000,16900,5100,friday,W
KK Nagar ATM,07/01/2017,52,31,21,111000,72500,38500,saturday,H
KK Nagar ATM,08/01/2017,45,32,13,80500,52000,28500,sunday,H
Airport ATM,09/01/2017,1,1,0,2600,2600,0,monday,W
KK Nagar ATM,09/01/2017,11,8,3,34700,27200,7500,monday,W
KK Nagar ATM,10/01/2017,21,9,12,40200,8600,31600,tuesday,W
Airport ATM,11/01/2017,99,44,55,241400,112300,129100,wednesday,W
KK Nagar ATM,11/01/2017,40,25,15,74600,49200,25400,wednesday,W
Airport ATM,12/01/2017,43,21,22,134600,61600,73000,thursday,W
KK Nagar ATM,12/01/2017,124,51,73,316200,136600,179600,thursday,W
Airport ATM,13/01/2017,48,14,34,101400,22000,79400,friday,W
KK Nagar ATM,13/01/2017,58,39,19,122900,85800,37100,friday,W
Airport ATM,14/01/2017,46,17,29,104500,34000,70500,saturday,H
KK Nagar ATM,14/01/2017,20,4,16,33000,3700,29300,saturday,H
Airport ATM,15/01/2017,10,2,8,30000,4000,26000,sunday,H
KK Nagar ATM,15/01/2017,4,4,0,4800,4800,0,sunday,H
Airport ATM,16/01/2017,25,15,10,74100,52000,22100,monday,H
KK Nagar ATM,16/01/2017,56,26,30,117700,69200,48500,monday,H
Big Street ATM,17/01/2017,1,1,0,500,500,0,tuesday,W
Airport ATM,17/01/2017,86,27,59,350600,120500,230100,tuesday,W
KK Nagar ATM,17/01/2017,16,8,8,61400,40300,21100,tuesday,W
Big Street ATM,18/01/2017,3,1,2,4800,4000,800,wednesday,W
Airport ATM,18/01/2017,96,25,71,353300,69800,283500,wednesday,W
KK Nagar ATM,18/01/2017,59,32,27,230500,100500,130000,wednesday,W
Big Street ATM,19/01/2017,7,2,5,11700,5200,6500,thursday,W
Airport ATM,19/01/2017,26,12,14,75300,41100,34200,thursday,W
KK Nagar ATM,19/01/2017,30,20,10,46500,32800,13700,thursday,W
Big Street ATM,20/01/2017,47,8,39,117600,18000,99600,friday,W
Mount Road ATM,20/01/2017,6,2,4,6100,3000,3100,friday,W
Airport ATM,20/01/2017,56,30,26,296600,192900,103700,friday,W
KK Nagar ATM,20/01/2017,70,50,20,190300,152700,37600,friday,W
Christ College ATM,20/01/2017,2,0,2,6000,0,6000,friday,W
Big Street ATM,21/01/2017,48,10,38,124300,35300,89000,saturday,H
Mount Road ATM,21/01/2017,103,26,77,351000,92500,258500,saturday,H
Airport ATM,21/01/2017,15,11,4,69800,46800,23000,saturday,H
KK Nagar ATM,21/01/2017,5,5,0,32000,32000,0,saturday,H
Christ College ATM,21/01/2017,124,22,102,471300,89800,381500,saturday,H
Big Street ATM,22/01/2017,57,14,43,120100,24200,95900,sunday,H
Airport ATM,22/01/2017,7,7,0,5000,5000,0,sunday,H
Christ College ATM,22/01/2017,132,12,120,721700,53300,668400,sunday,H
Big Street ATM,23/01/2017,65,17,48,147200,64000,83200,monday,W
Airport ATM,23/01/2017,14,6,8,21700,10000,11700,monday,W
KK Nagar ATM,23/01/2017,42,25,17,156700,91600,65100,monday,W
Christ College ATM,23/01/2017,106,23,83,587200,100500,486700,monday,W
Big Street ATM,24/01/2017,69,21,48,166700,80000,86700,tuesday,W
Airport ATM,24/01/2017,19,8,11,20300,12100,8200,tuesday,W
KK Nagar ATM,24/01/2017,22,14,8,66800,49700,17100,tuesday,W
Christ College ATM,24/01/2017,169,28,141,695100,132200,562900,tuesday,W
Big Street ATM,25/01/2017,57,21,36,116300,46500,69800,wednesday,W
Mount Road ATM,25/01/2017,117,26,91,347900,67700,280200,wednesday,W
Airport ATM,25/01/2017,57,28,29,168700,93600,75100,wednesday,W
KK Nagar ATM,25/01/2017,33,24,9,91900,60500,31400,wednesday,W
Christ College ATM,25/01/2017,146,33,113,620700,124600,496100,wednesday,W
Big Street ATM,26/01/2017,62,17,45,146800,50100,96700,thursday,H
Mount Road ATM,26/01/2017,52,15,37,111000,36000,75000,thursday,H
Airport ATM,26/01/2017,19,14,5,88200,70200,18000,thursday,H
KK Nagar ATM,26/01/2017,2,1,1,6000,2000,4000,thursday,H
Christ College ATM,26/01/2017,194,24,170,891000,120300,770700,thursday,H
Big Street ATM,27/01/2017,78,30,48,215300,99600,115700,friday,W
Mount Road ATM,27/01/2017,69,18,51,245300,48600,196700,friday,W
Airport ATM,27/01/2017,57,33,24,276400,160000,116400,friday,W
KK Nagar ATM,27/01/2017,25,17,8,70100,45300,24800,friday,W
Christ College ATM,27/01/2017,253,39,214,1238100,151500,1086600,friday,W
Big Street ATM,28/01/2017,73,23,50,176300,67600,108700,saturday,H
Mount Road ATM,28/01/2017,94,20,74,355400,66200,289200,saturday,H
Airport ATM,28/01/2017,84,46,38,374200,190600,183600,saturday,H
KK Nagar ATM,28/01/2017,36,22,14,127100,89000,38100,saturday,H
Christ College ATM,28/01/2017,211,47,164,1189000,318700,870300,saturday,H
Big Street ATM,29/01/2017,88,27,61,232900,73700,159200,sunday,H
Mount Road ATM,29/01/2017,136,18,118,338300,58000,280300,sunday,H
Airport ATM,29/01/2017,30,17,13,119900,78500,41400,sunday,H
Christ College ATM,29/01/2017,13,2,11,42300,12000,30300,sunday,H
Big Street ATM,30/01/2017,75,30,45,228800,102300,126500,monday,W
Mount Road ATM,30/01/2017,43,9,34,206900,44000,162900,monday,W
Airport ATM,30/01/2017,25,12,13,48800,24700,24100,monday,W
KK Nagar ATM,30/01/2017,46,31,15,172800,148300,24500,monday,W
Christ College ATM,30/01/2017,133,23,110,487500,86100,401400,monday,W
Big Street ATM,31/01/2017,97,24,73,269900,81400,188500,tuesday,W
Mount Road ATM,31/01/2017,28,15,13,114900,81000,33900,tuesday,W
Airport ATM,31/01/2017,79,38,41,331600,132800,198800,tuesday,W
KK Nagar ATM,31/01/2017,126,68,58,533900,239200,294700,tuesday,W
Christ College ATM,31/01/2017,265,54,211,1201600,288400,913200,tuesday,W
Big Street ATM,01/02/2017,128,37,91,412700,127300,285400,wednesday,W
Mount Road ATM,01/02/2017,15,6,9,99600,70000,29600,wednesday,W
Airport ATM,01/02/2017,64,36,28,339000,244700,94300,wednesday,W
KK Nagar ATM,01/02/2017,37,17,20,220100,106600,113500,wednesday,W
Christ College ATM,01/02/2017,313,75,238,1909500,436900,1472600,wednesday,W
Big Street ATM,02/02/2017,151,36,115,554500,135700,418800,thursday,W
Airport ATM,02/02/2017,25,11,14,135000,70000,65000,thursday,W
KK Nagar ATM,02/02/2017,18,10,8,65100,53200,11900,thursday,W
Christ College ATM,02/02/2017,267,45,222,1617200,212600,1404600,thursday,W
Big Street ATM,03/02/2017,99,21,78,372800,113300,259500,friday,W
Airport ATM,03/02/2017,19,12,7,132200,66200,66000,friday,W
KK Nagar ATM,03/02/2017,12,9,3,52100,40600,11500,friday,W
Christ College ATM,03/02/2017,168,34,134,1006300,146000,860300,friday,W
Big Street ATM,04/02/2017,15,8,7,42900,23400,19500,saturday,H
Airport ATM,04/02/2017,45,21,24,141700,77000,64700,saturday,H
KK Nagar ATM,04/02/2017,69,41,28,302000,140600,161400,saturday,H
Christ College ATM,04/02/2017,132,36,96,810600,226500,584100,saturday,H
Big Street ATM,05/02/2017,4,4,0,50000,50000,0,sunday,H
Airport ATM,05/02/2017,28,10,18,97900,27100,70800,sunday,H
Christ College ATM,05/02/2017,212,17,195,1243000,102400,1140600,sunday,H
Big Street ATM,06/02/2017,3,3,0,15200,15200,0,monday,W
Airport ATM,06/02/2017,11,4,7,31100,8900,22200,monday,W
KK Nagar ATM,06/02/2017,8,3,5,41000,23000,18000,monday,W
Christ College ATM,06/02/2017,135,38,97,694000,222200,471800,monday,W
Mount Road ATM,07/02/2017,183,57,126,648800,253300,395500,tuesday,W
Airport ATM,07/02/2017,58,34,24,179300,102500,76800,tuesday,W
KK Nagar ATM,07/02/2017,31,22,9,79100,60300,18800,tuesday,W
Christ College ATM,07/02/2017,220,63,157,1145700,324000,821700,tuesday,W
Mount Road ATM,08/02/2017,97,32,65,410500,190900,219600,wednesday,W
Airport ATM,08/02/2017,99,48,51,382500,210200,172300,wednesday,W
KK Nagar ATM,08/02/2017,7,6,1,12100,11600,500,wednesday,W
Christ College ATM,08/02/2017,221,58,163,1149500,343400,806100,wednesday,W
Big Street ATM,09/02/2017,4,2,2,1500,1100,400,thursday,W
Mount Road ATM,09/02/2017,88,21,67,380700,157600,223100,thursday,W
Airport ATM,09/02/2017,33,21,12,155900,102900,53000,thursday,W
KK Nagar ATM,09/02/2017,2,2,0,3000,3000,0,thursday,W
Christ College ATM,09/02/2017,104,27,77,403900,96500,307400,thursday,W
Big Street ATM,10/02/2017,1,1,0,2000,2000,0,friday,W
Mount Road ATM,10/02/2017,147,39,108,492300,198600,293700,friday,W
Airport ATM,10/02/2017,2,2,0,600,600,0,friday,W
Christ College ATM,10/02/2017,99,18,81,395700,79400,316300,friday,W
Mount Road ATM,11/02/2017,180,54,126,799400,255700,543700,saturday,H
KK Nagar ATM,11/02/2017,14,9,5,20300,16200,4100,saturday,H
Christ College ATM,11/02/2017,19,4,15,96300,9200,87100,saturday,H
Mount Road ATM,12/02/2017,53,16,37,138400,42200,96200,sunday,H
Mount Road ATM,13/02/2017,121,25,96,327400,80900,246500,monday,W
KK Nagar ATM,13/02/2017,126,65,61,508100,246900,261200,monday,W
Christ College ATM,13/02/2017,110,18,92,520500,57300,463200,monday,W
Mount Road ATM,14/02/2017,114,39,75,335700,144500,191200,tuesday,W
Airport ATM,14/02/2017,36,19,17,166100,115300,50800,tuesday,W
KK Nagar ATM,14/02/2017,52,25,27,250200,147800,102400,tuesday,W
Christ College ATM,14/02/2017,219,66,153,845500,354900,490600,tuesday,W
Mount Road ATM,15/02/2017,114,28,86,296800,66900,229900,wednesday,W
Airport ATM,15/02/2017,65,41,24,253400,132700,120700,wednesday,W
KK Nagar ATM,15/02/2017,35,27,8,130600,82800,47800,wednesday,W
Christ College ATM,15/02/2017,201,39,162,989800,240100,749700,wednesday,W
Mount Road ATM,16/02/2017,126,39,87,311900,105100,206800,thursday,W
Airport ATM,16/02/2017,18,14,4,101600,77300,24300,thursday,W
KK Nagar ATM,16/02/2017,46,26,20,263800,139800,124000,thursday,W
Christ College ATM,16/02/2017,143,30,113,555000,109300,445700,thursday,W
Mount Road ATM,17/02/2017,135,44,91,255900,113600,142300,friday,W
KK Nagar ATM,17/02/2017,3,2,1,10900,10400,500,friday,W
Christ College ATM,17/02/2017,157,45,112,748200,295700,452500,friday,W
Big Street ATM,18/02/2017,50,13,37,128600,42400,86200,saturday,H
Mount Road ATM,18/02/2017,152,59,93,553800,299300,254500,saturday,H
Airport ATM,18/02/2017,2,2,0,4800,4800,0,saturday,H
KK Nagar ATM,18/02/2017,18,12,6,66500,52500,14000,saturday,H
Christ College ATM,18/02/2017,190,39,151,1037300,277100,760200,saturday,H
Big Street ATM,19/02/2017,73,15,58,228000,75900,152100,sunday,H
Mount Road ATM,19/02/2017,36,5,31,95500,17500,78000,sunday,H
Airport ATM,19/02/2017,2,2,0,4500,4500,0,sunday,H
KK Nagar ATM,19/02/2017,11,6,5,40600,19100,21500,sunday,H
Christ College ATM,19/02/2017,141,26,115,614100,103300,510800,sunday,H
Big Street ATM,20/02/2017,86,30,56,293300,169900,123400,monday,W
Mount Road ATM,20/02/2017,127,53,74,332000,230200,101800,monday,W
Airport ATM,20/02/2017,64,40,24,259300,204100,55200,monday,W
KK Nagar ATM,20/02/2017,39,23,16,173100,73600,99500,monday,W
Christ College ATM,20/02/2017,162,39,123,671200,215200,456000,monday,W
Big Street ATM,21/02/2017,40,17,23,189300,102300,87000,tuesday,W
Mount Road ATM,21/02/2017,107,51,56,159000,118700,40300,tuesday,W
Airport ATM,21/02/2017,111,61,50,571800,377600,194200,tuesday,W
KK Nagar ATM,21/02/2017,26,20,6,167700,149700,18000,tuesday,W
Christ College ATM,21/02/2017,169,41,128,707100,225800,481300,tuesday,W
Mount Road ATM,22/02/2017,187,65,122,520600,256200,264400,wednesday,W
Airport ATM,22/02/2017,132,71,61,537400,348300,189100,wednesday,W
KK Nagar ATM,22/02/2017,22,8,14,137600,60400,77200,wednesday,W
Christ College ATM,22/02/2017,166,49,117,661100,264800,396300,wednesday,W
Big Street ATM,23/02/2017,11,3,8,25000,11100,13900,thursday,W
Mount Road ATM,23/02/2017,167,67,100,689200,322900,366300,thursday,W
Airport ATM,23/02/2017,50,33,17,243800,196500,47300,thursday,W
KK Nagar ATM,23/02/2017,65,41,24,374900,248600,126300,thursday,W
Christ College ATM,23/02/2017,148,32,116,686300,188000,498300,thursday,W
Big Street ATM,24/02/2017,70,13,57,162000,40500,121500,friday,W
Mount Road ATM,24/02/2017,70,25,45,197200,118300,78900,friday,W
Airport ATM,24/02/2017,27,24,3,181000,168500,12500,friday,W
KK Nagar ATM,24/02/2017,5,3,2,20900,5400,15500,friday,W
Christ College ATM,24/02/2017,134,54,80,631100,317500,313600,friday,W
Big Street ATM,25/02/2017,80,22,58,204700,62000,142700,saturday,H
Mount Road ATM,25/02/2017,80,26,54,218900,93900,125000,saturday,H
Airport ATM,25/02/2017,20,14,6,60900,54600,6300,saturday,H
KK Nagar ATM,25/02/2017,9,4,5,50600,25100,25500,saturday,H
Christ College ATM,25/02/2017,187,44,143,792600,244300,548300,saturday,H
Big Street ATM,26/02/2017,97,23,74,294300,102300,192000,sunday,H
Mount Road ATM,26/02/2017,125,29,96,241000,64700,176300,sunday,H
Christ College ATM,26/02/2017,119,24,95,640000,140000,500000,sunday,H
Big Street ATM,27/02/2017,78,21,57,203300,59400,143900,monday,W
Mount Road ATM,27/02/2017,124,45,79,394600,214100,180500,monday,W
Airport ATM,27/02/2017,4,3,1,4000,3500,500,monday,W
KK Nagar ATM,27/02/2017,62,41,21,464300,384700,79600,monday,W
Christ College ATM,27/02/2017,70,22,48,362600,152600,210000,monday,W
Big Street ATM,28/02/2017,3,3,0,16100,16100,0,tuesday,W
Mount Road ATM,28/02/2017,171,59,112,458600,186600,272000,tuesday,W
Airport ATM,28/02/2017,13,12,1,24000,18500,5500,tuesday,W
KK Nagar ATM,28/02/2017,7,4,3,31500,18000,13500,tuesday,W
Christ College ATM,28/02/2017,223,57,166,1021500,315500,706000,tuesday,W
Big Street ATM,01/03/2017,46,15,31,156000,91700,64300,wednesday,W
Mount Road ATM,01/03/2017,4,3,1,31000,28000,3000,wednesday,W
Airport ATM,01/03/2017,6,4,2,23300,21200,2100,wednesday,W
KK Nagar ATM,01/03/2017,9,5,4,42400,20400,22000,wednesday,W
Christ College ATM,01/03/2017,275,56,219,1539900,360900,1179000,wednesday,W
Big Street ATM,02/03/2017,110,29,81,515000,225100,289900,thursday,W
Airport ATM,02/03/2017,1,1,0,3000,3000,0,thursday,W
KK Nagar ATM,02/03/2017,32,14,18,225500,108400,117100,thursday,W
Christ College ATM,02/03/2017,301,64,237,1614300,382600,1231700,thursday,W
Big Street ATM,03/03/2017,79,32,47,286200,150300,135900,friday,W
Airport ATM,03/03/2017,9,8,1,18300,17800,500,friday,W
KK Nagar ATM,03/03/2017,2,2,0,7000,7000,0,friday,W
Christ College ATM,03/03/2017,140,37,103,673200,157600,515600,friday,W
Big Street ATM,04/03/2017,74,15,59,253500,76800,176700,saturday,H
Mount Road ATM,04/03/2017,1,1,0,2000,2000,0,saturday,H
Airport ATM,04/03/2017,54,30,24,151800,73500,78300,saturday,H
KK Nagar ATM,04/03/2017,21,18,3,237800,217300,20500,saturday,H
Christ College ATM,04/03/2017,264,97,167,1462500,585200,877300,saturday,H
Big Street ATM,05/03/2017,69,15,54,309200,87700,221500,sunday,H
Airport ATM,05/03/2017,101,71,30,573300,489600,83700,sunday,H
KK Nagar ATM,05/03/2017,1,1,0,100,100,0,sunday,H
Christ College ATM,05/03/2017,139,35,104,511500,163600,347900,sunday,H
Big Street ATM,06/03/2017,79,28,51,249100,96100,153000,monday,W
Mount Road ATM,06/03/2017,150,54,96,621800,301700,320100,monday,W
Airport ATM,06/03/2017,56,44,12,249100,224400,24700,monday,W
Christ College ATM,06/03/2017,225,51,174,936100,264500,671600,monday,W
Big Street ATM,07/03/2017,55,23,32,244800,152500,92300,tuesday,W
Mount Road ATM,07/03/2017,21,14,7,159500,143500,16000,tuesday,W
Airport ATM,07/03/2017,3,3,0,10600,10600,0,tuesday,W
Christ College ATM,07/03/2017,173,55,118,1090500,479300,611200,tuesday,W
Big Street ATM,08/03/2017,69,35,34,252500,188700,63800,wednesday,W
Christ College ATM,08/03/2017,202,65,137,843000,347600,495400,wednesday,W
Big Street ATM,09/03/2017,81,23,58,327500,162400,165100,thursday,W
Christ College ATM,09/03/2017,267,70,197,1175700,378100,797600,thursday,W
Big Street ATM,10/03/2017,67,20,47,207400,80300,127100,friday,W
Mount Road ATM,10/03/2017,46,19,27,131800,65000,66800,friday,W
Christ College ATM,10/03/2017,135,34,101,734500,242100,492400,friday,W
Mount Road ATM,11/03/2017,107,29,78,362200,122300,239900,saturday,H
Big Street ATM,12/03/2017,85,18,67,241900,92700,149200,sunday,H
Mount Road ATM,12/03/2017,77,27,50,147000,63300,83700,sunday,H
Big Street ATM,13/03/2017,29,10,19,109100,53800,55300,monday,W
Mount Road ATM,13/03/2017,85,32,53,389400,221700,167700,monday,W
Christ College ATM,13/03/2017,287,79,208,1255800,491600,764200,monday,W
Big Street ATM,14/03/2017,99,35,64,288500,127200,161300,tuesday,W
Mount Road ATM,14/03/2017,52,24,28,277600,182600,95000,tuesday,W
Airport ATM,14/03/2017,32,23,9,86400,74800,11600,tuesday,W
KK Nagar ATM,14/03/2017,1,1,0,400,400,0,tuesday,W
Christ College ATM,14/03/2017,226,60,166,1189300,386800,802500,tuesday,W
Big Street ATM,15/03/2017,80,28,52,334500,219500,115000,wednesday,W
Mount Road ATM,15/03/2017,45,16,29,208600,78500,130100,wednesday,W
Airport ATM,15/03/2017,99,69,30,597700,490400,107300,wednesday,W
Christ College ATM,15/03/2017,249,74,175,1231100,506500,724600,wednesday,W
Big Street ATM,16/03/2017,35,18,17,209900,160000,49900,thursday,W
Mount Road ATM,16/03/2017,78,37,41,354500,222500,132000,thursday,W
Airport ATM,16/03/2017,63,43,20,235500,182400,53100,thursday,W
Christ College ATM,16/03/2017,213,49,164,957500,326500,631000,thursday,W
Big Street ATM,17/03/2017,7,6,1,39600,37600,2000,friday,W
Mount Road ATM,17/03/2017,154,56,98,408400,205800,202600,friday,W
Airport ATM,17/03/2017,109,76,33,684400,548900,135500,friday,W
KK Nagar ATM,17/03/2017,28,20,8,232900,202600,30300,friday,W
Christ College ATM,17/03/2017,194,46,148,808200,335200,473000,friday,W
Big Street ATM,18/03/2017,6,3,3,12800,9100,3700,saturday,H
Mount Road ATM,18/03/2017,61,16,45,226300,120800,105500,saturday,H
Airport ATM,18/03/2017,106,66,40,530900,404900,126000,saturday,H
KK Nagar ATM,18/03/2017,53,29,24,305900,193600,112300,saturday,H
Christ College ATM,18/03/2017,217,72,145,940600,520300,420300,saturday,H
Big Street ATM,19/03/2017,80,20,60,215000,99700,115300,sunday,H
Mount Road ATM,19/03/2017,48,12,36,52100,6700,45400,sunday,H
KK Nagar ATM,19/03/2017,9,7,2,32900,25900,7000,sunday,H
Christ College ATM,19/03/2017,281,39,242,965500,171200,794300,sunday,H
Big Street ATM,20/03/2017,36,11,25,141600,45200,96400,monday,W
Mount Road ATM,20/03/2017,67,27,40,158100,107100,51000,monday,W
Airport ATM,20/03/2017,45,24,21,141800,90400,51400,monday,W
KK Nagar ATM,20/03/2017,84,51,33,512400,380300,132100,monday,W
Christ College ATM,20/03/2017,191,44,147,854500,221400,633100,monday,W
Big Street ATM,21/03/2017,16,5,11,60100,50100,10000,tuesday,W
Mount Road ATM,21/03/2017,54,22,32,148000,108600,39400,tuesday,W
Airport ATM,21/03/2017,28,25,3,141300,139600,1700,tuesday,W
KK Nagar ATM,21/03/2017,43,27,16,310600,265700,44900,tuesday,W
Christ College ATM,21/03/2017,137,45,92,593400,319300,274100,tuesday,W
Big Street ATM,22/03/2017,79,33,46,287300,166000,121300,wednesday,W
Mount Road ATM,22/03/2017,54,25,29,257900,160800,97100,wednesday,W
Airport ATM,22/03/2017,60,38,22,189400,137200,52200,wednesday,W
KK Nagar ATM,22/03/2017,45,39,6,186600,179600,7000,wednesday,W
Christ College ATM,22/03/2017,109,26,83,407600,102000,305600,wednesday,W
Big Street ATM,23/03/2017,82,29,53,275000,94200,180800,thursday,W
Mount Road ATM,23/03/2017,68,20,48,211000,123700,87300,thursday,W
Airport ATM,23/03/2017,69,49,20,329900,244200,85700,thursday,W
KK Nagar ATM,23/03/2017,105,71,34,633700,500400,133300,thursday,W
Christ College ATM,23/03/2017,159,41,118,640800,252300,388500,thursday,W
Big Street ATM,24/03/2017,53,14,39,133800,75600,58200,friday,W
Mount Road ATM,24/03/2017,63,24,39,202300,119800,82500,friday,W
Airport ATM,24/03/2017,65,51,14,400700,357100,43600,friday,W
KK Nagar ATM,24/03/2017,69,41,28,402100,253400,148700,friday,W
Christ College ATM,24/03/2017,161,49,112,631900,259600,372300,friday,W
Big Street ATM,25/03/2017,79,17,62,255400,117600,137800,saturday,H
Mount Road ATM,25/03/2017,76,25,51,245500,130600,114900,saturday,H
Airport ATM,25/03/2017,57,37,20,341800,292600,49200,saturday,H
KK Nagar ATM,25/03/2017,7,6,1,29100,27600,1500,saturday,H
Christ College ATM,25/03/2017,159,67,92,820800,492800,328000,saturday,H
Big Street ATM,26/03/2017,47,12,35,139400,55700,83700,sunday,H
Mount Road ATM,26/03/2017,40,8,32,61100,8400,52700,sunday,H
Airport ATM,26/03/2017,19,12,7,76700,50400,26300,sunday,H
KK Nagar ATM,26/03/2017,37,17,20,97300,29200,68100,sunday,H
Christ College ATM,26/03/2017,3,2,1,22000,20000,2000,sunday,H
Big Street ATM,27/03/2017,63,14,49,154900,21100,133800,monday,W
Mount Road ATM,27/03/2017,112,52,60,357700,227800,129900,monday,W
Airport ATM,27/03/2017,23,15,8,51600,42600,9000,monday,W
KK Nagar ATM,27/03/2017,82,52,30,387900,275700,112200,monday,W
Christ College ATM,27/03/2017,216,48,168,1043800,366500,677300,monday,W
Big Street ATM,28/03/2017,139,28,111,441000,121600,319400,tuesday,W
Mount Road ATM,28/03/2017,19,10,9,70000,39800,30200,tuesday,W
KK Nagar ATM,28/03/2017,71,52,19,397600,351200,46400,tuesday,W
Christ College ATM,28/03/2017,188,56,132,942500,387000,555500,tuesday,W
Big Street ATM,29/03/2017,107,40,67,515400,330300,185100,wednesday,H
Mount Road ATM,29/03/2017,140,57,83,461300,261800,199500,wednesday,H
KK Nagar ATM,29/03/2017,190,116,74,1260700,889200,371500,wednesday,H
Christ College ATM,29/03/2017,227,60,167,1023000,466200,556800,wednesday,H
Big Street ATM,30/03/2017,110,25,85,457500,163100,294400,thursday,W
Mount Road ATM,30/03/2017,77,29,48,200200,134800,65400,thursday,W
KK Nagar ATM,30/03/2017,85,51,34,438600,283800,154800,thursday,W
Christ College ATM,30/03/2017,164,47,117,842000,317900,524100,thursday,W
Big Street ATM,31/03/2017,115,31,84,581600,289300,292300,friday,W
Mount Road ATM,31/03/2017,82,38,44,330700,219700,111000,friday,W
KK Nagar ATM,31/03/2017,135,89,46,916900,675800,241100,friday,W
Christ College ATM,31/03/2017,276,102,174,1300300,600800,699500,friday,W
Big Street ATM,01/04/2017,37,13,24,131200,87600,43600,saturday,H
KK Nagar ATM,01/04/2017,281,181,100,1782200,1283900,498300,saturday,H
Christ College ATM,01/04/2017,144,45,99,459000,134900,324100,saturday,H
Big Street ATM,02/04/2017,103,16,87,361300,88100,273200,sunday,H
Mount Road ATM,02/04/2017,72,16,56,225300,116600,108700,sunday,H
KK Nagar ATM,02/04/2017,160,115,45,1042300,826900,215400,sunday,H
Christ College ATM,02/04/2017,16,1,15,67300,100,67200,sunday,H
Big Street ATM,03/04/2017,203,34,169,879300,157300,722000,monday,W
Mount Road ATM,03/04/2017,180,51,129,806600,271100,535500,monday,W
Airport ATM,03/04/2017,59,41,18,353300,301400,51900,monday,W
KK Nagar ATM,03/04/2017,282,194,88,2039700,1554100,485600,monday,W
Christ College ATM,03/04/2017,13,8,5,46900,26500,20400,monday,W
Big Street ATM,04/04/2017,86,14,72,300600,51800,248800,tuesday,W
Mount Road ATM,04/04/2017,213,79,134,952800,410300,542500,tuesday,W
Airport ATM,04/04/2017,71,49,22,351000,263100,87900,tuesday,W
KK Nagar ATM,04/04/2017,105,76,29,671400,542000,129400,tuesday,W
Christ College ATM,04/04/2017,121,35,86,536100,127000,409100,tuesday,W
Big Street ATM,05/04/2017,149,35,114,636200,265600,370600,wednesday,W
Mount Road ATM,05/04/2017,186,93,93,768300,388900,379400,wednesday,W
Airport ATM,05/04/2017,76,59,17,567900,485400,82500,wednesday,W
KK Nagar ATM,05/04/2017,131,85,46,793800,522300,271500,wednesday,W
Christ College ATM,05/04/2017,202,59,143,1048900,395700,653200,wednesday,W
Big Street ATM,06/04/2017,35,4,31,122100,32000,90100,thursday,W
Mount Road ATM,06/04/2017,173,64,109,695200,301000,394200,thursday,W
Airport ATM,06/04/2017,23,21,2,170500,156500,14000,thursday,W
KK Nagar ATM,06/04/2017,90,51,39,534000,330200,203800,thursday,W
Christ College ATM,06/04/2017,190,34,156,977100,211800,765300,thursday,W
Mount Road ATM,07/04/2017,215,100,115,1213600,726200,487400,friday,W
Airport ATM,07/04/2017,50,32,18,308600,215000,93600,friday,W
KK Nagar ATM,07/04/2017,111,74,37,633900,458200,175700,friday,W
Christ College ATM,07/04/2017,239,90,149,1025400,503800,521600,friday,W
Mount Road ATM,08/04/2017,132,47,85,572900,323700,249200,saturday,H
Airport ATM,08/04/2017,60,32,28,348900,204900,144000,saturday,H
KK Nagar ATM,08/04/2017,181,95,86,1026000,628300,397700,saturday,H
Christ College ATM,08/04/2017,44,9,35,169600,46000,123600,saturday,H
Mount Road ATM,09/04/2017,164,34,130,507700,133700,374000,sunday,H
Airport ATM,09/04/2017,74,30,44,323800,163700,160100,sunday,H
KK Nagar ATM,09/04/2017,34,19,15,118400,76700,41700,sunday,H
Christ College ATM,09/04/2017,153,18,135,543300,55600,487700,sunday,H
Mount Road ATM,10/04/2017,171,67,104,648800,350500,298300,monday,W
Airport ATM,10/04/2017,122,60,62,667300,374100,293200,monday,W
KK Nagar ATM,10/04/2017,242,132,110,1642700,950600,692100,monday,W
Christ College ATM,10/04/2017,205,43,162,942800,226900,715900,monday,W
Big Street ATM,11/04/2017,143,27,116,415200,99300,315900,tuesday,W
Mount Road ATM,11/04/2017,174,51,123,648700,191900,456800,tuesday,W
Airport ATM,11/04/2017,90,38,52,530100,240900,289200,tuesday,W
KK Nagar ATM,11/04/2017,39,27,12,202400,153100,49300,tuesday,W
Christ College ATM,11/04/2017,114,23,91,462100,150200,311900,tuesday,W
Big Street ATM,12/04/2017,128,32,96,454400,185600,268800,wednesday,W
Mount Road ATM,12/04/2017,105,43,62,349600,144100,205500,wednesday,W
Airport ATM,12/04/2017,67,41,26,212100,133200,78900,wednesday,W
KK Nagar ATM,12/04/2017,95,61,34,651900,458300,193600,wednesday,W
Christ College ATM,12/04/2017,239,56,183,1164200,378500,785700,wednesday,W
Big Street ATM,13/04/2017,79,19,60,324100,122200,201900,thursday,W
Mount Road ATM,13/04/2017,122,50,72,477400,279100,198300,thursday,W
Airport ATM,13/04/2017,71,42,29,442400,330400,112000,thursday,W
KK Nagar ATM,13/04/2017,83,46,37,485200,265700,219500,thursday,W
Christ College ATM,13/04/2017,216,37,179,989000,199800,789200,thursday,W
Big Street ATM,14/04/2017,125,26,99,447700,125700,322000,friday,H
Mount Road ATM,14/04/2017,123,37,86,494200,216100,278100,friday,H
Airport ATM,14/04/2017,17,11,6,47700,39800,7900,friday,H
KK Nagar ATM,14/04/2017,97,52,45,605200,321800,283400,friday,H
Big Street ATM,15/04/2017,123,12,111,430800,46300,384500,saturday,H
Mount Road ATM,15/04/2017,66,27,39,299000,250500,48500,saturday,H
Airport ATM,15/04/2017,67,35,32,336100,195100,141000,saturday,H
KK Nagar ATM,15/04/2017,186,106,80,1211400,776600,434800,saturday,H
Christ College ATM,15/04/2017,258,52,206,1266600,313800,952800,saturday,H
Big Street ATM,16/04/2017,115,28,87,357700,84600,273100,sunday,H
Mount Road ATM,16/04/2017,60,8,52,200400,53600,146800,sunday,H
Airport ATM,16/04/2017,70,47,23,410700,321500,89200,sunday,H
KK Nagar ATM,16/04/2017,174,96,78,777800,421700,356100,sunday,H
Christ College ATM,16/04/2017,246,47,199,1028200,171300,856900,sunday,H
Big Street ATM,17/04/2017,117,23,94,350000,80100,269900,monday,W
Mount Road ATM,17/04/2017,68,25,43,202800,60800,142000,monday,W
Airport ATM,17/04/2017,10,6,4,17600,11700,5900,monday,W
KK Nagar ATM,17/04/2017,108,64,44,703200,469200,234000,monday,W
Christ College ATM,17/04/2017,226,39,187,1052300,219400,832900,monday,W
Big Street ATM,18/04/2017,100,14,86,349300,55200,294100,tuesday,W
Mount Road ATM,18/04/2017,94,19,75,307900,65900,242000,tuesday,W
KK Nagar ATM,18/04/2017,81,48,33,420800,244800,176000,tuesday,W
Christ College ATM,18/04/2017,111,39,72,565200,300600,264600,tuesday,W
Big Street ATM,19/04/2017,114,45,69,445200,261400,183800,wednesday,W
Mount Road ATM,19/04/2017,74,24,50,229200,92800,136400,wednesday,W
KK Nagar ATM,19/04/2017,97,58,39,553600,404900,148700,wednesday,W
Christ College ATM,19/04/2017,2,2,0,5100,5100,0,wednesday,W
Big Street ATM,20/04/2017,100,29,71,364600,160700,203900,thursday,W
Mount Road ATM,20/04/2017,52,28,24,201700,162300,39400,thursday,W
KK Nagar ATM,20/04/2017,70,43,27,377200,240900,136300,thursday,W
Christ College ATM,20/04/2017,150,65,85,818800,490700,328100,thursday,W
Big Street ATM,21/04/2017,117,30,87,454700,153000,301700,friday,W
Mount Road ATM,21/04/2017,55,16,39,182200,66400,115800,friday,W
KK Nagar ATM,21/04/2017,77,49,28,347000,200900,146100,friday,W
Christ College ATM,21/04/2017,195,61,134,807000,263500,543500,friday,W
Big Street ATM,22/04/2017,75,16,59,283500,94500,189000,saturday,H
Mount Road ATM,22/04/2017,87,31,56,449400,286100,163300,saturday,H
KK Nagar ATM,22/04/2017,93,50,43,544700,360800,183900,saturday,H
Christ College ATM,22/04/2017,206,56,150,813700,247600,566100,saturday,H
Big Street ATM,23/04/2017,94,24,70,297900,70200,227700,sunday,H
Mount Road ATM,23/04/2017,44,12,32,95400,32100,63300,sunday,H
KK Nagar ATM,23/04/2017,70,30,40,301500,126000,175500,sunday,H
Christ College ATM,23/04/2017,41,9,32,159100,51000,108100,sunday,H
Big Street ATM,24/04/2017,77,27,50,230200,71100,159100,monday,W
Mount Road ATM,24/04/2017,65,25,40,179400,63800,115600,monday,W
KK Nagar ATM,24/04/2017,247,141,106,1551000,1021100,529900,monday,W
Christ College ATM,24/04/2017,155,36,119,904000,322800,581200,monday,W
Big Street ATM,25/04/2017,101,38,63,327200,144400,182800,tuesday,W
Mount Road ATM,25/04/2017,55,24,31,183400,106700,76700,tuesday,W
KK Nagar ATM,25/04/2017,62,49,13,271700,224100,47600,tuesday,W
Christ College ATM,25/04/2017,161,44,117,756700,381000,375700,tuesday,W
Big Street ATM,26/04/2017,94,33,61,320100,163300,156800,wednesday,W
Mount Road ATM,26/04/2017,101,47,54,352800,264700,88100,wednesday,W
Airport ATM,26/04/2017,5,5,0,38700,38700,0,wednesday,W
KK Nagar ATM,26/04/2017,138,86,52,1045500,875700,169800,wednesday,W
Christ College ATM,26/04/2017,211,69,142,782300,356800,425500,wednesday,W
Big Street ATM,27/04/2017,93,34,59,366300,173800,192500,thursday,W
Mount Road ATM,27/04/2017,88,35,53,307100,154900,152200,thursday,W
Airport ATM,27/04/2017,36,29,7,208200,183400,24800,thursday,W
KK Nagar ATM,27/04/2017,84,51,33,617600,463300,154300,thursday,W
Christ College ATM,27/04/2017,194,46,148,688300,187000,501300,thursday,W
Big Street ATM,28/04/2017,132,35,97,565200,178800,386400,friday,W
Mount Road ATM,28/04/2017,28,15,13,57400,49600,7800,friday,W
KK Nagar ATM,28/04/2017,93,52,41,578600,358800,219800,friday,W
Christ College ATM,28/04/2017,30,7,23,152200,74100,78100,friday,W
Big Street ATM,29/04/2017,125,35,90,528200,252700,275500,saturday,H
Mount Road ATM,29/04/2017,43,22,21,128800,110000,18800,saturday,H
KK Nagar ATM,29/04/2017,165,79,86,1052500,476600,575900,saturday,H
Christ College ATM,29/04/2017,113,28,85,585600,230700,354900,saturday,H
Big Street ATM,30/04/2017,129,38,91,510600,208700,301900,sunday,H
Mount Road ATM,30/04/2017,32,12,20,84400,60500,23900,sunday,H
KK Nagar ATM,30/04/2017,103,52,51,421100,231400,189700,sunday,H
Christ College ATM,30/04/2017,162,23,139,691100,117900,573200,sunday,H
Big Street ATM,01/05/2017,129,29,100,451500,118400,333100,monday,H
Mount Road ATM,01/05/2017,34,6,28,65500,37000,28500,monday,H
KK Nagar ATM,01/05/2017,82,47,35,502300,349700,152600,monday,H
Christ College ATM,01/05/2017,267,38,229,1251800,225100,1026700,monday,H
Big Street ATM,02/05/2017,145,34,111,533700,190900,342800,tuesday,W
Mount Road ATM,02/05/2017,59,28,31,183200,160100,23100,tuesday,W
Airport ATM,02/05/2017,26,12,14,84200,47300,36900,tuesday,W
KK Nagar ATM,02/05/2017,126,59,67,837600,488600,349000,tuesday,W
Christ College ATM,02/05/2017,222,52,170,1082700,341300,741400,tuesday,W
Big Street ATM,03/05/2017,167,34,133,681500,177100,504400,wednesday,W
Mount Road ATM,03/05/2017,59,30,29,195500,168100,27400,wednesday,W
Airport ATM,03/05/2017,70,50,20,324400,277500,46900,wednesday,W
KK Nagar ATM,03/05/2017,161,65,96,1090300,556000,534300,wednesday,W
Christ College ATM,03/05/2017,286,79,207,1283300,483500,799800,wednesday,W
Big Street ATM,04/05/2017,59,14,45,148400,46600,101800,thursday,W
Mount Road ATM,04/05/2017,59,38,21,267200,246400,20800,thursday,W
Airport ATM,04/05/2017,51,31,20,284200,199600,84600,thursday,W
KK Nagar ATM,04/05/2017,229,156,73,1354900,969900,385000,thursday,W
Christ College ATM,04/05/2017,183,40,143,804000,203800,600200,thursday,W
Big Street ATM,05/05/2017,122,35,87,423700,165300,258400,friday,W
Mount Road ATM,05/05/2017,72,43,29,256200,230000,26200,friday,W
Airport ATM,05/05/2017,63,36,27,385700,251700,134000,friday,W
KK Nagar ATM,05/05/2017,72,51,21,468500,369200,99300,friday,W
Christ College ATM,05/05/2017,259,43,216,1340300,298200,1042100,friday,W
Big Street ATM,06/05/2017,118,30,88,470500,148500,322000,saturday,H
Mount Road ATM,06/05/2017,47,24,23,164000,143000,21000,saturday,H
Airport ATM,06/05/2017,30,26,4,113000,93700,19300,saturday,H
KK Nagar ATM,06/05/2017,146,93,53,990100,702000,288100,saturday,H
Christ College ATM,06/05/2017,190,34,156,1004800,208100,796700,saturday,H
Big Street ATM,07/05/2017,117,34,83,333300,83200,250100,sunday,H
Mount Road ATM,07/05/2017,32,17,15,101700,88400,13300,sunday,H
Airport ATM,07/05/2017,56,34,22,200800,143900,56900,sunday,H
KK Nagar ATM,07/05/2017,19,9,10,37500,17500,20000,sunday,H
Christ College ATM,07/05/2017,135,33,102,588700,135000,453700,sunday,H
Big Street ATM,08/05/2017,101,35,66,465100,246700,218400,monday,W
Mount Road ATM,08/05/2017,73,25,48,202300,104000,98300,monday,W
Airport ATM,08/05/2017,108,65,43,523700,371800,151900,monday,W
KK Nagar ATM,08/05/2017,93,42,51,435400,130500,304900,monday,W
Christ College ATM,08/05/2017,254,58,196,1398700,439700,959000,monday,W
Big Street ATM,09/05/2017,127,42,85,596100,320000,276100,tuesday,W
Mount Road ATM,09/05/2017,38,18,20,106700,62800,43900,tuesday,W
Airport ATM,09/05/2017,133,75,58,767900,517000,250900,tuesday,W
KK Nagar ATM,09/05/2017,53,24,29,193200,95700,97500,tuesday,W
Christ College ATM,09/05/2017,202,52,150,1115600,394600,721000,tuesday,W
Big Street ATM,10/05/2017,123,36,87,462400,154500,307900,wednesday,W
Mount Road ATM,10/05/2017,50,18,32,134900,39400,95500,wednesday,W
Airport ATM,10/05/2017,135,84,51,762200,586200,176000,wednesday,W
KK Nagar ATM,10/05/2017,39,26,13,139600,101800,37800,wednesday,W
Christ College ATM,10/05/2017,240,50,190,1242600,353300,889300,wednesday,W
Big Street ATM,11/05/2017,113,40,73,477100,318000,159100,thursday,W
Mount Road ATM,11/05/2017,201,58,143,770400,259100,511300,thursday,W
Airport ATM,11/05/2017,119,98,21,651800,579100,72700,thursday,W
KK Nagar ATM,11/05/2017,90,59,31,557300,380900,176400,thursday,W
Christ College ATM,11/05/2017,157,38,119,569000,154000,415000,thursday,W
Big Street ATM,12/05/2017,96,25,71,441900,178200,263700,friday,W
Mount Road ATM,12/05/2017,83,24,59,359600,150500,209100,friday,W
Airport ATM,12/05/2017,85,55,30,492000,371200,120800,friday,W
KK Nagar ATM,12/05/2017,46,28,18,221800,139700,82100,friday,W
Christ College ATM,12/05/2017,223,55,168,1073600,315300,758300,friday,W
Big Street ATM,13/05/2017,78,18,60,292000,107000,185000,saturday,H
Mount Road ATM,13/05/2017,72,22,50,293300,149800,143500,saturday,H
Airport ATM,13/05/2017,54,42,12,416300,354600,61700,saturday,H
KK Nagar ATM,13/05/2017,52,26,26,263100,157100,106000,saturday,H
Christ College ATM,13/05/2017,245,70,175,1058800,400600,658200,saturday,H
Big Street ATM,14/05/2017,135,24,111,465100,121100,344000,sunday,H
Mount Road ATM,14/05/2017,41,9,32,63700,10900,52800,sunday,H
KK Nagar ATM,14/05/2017,8,5,3,19300,13000,6300,sunday,H
Christ College ATM,14/05/2017,3,3,0,12000,12000,0,sunday,H
Big Street ATM,15/05/2017,139,30,109,477500,92500,385000,monday,W
Mount Road ATM,15/05/2017,52,19,33,201300,106900,94400,monday,W
Airport ATM,15/05/2017,42,36,6,189000,177800,11200,monday,W
KK Nagar ATM,15/05/2017,56,32,24,359400,202700,156700,monday,W
Big Street ATM,16/05/2017,54,21,33,217000,100000,117000,tuesday,W
Mount Road ATM,16/05/2017,85,35,50,270500,109400,161100,tuesday,W
KK Nagar ATM,16/05/2017,62,46,16,354600,264200,90400,tuesday,W
Big Street ATM,17/05/2017,98,29,69,335500,99000,236500,wednesday,W
Mount Road ATM,17/05/2017,49,17,32,161400,84400,77000,wednesday,W
KK Nagar ATM,17/05/2017,95,69,26,727800,580000,147800,wednesday,W
Christ College ATM,17/05/2017,134,43,91,533300,267500,265800,wednesday,W
Big Street ATM,18/05/2017,96,34,62,462500,240500,222000,thursday,W
Mount Road ATM,18/05/2017,56,18,38,224400,138100,86300,thursday,W
Airport ATM,18/05/2017,15,14,1,119500,116500,3000,thursday,W
KK Nagar ATM,18/05/2017,55,36,19,265900,215400,50500,thursday,W
Christ College ATM,18/05/2017,171,37,134,859500,239800,619700,thursday,W
Big Street ATM,19/05/2017,90,28,62,330500,125500,205000,friday,W
Mount Road ATM,19/05/2017,57,31,26,270000,202000,68000,friday,W
KK Nagar ATM,19/05/2017,108,77,31,574200,457100,117100,friday,W
Christ College ATM,19/05/2017,243,79,164,1249600,485100,764500,friday,W
Big Street ATM,20/05/2017,120,28,92,508200,206000,302200,saturday,H
Mount Road ATM,20/05/2017,68,19,49,104000,53500,50500,saturday,H
Airport ATM,20/05/2017,21,15,6,48600,40100,8500,saturday,H
KK Nagar ATM,20/05/2017,54,40,14,434400,366700,67700,saturday,H
Christ College ATM,20/05/2017,277,61,216,1307800,378500,929300,saturday,H
Big Street ATM,21/05/2017,92,24,68,308800,79600,229200,sunday,H
Mount Road ATM,21/05/2017,27,4,23,28400,5200,23200,sunday,H
Airport ATM,21/05/2017,63,47,16,195300,160500,34800,sunday,H
KK Nagar ATM,21/05/2017,106,72,34,526200,418000,108200,sunday,H
Christ College ATM,21/05/2017,253,49,204,974100,230800,743300,sunday,H
Big Street ATM,22/05/2017,90,22,68,334000,87500,246500,monday,W
Mount Road ATM,22/05/2017,56,14,42,195700,76400,119300,monday,W
Airport ATM,22/05/2017,33,30,3,143700,133100,10600,monday,W
KK Nagar ATM,22/05/2017,119,88,31,873900,760200,113700,monday,W
Christ College ATM,22/05/2017,159,46,113,851100,273300,577800,monday,W
Big Street ATM,23/05/2017,77,25,52,249500,92500,157000,tuesday,W
Mount Road ATM,23/05/2017,83,23,60,365900,203000,162900,tuesday,W
Airport ATM,23/05/2017,51,37,14,429900,350800,79100,tuesday,W
KK Nagar ATM,23/05/2017,89,65,24,772200,687800,84400,tuesday,W
Christ College ATM,23/05/2017,167,40,127,632700,272200,360500,tuesday,W
Big Street ATM,24/05/2017,95,28,67,412000,165000,247000,wednesday,W
Mount Road ATM,24/05/2017,127,53,74,595800,391400,204400,wednesday,W
Airport ATM,24/05/2017,62,44,18,463700,371000,92700,wednesday,W
KK Nagar ATM,24/05/2017,98,66,32,746500,589700,156800,wednesday,W
Christ College ATM,24/05/2017,288,58,230,1077000,257500,819500,wednesday,W
Big Street ATM,25/05/2017,89,27,62,377300,171200,206100,thursday,W
Mount Road ATM,25/05/2017,68,23,45,280400,168900,111500,thursday,W
Airport ATM,25/05/2017,46,34,12,304500,265000,39500,thursday,W
KK Nagar ATM,25/05/2017,116,58,58,924000,619500,304500,thursday,W
Christ College ATM,25/05/2017,223,42,181,1012500,240000,772500,thursday,W
Big Street ATM,26/05/2017,93,27,66,254600,109200,145400,friday,W
Mount Road ATM,26/05/2017,49,15,34,222000,115500,106500,friday,W
Airport ATM,26/05/2017,63,40,23,275400,209300,66100,friday,W
KK Nagar ATM,26/05/2017,79,55,24,462200,313300,148900,friday,W
Christ College ATM,26/05/2017,213,59,154,843700,311200,532500,friday,W
Big Street ATM,27/05/2017,95,24,71,426400,203300,223100,saturday,H
Mount Road ATM,27/05/2017,48,17,31,221600,148400,73200,saturday,H
Airport ATM,27/05/2017,82,56,26,271100,205200,65900,saturday,H
KK Nagar ATM,27/05/2017,109,52,57,735400,403100,332300,saturday,H
Christ College ATM,27/05/2017,294,81,213,1328900,550300,778600,saturday,H
Big Street ATM,28/05/2017,98,31,67,271200,102800,168400,sunday,H
Mount Road ATM,28/05/2017,69,14,55,228700,57000,171700,sunday,H
Airport ATM,28/05/2017,50,30,20,305400,254500,50900,sunday,H
KK Nagar ATM,28/05/2017,218,106,112,1092400,615700,476700,sunday,H
Christ College ATM,28/05/2017,42,13,29,116200,40300,75900,sunday,H
Big Street ATM,29/05/2017,91,30,61,228300,71200,157100,monday,W
Mount Road ATM,29/05/2017,54,17,37,210500,114700,95800,monday,W
Airport ATM,29/05/2017,94,61,33,534700,468000,66700,monday,W
KK Nagar ATM,29/05/2017,145,85,60,867400,593900,273500,monday,W
Christ College ATM,29/05/2017,129,41,88,468700,238700,230000,monday,W
Big Street ATM,30/05/2017,128,49,79,531200,295100,236100,tuesday,W
Mount Road ATM,30/05/2017,59,24,35,247000,137600,109400,tuesday,W
Airport ATM,30/05/2017,50,32,18,243600,174200,69400,tuesday,W
KK Nagar ATM,30/05/2017,80,59,21,491800,406600,85200,tuesday,W
Christ College ATM,30/05/2017,193,50,143,884600,299900,584700,tuesday,W
Big Street ATM,31/05/2017,121,39,82,456300,176000,280300,wednesday,W
Mount Road ATM,31/05/2017,96,33,63,466800,193800,273000,wednesday,W
Airport ATM,31/05/2017,69,43,26,249500,164200,85300,wednesday,W
KK Nagar ATM,31/05/2017,78,56,22,614100,555000,59100,wednesday,W
Christ College ATM,31/05/2017,240,61,179,1173900,295000,878900,wednesday,W
Big Street ATM,01/06/2017,131,34,97,637900,224500,413400,thursday,W
Mount Road ATM,01/06/2017,76,32,44,473000,330500,142500,thursday,W
Airport ATM,01/06/2017,77,60,17,493600,442700,50900,thursday,W
KK Nagar ATM,01/06/2017,96,57,39,786800,537400,249400,thursday,W
Christ College ATM,01/06/2017,326,73,253,1787800,413600,1374200,thursday,W
Big Street ATM,02/06/2017,149,43,106,570900,186700,384200,friday,W
Mount Road ATM,02/06/2017,70,25,45,285100,156800,128300,friday,W
KK Nagar ATM,02/06/2017,98,61,37,665900,508300,157600,friday,W
Christ College ATM,02/06/2017,250,52,198,1111500,278600,832900,friday,W
Big Street ATM,03/06/2017,92,26,66,434400,173600,260800,saturday,H
Mount Road ATM,03/06/2017,118,31,87,449100,134600,314500,saturday,H
KK Nagar ATM,03/06/2017,204,98,106,1416300,644300,772000,saturday,H
Christ College ATM,03/06/2017,268,65,203,1331000,338900,992100,saturday,H
Big Street ATM,04/06/2017,111,29,82,544200,219800,324400,sunday,H
Mount Road ATM,04/06/2017,95,28,67,181600,86100,95500,sunday,H
KK Nagar ATM,04/06/2017,128,87,41,717500,573600,143900,sunday,H
Christ College ATM,04/06/2017,47,19,28,173000,102500,70500,sunday,H
Big Street ATM,05/06/2017,140,28,112,641800,244500,397300,monday,W
Mount Road ATM,05/06/2017,95,36,59,398600,244900,153700,monday,W
KK Nagar ATM,05/06/2017,153,57,96,1004200,401000,603200,monday,W
Christ College ATM,05/06/2017,308,68,240,1423200,367700,1055500,monday,W
Big Street ATM,06/06/2017,106,36,70,416600,176300,240300,tuesday,W
Mount Road ATM,06/06/2017,168,60,108,575500,267600,307900,tuesday,W
KK Nagar ATM,06/06/2017,160,93,67,923000,569700,353300,tuesday,W
Christ College ATM,06/06/2017,132,31,101,663400,230800,432600,tuesday,W
Big Street ATM,07/06/2017,135,26,109,427100,130800,296300,wednesday,W
Mount Road ATM,07/06/2017,191,71,120,856400,404100,452300,wednesday,W
KK Nagar ATM,07/06/2017,162,92,70,819100,515200,303900,wednesday,W
Christ College ATM,07/06/2017,240,67,173,1304100,497500,806600,wednesday,W
Big Street ATM,08/06/2017,106,33,73,398900,163600,235300,thursday,W
Mount Road ATM,08/06/2017,129,47,82,647900,355000,292900,thursday,W
KK Nagar ATM,08/06/2017,167,79,88,1077400,612700,464700,thursday,W
Christ College ATM,08/06/2017,239,52,187,1300500,356300,944200,thursday,W
Big Street ATM,09/06/2017,71,24,47,282200,121700,160500,friday,W
Mount Road ATM,09/06/2017,76,36,40,258900,192200,66700,friday,W
KK Nagar ATM,09/06/2017,107,71,36,871100,655800,215300,friday,W
Christ College ATM,09/06/2017,226,63,163,1188600,474400,714200,friday,W
Big Street ATM,10/06/2017,83,15,68,294600,29800,264800,saturday,H
Mount Road ATM,10/06/2017,61,15,46,124900,75600,49300,saturday,H
KK Nagar ATM,10/06/2017,79,44,35,597800,458000,139800,saturday,H
Christ College ATM,10/06/2017,216,77,139,1183800,592500,591300,saturday,H
Big Street ATM,11/06/2017,137,29,108,580600,164900,415700,sunday,H
Mount Road ATM,11/06/2017,65,18,47,184700,149100,35600,sunday,H
KK Nagar ATM,11/06/2017,125,80,45,626500,430100,196400,sunday,H
Christ College ATM,11/06/2017,161,28,133,637300,204800,432500,sunday,H
Big Street ATM,12/06/2017,95,30,65,383600,153700,229900,monday,W
Mount Road ATM,12/06/2017,61,27,34,142200,121000,21200,monday,W
KK Nagar ATM,12/06/2017,109,78,31,630500,510400,120100,monday,W
Christ College ATM,12/06/2017,50,16,34,197300,105600,91700,monday,W
Big Street ATM,13/06/2017,120,24,96,503600,166200,337400,tuesday,W
Mount Road ATM,13/06/2017,84,33,51,156800,121400,35400,tuesday,W
KK Nagar ATM,13/06/2017,96,55,41,537800,292600,245200,tuesday,W
Christ College ATM,13/06/2017,204,62,142,1067500,439700,627800,tuesday,W
Mount Road ATM,14/06/2017,60,39,21,185000,168000,17000,wednesday,W
KK Nagar ATM,14/06/2017,18,12,6,132200,112000,20200,wednesday,W
Christ College ATM,14/06/2017,138,57,81,598900,319000,279900,wednesday,W
Mount Road ATM,15/06/2017,48,22,26,124400,104000,20400,thursday,W
KK Nagar ATM,15/06/2017,69,43,26,322800,244600,78200,thursday,W
Christ College ATM,15/06/2017,148,37,111,690600,265800,424800,thursday,W
Big Street ATM,16/06/2017,58,12,46,154700,53600,101100,friday,W
Mount Road ATM,16/06/2017,44,18,26,81600,60900,20700,friday,W
KK Nagar ATM,16/06/2017,83,55,28,484800,372600,112200,friday,W
Christ College ATM,16/06/2017,129,34,95,578600,212500,366100,friday,W
Big Street ATM,17/06/2017,113,35,78,373900,150700,223200,saturday,H
Mount Road ATM,17/06/2017,59,14,45,115000,72500,42500,saturday,H
KK Nagar ATM,17/06/2017,121,84,37,651900,523900,128000,saturday,H
Christ College ATM,17/06/2017,121,55,66,654400,442300,212100,saturday,H
Big Street ATM,18/06/2017,89,27,62,239700,84700,155000,sunday,H
Mount Road ATM,18/06/2017,37,8,29,35400,15700,19700,sunday,H
KK Nagar ATM,18/06/2017,78,61,17,413300,369400,43900,sunday,H
Christ College ATM,18/06/2017,132,45,87,445800,214500,231300,sunday,H
Big Street ATM,19/06/2017,106,31,75,456600,224300,232300,monday,W
Mount Road ATM,19/06/2017,42,12,30,80700,53000,27700,monday,W
KK Nagar ATM,19/06/2017,49,26,23,260700,148200,112500,monday,W
Christ College ATM,19/06/2017,142,62,80,622900,401200,221700,monday,W
Big Street ATM,20/06/2017,103,32,71,444600,206200,238400,tuesday,W
Mount Road ATM,20/06/2017,56,22,34,138000,112600,25400,tuesday,W
KK Nagar ATM,20/06/2017,66,44,22,399200,315300,83900,tuesday,W
Christ College ATM,20/06/2017,121,57,64,549500,398200,151300,tuesday,W
Big Street ATM,21/06/2017,114,31,83,445500,172200,273300,wednesday,W
Mount Road ATM,21/06/2017,46,23,23,170200,153700,16500,wednesday,W
KK Nagar ATM,21/06/2017,128,91,37,885000,766200,118800,wednesday,W
Christ College ATM,21/06/2017,61,19,42,316300,130000,186300,wednesday,W
Big Street ATM,22/06/2017,127,38,89,491900,219200,272700,thursday,W
Mount Road ATM,22/06/2017,53,22,31,123500,98400,25100,thursday,W
Airport ATM,22/06/2017,6,5,1,35600,30600,5000,thursday,W
KK Nagar ATM,22/06/2017,92,60,32,568700,439400,129300,thursday,W
Big Street ATM,23/06/2017,106,34,72,381600,179500,202100,friday,W
Mount Road ATM,23/06/2017,36,12,24,72500,52500,20000,friday,W
Airport ATM,23/06/2017,35,28,7,260000,245000,15000,friday,W
KK Nagar ATM,23/06/2017,121,69,52,791200,561500,229700,friday,W
Christ College ATM,23/06/2017,84,35,49,309800,212900,96900,friday,W
Big Street ATM,24/06/2017,118,37,81,356000,125300,230700,saturday,H
Mount Road ATM,24/06/2017,45,18,27,117000,92900,24100,saturday,H
Airport ATM,24/06/2017,18,14,4,105600,94600,11000,saturday,H
KK Nagar ATM,24/06/2017,69,50,19,421000,352200,68800,saturday,H
Christ College ATM,24/06/2017,170,64,106,778700,369900,408800,saturday,H
Big Street ATM,25/06/2017,99,16,83,213200,38200,175000,sunday,H
Mount Road ATM,25/06/2017,31,20,11,83400,77300,6100,sunday,H
Airport ATM,25/06/2017,4,4,0,12100,12100,0,sunday,H
KK Nagar ATM,25/06/2017,20,16,4,92200,82100,10100,sunday,H
Christ College ATM,25/06/2017,131,29,102,455200,199300,255900,sunday,H
Big Street ATM,26/06/2017,44,7,37,108700,33300,75400,monday,H
Mount Road ATM,26/06/2017,52,20,32,211700,185500,26200,monday,H
KK Nagar ATM,26/06/2017,23,20,3,186200,179200,7000,monday,H
Christ College ATM,26/06/2017,175,49,126,591800,172200,419600,monday,H
Big Street ATM,27/06/2017,88,21,67,281100,120500,160600,tuesday,W
Mount Road ATM,27/06/2017,51,9,42,70100,27100,43000,tuesday,W
Airport ATM,27/06/2017,56,39,17,440500,383300,57200,tuesday,W
KK Nagar ATM,27/06/2017,94,65,29,537500,393200,144300,tuesday,W
Christ College ATM,27/06/2017,127,41,86,532800,206900,325900,tuesday,W
Big Street ATM,28/06/2017,90,16,74,321600,80800,240800,wednesday,W
Mount Road ATM,28/06/2017,43,20,23,125900,109300,16600,wednesday,W
Airport ATM,28/06/2017,9,7,2,51500,46000,5500,wednesday,W
KK Nagar ATM,28/06/2017,100,74,26,688700,603100,85600,wednesday,W
Christ College ATM,28/06/2017,63,26,37,293700,188500,105200,wednesday,W
Big Street ATM,29/06/2017,144,40,104,583800,245500,338300,thursday,W
Mount Road ATM,29/06/2017,42,19,23,127300,112400,14900,thursday,W
KK Nagar ATM,29/06/2017,163,104,59,1129300,875000,254300,thursday,W
Christ College ATM,29/06/2017,127,35,92,585200,258100,327100,thursday,W
Big Street ATM,30/06/2017,115,37,78,466200,169500,296700,friday,W
Mount Road ATM,30/06/2017,57,24,33,214700,191000,23700,friday,W
KK Nagar ATM,30/06/2017,128,85,43,1302500,1002200,300300,friday,W
Christ College ATM,30/06/2017,182,58,124,964100,397400,566700,friday,W
Big Street ATM,01/07/2017,131,34,97,508700,210100,298600,saturday,H
Mount Road ATM,01/07/2017,50,12,38,104400,68800,35600,saturday,H
Airport ATM,01/07/2017,28,21,7,177400,146600,30800,saturday,H
KK Nagar ATM,01/07/2017,150,86,64,950600,691100,259500,saturday,H
Christ College ATM,01/07/2017,260,66,194,1530000,516600,1013400,saturday,H
Big Street ATM,02/07/2017,150,34,116,574400,98600,475800,sunday,H
Mount Road ATM,02/07/2017,51,9,42,127200,43300,83900,sunday,H
KK Nagar ATM,02/07/2017,131,56,75,704500,347400,357100,sunday,H
Christ College ATM,02/07/2017,129,27,102,510900,98100,412800,sunday,H
Big Street ATM,03/07/2017,56,12,44,241200,103100,138100,monday,W
Mount Road ATM,03/07/2017,100,35,65,414700,209500,205200,monday,W
Airport ATM,03/07/2017,4,3,1,8500,8000,500,monday,W
KK Nagar ATM,03/07/2017,108,65,43,732000,472500,259500,monday,W
Christ College ATM,03/07/2017,171,74,97,1017700,620200,397500,monday,W
Big Street ATM,04/07/2017,72,14,58,287300,95900,191400,tuesday,W
Mount Road ATM,04/07/2017,55,24,31,252000,137000,115000,tuesday,W
Airport ATM,04/07/2017,6,5,1,43300,43000,300,tuesday,W
KK Nagar ATM,04/07/2017,58,41,17,482300,405700,76600,tuesday,W
Christ College ATM,04/07/2017,156,57,99,743100,353400,389700,tuesday,W
Big Street ATM,05/07/2017,49,15,34,279500,112100,167400,wednesday,W
Mount Road ATM,05/07/2017,201,51,150,978800,379200,599600,wednesday,W
Airport ATM,05/07/2017,10,8,2,63500,56500,7000,wednesday,W
KK Nagar ATM,05/07/2017,68,51,17,499600,436200,63400,wednesday,W
Christ College ATM,05/07/2017,265,80,185,1408000,567100,840900,wednesday,W
Big Street ATM,06/07/2017,49,15,34,183700,94700,89000,thursday,W
Mount Road ATM,06/07/2017,84,29,55,388600,205000,183600,thursday,W
Airport ATM,06/07/2017,1,1,0,1000,1000,0,thursday,W
KK Nagar ATM,06/07/2017,66,43,23,379500,251100,128400,thursday,W
Christ College ATM,06/07/2017,198,58,140,1035400,397800,637600,thursday,W
Big Street ATM,07/07/2017,116,45,71,515800,292800,223000,friday,W
Mount Road ATM,07/07/2017,92,39,53,556000,368500,187500,friday,W
KK Nagar ATM,07/07/2017,65,42,23,359600,257400,102200,friday,W
Christ College ATM,07/07/2017,134,45,89,642500,293600,348900,friday,W
Big Street ATM,08/07/2017,122,17,105,470500,129900,340600,saturday,H
Mount Road ATM,08/07/2017,73,21,52,197100,71500,125600,saturday,H
KK Nagar ATM,08/07/2017,48,33,15,323000,262500,60500,saturday,H
Christ College ATM,08/07/2017,276,86,190,1379300,558000,821300,saturday,H
Big Street ATM,09/07/2017,105,25,80,324500,153700,170800,sunday,H
Mount Road ATM,09/07/2017,81,11,70,184500,42000,142500,sunday,H
Christ College ATM,09/07/2017,106,23,83,389000,74300,314700,sunday,H
Big Street ATM,10/07/2017,98,28,70,413200,185200,228000,monday,W
Mount Road ATM,10/07/2017,59,32,27,214000,191400,22600,monday,W
KK Nagar ATM,10/07/2017,93,67,26,665600,540700,124900,monday,W
Christ College ATM,10/07/2017,210,57,153,986500,368600,617900,monday,W
Big Street ATM,11/07/2017,122,32,90,476700,228700,248000,tuesday,W
Mount Road ATM,11/07/2017,69,42,27,217500,199400,18100,tuesday,W
KK Nagar ATM,11/07/2017,67,53,14,342600,278500,64100,tuesday,W
Christ College ATM,11/07/2017,111,53,58,747100,453900,293200,tuesday,W
Big Street ATM,12/07/2017,95,32,63,421000,215200,205800,wednesday,W
Mount Road ATM,12/07/2017,45,23,22,118200,101900,16300,wednesday,W
Airport ATM,12/07/2017,20,12,8,108500,97800,10700,wednesday,W
KK Nagar ATM,12/07/2017,97,70,27,659200,537900,121300,wednesday,W
Christ College ATM,12/07/2017,113,40,73,484100,228700,255400,wednesday,W
Big Street ATM,13/07/2017,33,12,21,165600,92000,73600,thursday,W
Mount Road ATM,13/07/2017,40,16,24,90300,66900,23400,thursday,W
Airport ATM,13/07/2017,19,17,2,51600,46600,5000,thursday,W
KK Nagar ATM,13/07/2017,56,39,17,413400,340600,72800,thursday,W
Christ College ATM,13/07/2017,148,53,95,790000,406400,383600,thursday,W
Big Street ATM,14/07/2017,82,25,57,368100,199200,168900,friday,W
Mount Road ATM,14/07/2017,61,23,38,174800,139000,35800,friday,W
KK Nagar ATM,14/07/2017,53,34,19,349200,250000,99200,friday,W
Christ College ATM,14/07/2017,128,48,80,505300,245800,259500,friday,W
Big Street ATM,15/07/2017,106,30,76,452700,280600,172100,saturday,H
Mount Road ATM,15/07/2017,105,54,51,265700,212100,53600,saturday,H
Airport ATM,15/07/2017,23,13,10,135000,110200,24800,saturday,H
KK Nagar ATM,15/07/2017,104,76,28,579200,419300,159900,saturday,H
Christ College ATM,15/07/2017,173,64,109,876000,404800,471200,saturday,H
Big Street ATM,16/07/2017,109,30,79,307100,118200,188900,sunday,H
Mount Road ATM,16/07/2017,68,28,40,138700,109900,28800,sunday,H
Airport ATM,16/07/2017,1,1,0,1000,1000,0,sunday,H
Christ College ATM,16/07/2017,125,45,80,438600,219000,219600,sunday,H
Big Street ATM,17/07/2017,71,22,49,268100,126200,141900,monday,W
Mount Road ATM,17/07/2017,50,23,27,182500,158600,23900,monday,W
KK Nagar ATM,17/07/2017,58,43,15,311000,233600,77400,monday,W
Christ College ATM,17/07/2017,144,64,80,783400,557000,226400,monday,W
Big Street ATM,18/07/2017,104,24,80,469400,212200,257200,tuesday,W
Mount Road ATM,18/07/2017,66,22,44,317300,157800,159500,tuesday,W
KK Nagar ATM,18/07/2017,48,33,15,372100,290300,81800,tuesday,W
Christ College ATM,18/07/2017,120,31,89,549100,223900,325200,tuesday,W
Big Street ATM,19/07/2017,35,10,25,106000,40500,65500,wednesday,W
Mount Road ATM,19/07/2017,30,13,17,135000,68500,66500,wednesday,W
Airport ATM,19/07/2017,17,12,5,106500,99900,6600,wednesday,W
KK Nagar ATM,19/07/2017,38,31,7,263400,217400,46000,wednesday,W
Christ College ATM,19/07/2017,68,24,44,257900,118200,139700,wednesday,W
Big Street ATM,20/07/2017,64,14,50,259800,112100,147700,thursday,W
Mount Road ATM,20/07/2017,59,18,41,147900,76600,71300,thursday,W
KK Nagar ATM,20/07/2017,13,7,6,103400,55400,48000,thursday,W
Christ College ATM,20/07/2017,123,47,76,483700,232600,251100,thursday,W
Big Street ATM,21/07/2017,103,35,68,462800,227000,235800,friday,W
Mount Road ATM,21/07/2017,76,31,45,163100,84900,78200,friday,W
Airport ATM,21/07/2017,7,3,4,5900,2400,3500,friday,W
KK Nagar ATM,21/07/2017,45,26,19,358800,252100,106700,friday,W
Christ College ATM,21/07/2017,107,43,64,550900,285600,265300,friday,W
Big Street ATM,22/07/2017,111,31,80,379900,174000,205900,saturday,H
Mount Road ATM,22/07/2017,77,21,56,211800,81400,130400,saturday,H
Airport ATM,22/07/2017,60,25,35,255500,186000,69500,saturday,H
Christ College ATM,22/07/2017,162,77,85,987800,672400,315400,saturday,H
Big Street ATM,23/07/2017,80,24,56,236900,116200,120700,sunday,H
Mount Road ATM,23/07/2017,44,13,31,170100,95800,74300,sunday,H
Airport ATM,23/07/2017,57,39,18,300800,237200,63600,sunday,H
Christ College ATM,23/07/2017,80,33,47,184100,115700,68400,sunday,H
Big Street ATM,24/07/2017,60,23,37,274700,187400,87300,monday,W
Mount Road ATM,24/07/2017,48,12,36,124700,42700,82000,monday,W
Airport ATM,24/07/2017,68,45,23,340500,276100,64400,monday,W
KK Nagar ATM,24/07/2017,15,10,5,96400,84600,11800,monday,W
Christ College ATM,24/07/2017,114,46,68,532900,311500,221400,monday,W
Big Street ATM,25/07/2017,71,19,52,187100,73400,113700,tuesday,W
Mount Road ATM,25/07/2017,44,17,27,190500,113000,77500,tuesday,W
Airport ATM,25/07/2017,10,8,2,42000,33800,8200,tuesday,W
KK Nagar ATM,25/07/2017,20,14,6,122700,82700,40000,tuesday,W
Christ College ATM,25/07/2017,144,57,87,692700,369500,323200,tuesday,W
Big Street ATM,26/07/2017,101,24,77,331000,115200,215800,wednesday,W
Mount Road ATM,26/07/2017,60,23,37,230500,116400,114100,wednesday,W
Airport ATM,26/07/2017,45,32,13,284300,241600,42700,wednesday,W
KK Nagar ATM,26/07/2017,25,17,8,103500,74800,28700,wednesday,W
Christ College ATM,26/07/2017,81,44,37,326500,235000,91500,wednesday,W
Big Street ATM,27/07/2017,69,27,42,289300,167800,121500,thursday,W
Mount Road ATM,27/07/2017,95,45,50,300900,136300,164600,thursday,W
Airport ATM,27/07/2017,138,94,44,862600,677700,184900,thursday,W
KK Nagar ATM,27/07/2017,50,36,14,324400,263400,61000,thursday,W
Christ College ATM,27/07/2017,124,52,72,523700,337600,186100,thursday,W
Big Street ATM,28/07/2017,83,31,52,257800,120500,137300,friday,W
Mount Road ATM,28/07/2017,65,26,39,230700,156000,74700,friday,W
Airport ATM,28/07/2017,107,64,43,582400,419900,162500,friday,W
KK Nagar ATM,28/07/2017,88,54,34,459300,315700,143600,friday,W
Christ College ATM,28/07/2017,141,57,84,586500,307000,279500,friday,W
Big Street ATM,29/07/2017,91,22,69,300600,141100,159500,saturday,H
Mount Road ATM,29/07/2017,67,18,49,292200,152000,140200,saturday,H
Airport ATM,29/07/2017,117,86,31,558700,437800,120900,saturday,H
KK Nagar ATM,29/07/2017,4,4,0,46000,46000,0,saturday,H
Christ College ATM,29/07/2017,162,63,99,765700,391800,373900,saturday,H
Big Street ATM,30/07/2017,81,16,65,267200,113000,154200,sunday,H
Mount Road ATM,30/07/2017,50,18,32,195200,133800,61400,sunday,H
Airport ATM,30/07/2017,102,70,32,431000,328700,102300,sunday,H
Christ College ATM,30/07/2017,135,37,98,391300,129300,262000,sunday,H
Big Street ATM,31/07/2017,119,45,74,423700,242500,181200,monday,W
Mount Road ATM,31/07/2017,29,8,21,100800,43100,57700,monday,W
Airport ATM,31/07/2017,138,95,43,860800,616300,244500,monday,W
Christ College ATM,31/07/2017,164,61,103,892000,352100,539900,monday,W
Big Street ATM,01/08/2017,124,35,89,425300,173500,251800,tuesday,W
Mount Road ATM,01/08/2017,49,13,36,255000,135500,119500,tuesday,W
Airport ATM,01/08/2017,130,87,43,817800,649300,168500,tuesday,W
Christ College ATM,01/08/2017,140,50,90,701500,271600,429900,tuesday,W
Big Street ATM,02/08/2017,82,18,64,371800,94800,277000,wednesday,W
Mount Road ATM,02/08/2017,69,27,42,315200,143800,171400,wednesday,W
Airport ATM,02/08/2017,174,111,63,1003800,818300,185500,wednesday,W
KK Nagar ATM,02/08/2017,13,7,6,81700,63000,18700,wednesday,W
Christ College ATM,02/08/2017,55,13,42,380600,104200,276400,wednesday,W
Big Street ATM,03/08/2017,105,24,81,364600,168700,195900,thursday,W
Mount Road ATM,03/08/2017,103,31,72,382100,156800,225300,thursday,W
Airport ATM,03/08/2017,143,90,53,770400,576700,193700,thursday,W
KK Nagar ATM,03/08/2017,57,42,15,330900,260200,70700,thursday,W
Christ College ATM,03/08/2017,85,37,48,357100,174100,183000,thursday,W
Big Street ATM,04/08/2017,124,48,76,385200,210400,174800,friday,W
Mount Road ATM,04/08/2017,55,23,32,225400,121500,103900,friday,W
Airport ATM,04/08/2017,111,72,39,562200,468900,93300,friday,W
KK Nagar ATM,04/08/2017,46,26,20,297000,202400,94600,friday,W
Christ College ATM,04/08/2017,168,72,96,758400,459100,299300,friday,W
Big Street ATM,05/08/2017,66,20,46,227500,140900,86600,saturday,H
Mount Road ATM,05/08/2017,117,34,83,505000,213000,292000,saturday,H
Airport ATM,05/08/2017,146,104,42,1105900,939800,166100,saturday,H
KK Nagar ATM,05/08/2017,35,18,17,187500,112100,75400,saturday,H
Christ College ATM,05/08/2017,137,43,94,739100,265800,473300,saturday,H
Big Street ATM,06/08/2017,129,22,107,434900,111400,323500,sunday,H
Mount Road ATM,06/08/2017,86,26,60,247800,116600,131200,sunday,H
Airport ATM,06/08/2017,120,84,36,547200,440500,106700,sunday,H
KK Nagar ATM,06/08/2017,91,59,32,640200,484000,156200,sunday,H
Christ College ATM,06/08/2017,116,44,72,655400,337700,317700,sunday,H
Big Street ATM,07/08/2017,111,22,89,326700,112100,214600,monday,W
Mount Road ATM,07/08/2017,133,45,88,567300,224400,342900,monday,W
Airport ATM,07/08/2017,151,108,43,978800,784700,194100,monday,W
KK Nagar ATM,07/08/2017,29,24,5,201000,186300,14700,monday,W
Christ College ATM,07/08/2017,56,20,36,305500,121600,183900,monday,W
Big Street ATM,08/08/2017,84,21,63,404300,177700,226600,tuesday,W
Mount Road ATM,08/08/2017,85,41,44,378600,224300,154300,tuesday,W
Airport ATM,08/08/2017,141,95,46,871400,691900,179500,tuesday,W
KK Nagar ATM,08/08/2017,96,65,31,604200,494100,110100,tuesday,W
Christ College ATM,08/08/2017,47,22,25,159800,73000,86800,tuesday,W
Big Street ATM,09/08/2017,95,25,70,327700,154600,173100,wednesday,W
Mount Road ATM,09/08/2017,67,32,35,315000,206000,109000,wednesday,W
Airport ATM,09/08/2017,143,110,33,939400,807500,131900,wednesday,W
KK Nagar ATM,09/08/2017,91,36,55,590300,309300,281000,wednesday,W
Christ College ATM,09/08/2017,106,42,64,440600,190800,249800,wednesday,W
Big Street ATM,10/08/2017,93,31,62,362400,160200,202200,thursday,W
Mount Road ATM,10/08/2017,67,26,41,292300,143300,149000,thursday,W
Airport ATM,10/08/2017,107,70,37,511600,360400,151200,thursday,W
KK Nagar ATM,10/08/2017,75,55,20,493500,418900,74600,thursday,W
Christ College ATM,10/08/2017,141,61,80,776400,463200,313200,thursday,W
Big Street ATM,11/08/2017,119,33,86,567700,203400,364300,friday,W
Mount Road ATM,11/08/2017,17,8,9,67600,35900,31700,friday,W
Airport ATM,11/08/2017,73,44,29,362500,235600,126900,friday,W
KK Nagar ATM,11/08/2017,138,93,45,895900,723100,172800,friday,W
Christ College ATM,11/08/2017,161,73,88,845600,506500,339100,friday,W
Big Street ATM,12/08/2017,118,21,97,440300,123800,316500,saturday,H
Airport ATM,12/08/2017,87,59,28,473000,390400,82600,saturday,H
KK Nagar ATM,12/08/2017,90,50,40,660500,458700,201800,saturday,H
Christ College ATM,12/08/2017,27,14,13,97200,64800,32400,saturday,H
Big Street ATM,13/08/2017,115,24,91,356900,94000,262900,sunday,H
Airport ATM,13/08/2017,94,47,47,344200,241900,102300,sunday,H
KK Nagar ATM,13/08/2017,44,32,12,255200,211800,43400,sunday,H
Big Street ATM,14/08/2017,81,24,57,304700,137300,167400,monday,W
Airport ATM,14/08/2017,40,29,11,205400,166400,39000,monday,W
KK Nagar ATM,14/08/2017,83,46,37,401400,216000,185400,monday,W
KK Nagar ATM,15/08/2017,118,49,69,672200,433400,238800,tuesday,H
Big Street ATM,16/08/2017,97,33,64,396800,192100,204700,wednesday,H
Mount Road ATM,16/08/2017,29,11,18,105200,78300,26900,wednesday,H
Airport ATM,16/08/2017,70,56,14,315100,269500,45600,wednesday,H
KK Nagar ATM,16/08/2017,143,89,54,1132800,868900,263900,wednesday,H
Big Street ATM,17/08/2017,95,26,69,401300,222200,179100,thursday,W
Mount Road ATM,17/08/2017,76,21,55,376700,231500,145200,thursday,W
Airport ATM,17/08/2017,90,65,25,455000,354600,100400,thursday,W
KK Nagar ATM,17/08/2017,32,24,8,205900,179400,26500,thursday,W
Big Street ATM,18/08/2017,112,33,79,455800,197700,258100,friday,W
Mount Road ATM,18/08/2017,71,33,38,466900,384100,82800,friday,W
Airport ATM,18/08/2017,54,42,12,248400,218400,30000,friday,W
KK Nagar ATM,18/08/2017,46,24,22,271300,162600,108700,friday,W
Christ College ATM,18/08/2017,83,32,51,338300,167200,171100,friday,W
Big Street ATM,19/08/2017,110,20,90,392700,129100,263600,saturday,H
Mount Road ATM,19/08/2017,101,22,79,291900,54300,237600,saturday,H
Airport ATM,19/08/2017,114,84,30,680300,609300,71000,saturday,H
KK Nagar ATM,19/08/2017,76,53,23,468200,347400,120800,saturday,H
Christ College ATM,19/08/2017,164,58,106,746300,407500,338800,saturday,H
Big Street ATM,20/08/2017,81,16,65,215100,92500,122600,sunday,H
Mount Road ATM,20/08/2017,83,19,64,183800,43300,140500,sunday,H
Airport ATM,20/08/2017,85,46,39,339200,240600,98600,sunday,H
KK Nagar ATM,20/08/2017,28,20,8,100300,61100,39200,sunday,H
Christ College ATM,20/08/2017,116,42,74,459700,221300,238400,sunday,H
Big Street ATM,21/08/2017,80,12,68,227100,45700,181400,monday,W
Mount Road ATM,21/08/2017,28,12,16,54200,30500,23700,monday,W
Airport ATM,21/08/2017,106,74,32,554900,448600,106300,monday,W
KK Nagar ATM,21/08/2017,48,34,14,447500,393700,53800,monday,W
Christ College ATM,21/08/2017,125,55,70,586100,309900,276200,monday,W
Big Street ATM,22/08/2017,130,39,91,572300,271300,301000,tuesday,W
Mount Road ATM,22/08/2017,38,14,24,121500,78000,43500,tuesday,W
Airport ATM,22/08/2017,86,61,25,616600,506500,110100,tuesday,W
KK Nagar ATM,22/08/2017,86,45,41,558900,409300,149600,tuesday,W
Christ College ATM,22/08/2017,174,59,115,671400,338800,332600,tuesday,W
Big Street ATM,23/08/2017,95,31,64,331100,185500,145600,wednesday,W
Mount Road ATM,23/08/2017,54,31,23,303500,253500,50000,wednesday,W
Airport ATM,23/08/2017,98,71,27,537300,468900,68400,wednesday,W
KK Nagar ATM,23/08/2017,54,36,18,339500,238600,100900,wednesday,W
Christ College ATM,23/08/2017,106,51,55,541300,365800,175500,wednesday,W
Big Street ATM,24/08/2017,135,43,92,510300,240900,269400,thursday,W
Mount Road ATM,24/08/2017,57,14,43,204500,84500,120000,thursday,W
Airport ATM,24/08/2017,110,72,38,483000,356600,126400,thursday,W
KK Nagar ATM,24/08/2017,104,66,38,754500,543000,211500,thursday,W
Christ College ATM,24/08/2017,108,47,61,617100,376400,240700,thursday,W
Big Street ATM,25/08/2017,22,5,17,68100,13700,54400,friday,H
Mount Road ATM,25/08/2017,28,8,20,72000,32500,39500,friday,H
Airport ATM,25/08/2017,26,18,8,162100,138900,23200,friday,H
KK Nagar ATM,25/08/2017,68,46,22,442500,358100,84400,friday,H
Christ College ATM,25/08/2017,118,40,78,594800,241800,353000,friday,H
Big Street ATM,26/08/2017,113,23,90,403800,161200,242600,saturday,H
Mount Road ATM,26/08/2017,67,24,43,216400,143800,72600,saturday,H
Airport ATM,26/08/2017,27,23,4,157300,151900,5400,saturday,H
KK Nagar ATM,26/08/2017,64,40,24,473500,342100,131400,saturday,H
Christ College ATM,26/08/2017,37,20,17,189200,126000,63200,saturday,H
Big Street ATM,27/08/2017,132,18,114,349300,105600,243700,sunday,H
Mount Road ATM,27/08/2017,40,10,30,139200,77300,61900,sunday,H
Airport ATM,27/08/2017,34,23,11,176300,155300,21000,sunday,H
Big Street ATM,28/08/2017,61,8,53,233200,58500,174700,monday,W
Mount Road ATM,28/08/2017,76,26,50,238500,139400,99100,monday,W
Airport ATM,28/08/2017,90,62,28,410100,297500,112600,monday,W
KK Nagar ATM,28/08/2017,109,76,33,739100,593800,145300,monday,W
Christ College ATM,28/08/2017,132,46,86,690700,407300,283400,monday,W
Big Street ATM,29/08/2017,83,18,65,260300,57700,202600,tuesday,W
Mount Road ATM,29/08/2017,67,22,45,200700,48100,152600,tuesday,W
Airport ATM,29/08/2017,65,43,22,318700,237000,81700,tuesday,W
KK Nagar ATM,29/08/2017,96,72,24,763300,630400,132900,tuesday,W
Christ College ATM,29/08/2017,171,54,117,789600,361100,428500,tuesday,W
Big Street ATM,30/08/2017,139,30,109,443100,149500,293600,wednesday,W
Mount Road ATM,30/08/2017,72,28,44,287600,197500,90100,wednesday,W
Airport ATM,30/08/2017,56,34,22,276200,233700,42500,wednesday,W
KK Nagar ATM,30/08/2017,100,77,23,1021600,894800,126800,wednesday,W
Christ College ATM,30/08/2017,201,69,132,941600,472700,468900,wednesday,W
Big Street ATM,31/08/2017,118,29,89,520200,148200,372000,thursday,W
Mount Road ATM,31/08/2017,73,24,49,286300,114400,171900,thursday,W
Airport ATM,31/08/2017,87,62,25,603300,511700,91600,thursday,W
KK Nagar ATM,31/08/2017,84,60,24,527300,392000,135300,thursday,W
Christ College ATM,31/08/2017,171,55,116,841100,314900,526200,thursday,W
Big Street ATM,01/09/2017,174,34,140,694300,171700,522600,friday,W
Mount Road ATM,01/09/2017,67,20,47,245800,141500,104300,friday,W
Airport ATM,01/09/2017,63,45,18,399300,307100,92200,friday,W
KK Nagar ATM,01/09/2017,84,68,16,500200,437000,63200,friday,W
Christ College ATM,01/09/2017,266,71,195,1663200,555500,1107700,friday,W
Big Street ATM,02/09/2017,135,29,106,517700,186500,331200,saturday,H
Mount Road ATM,02/09/2017,104,36,68,467600,269100,198500,saturday,H
Airport ATM,02/09/2017,54,45,9,324300,285400,38900,saturday,H
KK Nagar ATM,02/09/2017,209,121,88,1180900,758300,422600,saturday,H
Christ College ATM,02/09/2017,178,51,127,804700,250900,553800,saturday,H
Big Street ATM,03/09/2017,127,27,100,502300,126600,375700,sunday,H
Mount Road ATM,03/09/2017,9,7,2,49600,48100,1500,sunday,H
Airport ATM,03/09/2017,57,33,24,219300,151100,68200,sunday,H
KK Nagar ATM,03/09/2017,206,127,79,971400,639700,331700,sunday,H
Christ College ATM,03/09/2017,79,19,60,390900,73300,317600,sunday,H
Big Street ATM,04/09/2017,100,26,74,358000,103100,254900,monday,W
Mount Road ATM,04/09/2017,110,23,87,384700,125300,259400,monday,W
Airport ATM,04/09/2017,78,52,26,362000,292400,69600,monday,W
KK Nagar ATM,04/09/2017,169,120,49,1182900,905400,277500,monday,W
Christ College ATM,04/09/2017,265,84,181,1349000,610200,738800,monday,W
Big Street ATM,05/09/2017,121,38,83,607400,300700,306700,tuesday,W
Mount Road ATM,05/09/2017,104,38,66,406800,191300,215500,tuesday,W
Airport ATM,05/09/2017,91,70,21,532000,467000,65000,tuesday,W
KK Nagar ATM,05/09/2017,59,42,17,405900,318500,87400,tuesday,W
Christ College ATM,05/09/2017,222,83,139,1253300,659300,594000,tuesday,W
Big Street ATM,06/09/2017,136,40,96,457500,215400,242100,wednesday,W
Mount Road ATM,06/09/2017,92,35,57,274800,133900,140900,wednesday,W
Airport ATM,06/09/2017,80,57,23,515300,434900,80400,wednesday,W
KK Nagar ATM,06/09/2017,130,94,36,1011400,807600,203800,wednesday,W
Christ College ATM,06/09/2017,244,95,149,1488000,764400,723600,wednesday,W
Big Street ATM,07/09/2017,114,26,88,355700,122800,232900,thursday,W
Mount Road ATM,07/09/2017,52,23,29,161500,97600,63900,thursday,W
Airport ATM,07/09/2017,118,88,30,707000,582600,124400,thursday,W
KK Nagar ATM,07/09/2017,70,49,21,342500,243700,98800,thursday,W
Christ College ATM,07/09/2017,261,85,176,1334600,542700,791900,thursday,W
Big Street ATM,08/09/2017,143,46,97,567700,340700,227000,friday,W
Mount Road ATM,08/09/2017,57,15,42,158200,46200,112000,friday,W
Airport ATM,08/09/2017,97,64,33,512800,392100,120700,friday,W
KK Nagar ATM,08/09/2017,39,24,15,278000,215400,62600,friday,W
Christ College ATM,08/09/2017,216,69,147,1046600,352800,693800,friday,W
Big Street ATM,09/09/2017,135,30,105,552300,175600,376700,saturday,H
Mount Road ATM,09/09/2017,102,23,79,341200,139100,202100,saturday,H
Airport ATM,09/09/2017,114,73,41,682300,542200,140100,saturday,H
KK Nagar ATM,09/09/2017,95,54,41,633300,430400,202900,saturday,H
Christ College ATM,09/09/2017,232,79,153,1182900,528000,654900,saturday,H
Big Street ATM,10/09/2017,136,21,115,459800,116300,343500,sunday,H
Mount Road ATM,10/09/2017,15,10,5,82700,73200,9500,sunday,H
Airport ATM,10/09/2017,109,60,49,413400,269000,144400,sunday,H
KK Nagar ATM,10/09/2017,44,25,19,132100,76700,55400,sunday,H
Christ College ATM,10/09/2017,78,17,61,208900,70400,138500,sunday,H
Big Street ATM,11/09/2017,75,26,49,296500,113000,183500,monday,W
Mount Road ATM,11/09/2017,22,8,14,80500,30800,49700,monday,W
Airport ATM,11/09/2017,90,63,27,469000,379900,89100,monday,W
KK Nagar ATM,11/09/2017,122,73,49,836300,609800,226500,monday,W
Christ College ATM,11/09/2017,251,82,169,1413500,548900,864600,monday,W
Big Street ATM,12/09/2017,118,44,74,544800,304500,240300,tuesday,W
Mount Road ATM,12/09/2017,68,28,40,188200,127900,60300,tuesday,W
Airport ATM,12/09/2017,99,72,27,498300,391300,107000,tuesday,W
KK Nagar ATM,12/09/2017,125,79,46,902500,642400,260100,tuesday,W
Christ College ATM,12/09/2017,151,55,96,608600,298200,310400,tuesday,W
Big Street ATM,13/09/2017,110,24,86,437200,210700,226500,wednesday,W
Mount Road ATM,13/09/2017,78,38,40,367600,245500,122100,wednesday,W
Airport ATM,13/09/2017,133,93,40,849100,706700,142400,wednesday,W
KK Nagar ATM,13/09/2017,110,75,35,810800,653500,157300,wednesday,W
Christ College ATM,13/09/2017,151,57,94,696700,377000,319700,wednesday,W
Big Street ATM,14/09/2017,112,37,75,376300,199300,177000,thursday,W
Mount Road ATM,14/09/2017,92,51,41,385800,253400,132400,thursday,W
Airport ATM,14/09/2017,122,80,42,811900,673400,138500,thursday,W
KK Nagar ATM,14/09/2017,99,67,32,795400,636600,158800,thursday,W
Christ College ATM,14/09/2017,153,63,90,753300,407600,345700,thursday,W
Big Street ATM,15/09/2017,108,25,83,386300,161400,224900,friday,W
Mount Road ATM,15/09/2017,45,17,28,189900,121300,68600,friday,W
Airport ATM,15/09/2017,94,64,30,462600,365400,97200,friday,W
KK Nagar ATM,15/09/2017,111,74,37,611800,428000,183800,friday,W
Christ College ATM,15/09/2017,154,60,94,556800,242500,314300,friday,W
Big Street ATM,16/09/2017,141,31,110,474700,148400,326300,saturday,H
Mount Road ATM,16/09/2017,97,29,68,197200,62400,134800,saturday,H
Airport ATM,16/09/2017,109,82,27,631600,523400,108200,saturday,H
KK Nagar ATM,16/09/2017,74,38,36,435300,251100,184200,saturday,H
Christ College ATM,16/09/2017,185,74,111,832900,435900,397000,saturday,H
Big Street ATM,17/09/2017,125,36,89,331100,152400,178700,sunday,H
Mount Road ATM,17/09/2017,135,45,90,328000,176200,151800,sunday,H
Airport ATM,17/09/2017,95,55,40,486700,410900,75800,sunday,H
KK Nagar ATM,17/09/2017,71,42,29,281400,189700,91700,sunday,H
Christ College ATM,17/09/2017,140,35,105,489100,202900,286200,sunday,H
Big Street ATM,18/09/2017,109,48,61,454600,317700,136900,monday,W
Mount Road ATM,18/09/2017,70,34,36,141900,74100,67800,monday,W
Airport ATM,18/09/2017,101,77,24,580400,501900,78500,monday,W
KK Nagar ATM,18/09/2017,38,19,19,217600,158100,59500,monday,W
Christ College ATM,18/09/2017,204,65,139,906200,459700,446500,monday,W
Big Street ATM,19/09/2017,85,23,62,382800,204600,178200,tuesday,W
Mount Road ATM,19/09/2017,98,38,60,398600,167400,231200,tuesday,W
Airport ATM,19/09/2017,85,66,19,548200,470000,78200,tuesday,W
KK Nagar ATM,19/09/2017,53,39,14,303700,244400,59300,tuesday,W
Christ College ATM,19/09/2017,150,40,110,590500,223700,366800,tuesday,W
Big Street ATM,20/09/2017,24,10,14,120400,78800,41600,wednesday,W
Mount Road ATM,20/09/2017,81,36,45,308400,205600,102800,wednesday,W
Airport ATM,20/09/2017,77,60,17,452300,418100,34200,wednesday,W
KK Nagar ATM,20/09/2017,89,61,28,769000,604900,164100,wednesday,W
Christ College ATM,20/09/2017,109,26,83,398000,82300,315700,wednesday,W
Big Street ATM,21/09/2017,91,19,72,341600,132700,208900,thursday,W
Mount Road ATM,21/09/2017,90,27,63,312600,158500,154100,thursday,W
Airport ATM,21/09/2017,99,69,30,609900,520800,89100,thursday,W
KK Nagar ATM,21/09/2017,104,72,32,893800,742500,151300,thursday,W
Christ College ATM,21/09/2017,169,51,118,847100,357200,489900,thursday,W
Big Street ATM,22/09/2017,136,35,101,558900,260100,298800,friday,W
Mount Road ATM,22/09/2017,78,36,42,337100,204700,132400,friday,W
Airport ATM,22/09/2017,90,62,28,429700,356200,73500,friday,W
KK Nagar ATM,22/09/2017,99,72,27,606400,514600,91800,friday,W
Christ College ATM,22/09/2017,78,29,49,337700,178900,158800,friday,W
Mount Road ATM,23/09/2017,106,20,86,251100,73900,177200,saturday,H
Airport ATM,23/09/2017,121,87,34,659400,519800,139600,saturday,H
KK Nagar ATM,23/09/2017,90,38,52,583700,246000,337700,saturday,H
Christ College ATM,23/09/2017,257,67,190,1253100,446000,807100,saturday,H
Big Street ATM,24/09/2017,126,28,98,401500,160500,241000,sunday,H
Mount Road ATM,24/09/2017,92,26,66,182700,69800,112900,sunday,H
Airport ATM,24/09/2017,64,43,21,342600,278100,64500,sunday,H
KK Nagar ATM,24/09/2017,51,21,30,291500,120200,171300,sunday,H
Christ College ATM,24/09/2017,71,19,52,270700,112300,158400,sunday,H
Big Street ATM,25/09/2017,122,41,81,513800,283000,230800,monday,W
Mount Road ATM,25/09/2017,91,25,66,447400,257600,189800,monday,W
Airport ATM,25/09/2017,84,51,33,466700,358600,108100,monday,W
KK Nagar ATM,25/09/2017,146,92,54,1175200,870900,304300,monday,W
Christ College ATM,25/09/2017,174,52,122,755300,310800,444500,monday,W
Big Street ATM,26/09/2017,131,36,95,437400,162700,274700,tuesday,W
Mount Road ATM,26/09/2017,59,19,40,153800,76200,77600,tuesday,W
Airport ATM,26/09/2017,68,52,16,453900,415400,38500,tuesday,W
KK Nagar ATM,26/09/2017,91,67,24,738200,614900,123300,tuesday,W
Christ College ATM,26/09/2017,110,34,76,325300,76000,249300,tuesday,W
Big Street ATM,27/09/2017,130,40,90,511200,215000,296200,wednesday,W
Mount Road ATM,27/09/2017,63,21,42,167100,84700,82400,wednesday,W
Airport ATM,27/09/2017,100,73,27,675500,590300,85200,wednesday,W
KK Nagar ATM,27/09/2017,117,90,27,997800,872700,125100,wednesday,W
Christ College ATM,27/09/2017,149,46,103,722600,318100,404500,wednesday,W
Big Street ATM,28/09/2017,137,41,96,468600,221800,246800,thursday,W
Mount Road ATM,28/09/2017,87,28,59,317400,164900,152500,thursday,W
Airport ATM,28/09/2017,68,47,21,424700,299500,125200,thursday,W
KK Nagar ATM,28/09/2017,145,97,48,1154900,905400,249500,thursday,W
Christ College ATM,28/09/2017,187,76,111,1120300,549100,571200,thursday,W
Big Street ATM,29/09/2017,137,34,103,468800,146200,322600,friday,H
Mount Road ATM,29/09/2017,79,27,52,305100,172500,132600,friday,H
Airport ATM,29/09/2017,117,77,40,709900,576800,133100,friday,H
KK Nagar ATM,29/09/2017,76,48,28,408700,279900,128800,friday,H
Christ College ATM,29/09/2017,143,61,82,700400,364200,336200,friday,H
